0.9992290362407229 0.5409508888638256 
0.9930684569549263 0.5461219718056967 
0.1175373974578377 0.9931004287434715 
-0.831469612302545 0.6737905586554044 
-0.5555702330196023 0.8495998216376511 
-0.872496007072797 0.6429167701379654 
0.9807852804032304 0.5563702017750319 
-0.9381913359224842 0.5912476608850535 
-0.6190939493098337 0.8144045698309962 
0.9624552364536473 0.571506950450481 
0.41865973753742813 0.9136346260853577 
-0.11753739745783758 0.9931004287434715 
0.7343225094356856 0.7422848995903413 
-0.9930684569549263 0.5461219718056967 
0.619093949309834 0.8144045698309961 
0.6788007455329418 0.7783262422562228 
0.8314696123025452 0.6737905586554043 
-0.039259815759068326 0.9992294324160226 
0.19509032201612833 0.981030164163779 
-0.9992290362407229 0.5409508888638256 
-0.3461170570774927 0.9406970805484921 
-0.48862124149695507 0.8829808992033823 
-0.7343225094356857 0.7422848995903412 
-0.9624552364536472 0.571506950450481 
0.346117057077493 0.940697080548492 
-0.1950903220161282 0.981030164163779 
-0.9807852804032304 0.5563702017750319 
0.039259815759068666 0.9992294324160226 
-0.6788007455329416 0.7783262422562229 
0.785316930880745 0.7071642189168977 
-0.2714404498650744 0.9633856833748418 
0.2714404498650743 0.9633856833748418 
0.8724960070727972 0.6429167701379653 
-0.9081431738250814 0.615210661818417 
0.5555702330196023 0.8495998216376511 
0.9381913359224842 0.5912476608850535 
-0.7853169308807451 0.7071642189168976 
-0.4186597375374278 0.9136346260853578 
0.48862124149695496 0.8829808992033823 
0.9081431738250814 0.615210661818417 
