0.996917333733128 271.4056734874733 
0.9723699203976766 31.183662070084086 
0.23344536385590547 -0.6952236034048501 
-0.6494480483301835 3.9212438842079913 
-0.996917333733128 487.3362015839786 
0.7604059656000309 3.8414975582621045 
-0.3826834323650897 0.815023381488618 
-0.7604059656000309 6.3570783424400386 
0.5224985647159489 1.0407191090254349 
0.8526401643540922 6.349202391318976 
-0.9723699203976766 54.98639406918833 
0.078459095727845 -1.0169797975613046 
-0.23344536385590534 -0.22687045676535614 
-0.5224985647159488 2.186923918197423 
0.9238795325112867 11.851279272322733 
-0.8526401643540922 10.582230265385402 
-0.07845909572784487 -0.8600556232043353 
0.38268343236508984 0.030778850485832884 
-0.9238795325112867 20.297737148552553 
0.6494480483301838 2.2671581933899265 
