0.9986295347545738 2.7145590692246087 
0.9876883405951378 2.6850204400009225 
0.7771459614569709 2.17525513575603 
-0.9876883405951377 0.37243664334996884 
0.4539904997395468 1.574583038454991 
-0.7071067811865475 0.49306869139523984 
-0.25881904510252063 0.7719627008370198 
-0.9986295347545738 0.36838395278893 
-0.05233595624294362 0.9490099874512276 
-0.9659258262890683 0.3806306387076443 
-0.7771459614569709 0.45971618848859347 
-0.35836794954530027 0.6988158987032987 
0.7071067811865476 2.0281149816474726 
-0.6293203910498373 0.5329538781831535 
0.5446390350150272 1.7239859714786352 
0.3583679495453004 1.430992056499529 
-0.1564344650402308 0.8551875605488827 
0.052335956242943744 1.053729690122353 
-0.8910065241883678 0.4102426257501461 
0.838670567945424 2.3132895703266385 
0.9335804264972017 2.5436000663525693 
0.9659258262890683 2.6272188791614393 
0.8910065241883679 2.43758190210356 
-0.8386705679454239 0.43228483490668196 
0.25881904510252074 1.2953993747569994 
-0.4539904997395467 0.6350887667259631 
0.15643446504023092 1.1693341275429368 
-0.5446390350150268 0.5800511237004535 
-0.9335804264972017 0.39314356577839055 
0.6293203910498375 1.8763349718159716 
