-0.7843877171086167 0.4563990615903525 
-0.9576682137673398 0.3837867520825412 
2.959879723075666 19.29565079439595 
3.200940341613645 24.55561000589333 
4.407101795943408 82.03137499253906 
5.225695742587259 185.9905270518108 
6.265544364123656 526.1279131795109 
7.505815994150684 1818.5886171615666 
8.549606901821747 5164.72378457029 
9.701930548331319 16349.13955493873 
2.2581668269533353 9.565537798263064 
0.4966667501056392 1.6432348196347457 
3.2231732495493564 25.107666796304898 
9.768611570986504 17476.485506017514 
9.143395435743706 9352.466981257225 
4.740204951990616 114.45765760117438 
5.89409117439188 362.8868850937159 
9.973395726824233 21448.194038969894 
5.854003964113453 348.62748157938404 
0.9300937549529831 2.5347468115461425 
1.637720339890496 5.143430863088674 
6.42001071771341 614.009694870227 
0.6534419265932492 1.9221453395337065 
7.096282849262224 1207.470372824083 
8.946804296265565 7683.299038919767 
-7.082658303265248 0.0008395384316629702 
9.380087098751638 11850.046833524617 
-9.163259554285837 0.00010482067193026264 
-4.141205684568037 0.015903665136851486 
2.1512390137647692 8.595501747167562 
-9.780758209817982 5.6528919013098144e-05 
3.564097313990068 35.3075673677977 
-2.1838598156756905 0.11260605214249905 
6.061134929526965 428.8618887833158 
-4.959030993969913 0.007019726695481341 
0.6441426434762647 1.9043536191656814 
-0.29739300012218983 0.742752053348011 
3.5976169806918357 36.5111239785376 
0.8606045829448856 2.364589852336168 
3.5010761167499638 33.1511072324055 
0.7230787210580623 2.060767983928143 
-9.78815404558798 5.611238262782457e-05 
-1.3935750352438685 0.2481864414445472 
3.1281749372527905 22.832271166276303 
-2.697020268875492 0.06740606574642788 
9.546457475646612 13995.02902142042 
-5.719573498147145 0.00328111000345865 
-9.043611972355208 0.00011814333439851381 
4.879422626200039 131.55468572524143 
4.414737691655823 82.66015561356755 
-7.0319204343889785 0.0008832339579727416 
9.456838936969248 12795.373470713195 
0.8289703721374853 2.2909586905865296 
-4.267976107226758 0.014010109438231983 
-2.6845867367588605 0.06824939313449574 
9.725847426717241 16744.873433210563 
-6.91289945598045 0.000994869031621317 
-9.217699001140144 9.926683792586984e-05 
-4.657067421080987 0.009494264295486278 
-8.428167415476832 0.00021862176637404342 
-3.1968347289652854 0.0408914318145997 
-4.137177314169566 0.01596786020465955 
5.520037690238773 249.64444617116388 
-8.461766256328962 0.00021139835704768985 
-0.16978489016941012 0.8438463167126862 
1.9858663613405998 7.285356403254504 
9.026001304043149 8316.537688904547 
-3.175278531030152 0.041782464751087926 
-4.837569235005386 0.007926297620614307 
-8.289352327341785 0.0002511770906070752 
6.213467154028681 499.4298531180381 
2.743973303374503 15.548641996152655 
-4.3816437787665325 0.012504786615075324 
-2.607081359709138 0.07374947815076019 
-9.189235206896276 0.00010213294541835912 
-8.749315274992938 0.00015856986470335442 
9.71260801316378 16524.64221190869 
-7.073373834318122 0.000847369397086068 
7.423335627927003 1674.610078035487 
-4.002193698009695 0.01827550394622458 
-6.582605397748289 0.00138423810174813 
-5.505630953216986 0.0040638236891717815 
6.675408171480971 792.6709335222454 
-4.8297763086447265 0.00798830798155037 
-3.4502277263241403 0.031738407884078494 
0.6939767080896679 2.0016597433656775 
-8.675108673874487 0.00017078439006055606 
-8.273687084245175 0.0002551428217642326 
-3.005147082725772 0.04953146856924369 
-2.3552670400141746 0.09486816955443736 
8.82344260027962 6791.605208057348 
-9.774245841801278 5.68982574659301e-05 
-8.376366310120531 0.00023024506641894908 
-7.834450437005791 0.00039585980506508283 
-6.002738952915488 0.0024719722803122368 
-5.642386227948311 0.00354440055945812 
-4.805949787057068 0.008180927184462335 
-3.276322883248395 0.037766875002068656 
-2.0786743282547633 0.1250959384760716 
-1.8915817564861612 0.1508330389105898 
