0.9995065603657316 -4.997036442564495 
0.99556196460308 -4.973137004426869 
0.4539904997395468 -0.5028371099589024 
-0.9995065603657316 -8.991120034204439 
0.7901550123756903 -3.3656735606704524 
-0.9408807689542255 -7.963437180364318 
-0.09410831331851438 0.8174774296477691 
-0.33873792024529137 -0.464299458497474 
-0.960293685676943 -8.29778123032048 
-0.5090414157503713 -2.000162909051672 
0.7071067811865476 -2.616116523516816 
-0.8270805742745617 -6.118846016566611 
-0.8607420270039438 -6.644173419059333 
-0.03141075907812828 0.9587247993867686 
0.9177546256839811 -4.435053593017681 
0.8910065241883679 -4.2258180594566195 
-0.8910065241883678 -7.130972456070639 
-0.7501110696304596 -4.981070249348308 
-0.6613118653236517 -3.7786075514813495 
-0.5620833778521307 -2.577932601085511 
0.9876883405951378 -4.9243445504867545 
-0.6129070536529766 -3.1737156089463756 
0.9408807689542255 -4.606978104549133 
0.2181432413965427 0.7473014280658495 
0.09410831331851428 1.0057088191258658 
-0.21814324139654234 0.31002698653665217 
0.9759167619387474 -4.848789626675317 
0.2789911060392295 0.5144378842407524 
0.9602936856769431 -4.7439525279131045 
-0.7071067811865475 -4.383883476483184 
0.8270805742745618 -3.690634718621518 
0.5090414157503712 -0.9137210956241035 
-0.9876883405951377 -8.779599082687 
-0.7901550123756904 -5.561998876670317 
-0.27899110603922916 -0.04692483444209605 
0.6129070536529765 -1.7749186337567178 
0.5620833778521307 -1.341555291147774 
0.8607420270039436 -3.9777693712438893 
-0.99556196460308 -8.920272758458514 
-0.1564344650402308 0.5999521654284253 
-0.9759167619387473 -8.571114798178492 
0.39714789063478056 -0.12048121642247756 
-0.9177546256839809 -7.572718514176481 
0.6613118653236519 -2.2030181605685293 
0.031410759078128396 1.021546378696643 
-0.4539904997395467 -1.4493893688887858 
0.15643446504023092 0.913008462120277 
0.7501110696304596 -3.0058871997304433 
-0.3971478906347807 -0.9345371959126705 
0.3387379202452915 0.22209605799664967 
