0.0 1.0 
1.56 0.010796117058267392 
2.0 -0.4161468365471424 
3.08 -0.9981037720951457 
1.6400000000000001 -0.06914844865406217 
1.2 0.3623577544766736 
3.64 -0.878345007358874 
2.84 -0.9548646163796264 
0.84 0.6674628258413081 
2.8000000000000003 -0.9422223406686583 
3.12 -0.9997668877129283 
1.16 0.3993395294062732 
3.7600000000000002 -0.8148028117859123 
1.4000000000000001 0.16996714290024081 
0.68 0.7775727187509279 
3.2800000000000002 -0.990436984097473 
2.32 -0.6810558805071525 
1.96 -0.3794517647881545 
1.0 0.5403023058681398 
2.2 -0.5885011172553458 
0.52 0.8678191796776499 
3.88 -0.7395415287592585 
3.92 -0.7120327163983101 
0.36 0.9358968236779348 
1.68 -0.10898675223987112 
2.6 -0.8568887533689473 
0.2 0.9800665778412416 
3.56 -0.9137372031415447 
3.48 -0.9432845990484758 
0.08 0.9968017063026194 
2.16 -0.5556991462506127 
1.52 0.05077448493357918 
2.2800000000000002 -0.6512296605275459 
2.12 -0.5220081751547073 
0.88 0.6371511441985802 
3.96 -0.6833848035833362 
1.36 0.20923866589141926 
0.72 0.751805729140895 
1.44 0.13042370873814554 
2.68 -0.8953443058394921 
2.4 -0.7373937155412454 
3.16 -0.9998305895825983 
2.52 -0.81295203709989 
1.04 0.5062202572327784 
0.56 0.8472551110134161 
0.4 0.9210609940028851 
2.08 -0.4874821023343594 
3.3200000000000003 -0.9841275769785145 
1.8800000000000001 -0.3043001710598334 
0.24 0.9713379748520297 
0.32 0.9492354180824408 
2.04 -0.45217616214091194 
3.72 -0.83733440097388 
3.44 -0.9558059386176664 
0.92 0.6058201566434628 
1.24 0.32479628443877623 
2.88 -0.9659793123979747 
0.76 0.7248360107409052 
3.84 -0.7658672324346374 
0.6 0.8253356149096783 
3.04 -0.9948439033594595 
2.56 -0.8355887771314077 
3.4 -0.9667981925794611 
1.92 -0.3421496511508982 
3.8000000000000003 -0.7909677119144165 
2.48 -0.7890147472295311 
0.44 0.9047516632199634 
1.32 0.2481754516523729 
0.04 0.9992001066609779 
1.76 -0.1880768388928801 
0.28 0.9610554383107709 
2.24 -0.6203616120126798 
2.96 -0.9835573130340064 
3.2 -0.9982947757947531 
1.84 -0.2659638756089804 
0.12 0.9928086358538663 
0.16 0.9872272833756269 
2.92 -0.9755486475810826 
1.6 -0.029199522301288815 
0.96 0.5735199860724567 
2.64 -0.8768178903942815 
2.36 -0.7097925563621205 
3.6 -0.896758416334147 
1.72 -0.14865070027136365 
1.28 0.2867152096319555 
0.8 0.6967067093471654 
1.08 0.47132836417373997 
3.52 -0.9292542053441233 
0.64 0.8020957578842927 
3.24 -0.9951619033238304 
3.0 -0.9899924966004454 
2.7600000000000002 -0.9280727102093327 
1.12 0.4356824462767121 
0.48 0.8869949227792842 
3.36 -0.9762437756724099 
1.48 0.09067162446430968 
2.72 -0.912438361391958 
2.44 -0.7638152020777741 
3.68 -0.8585264337421017 
1.8 -0.2272020946930871 
