0.996917333733128 2.7099151751880792 
0.9723699203976766 2.644203591629393 
0.23344536385590547 1.2629438236251356 
-0.6494480483301835 0.5223340003346439 
-0.996917333733128 0.36901524046065237 
0.7604059656000309 2.139144463312138 
-0.3826834323650897 0.682028773350537 
-0.7604059656000309 0.46747660906063965 
0.5224985647159489 1.6862355593138167 
0.8526401643540922 2.345832065543048 
-0.9723699203976766 0.3781857052027476 
0.078459095727845 1.0816191114149023 
-0.23344536385590534 0.7918008555040988 
-0.5224985647159488 0.593036954105589 
0.9238795325112867 2.5190441714069842 
-0.8526401643540922 0.42628797461190177 
-0.07845909572784487 0.9245398767888507 
0.38268343236508984 1.4662138007571095 
-0.9238795325112867 0.39697596864348 
0.6494480483301838 1.9144838347864197 
