-0.75 0.4723665527410147 
-0.492 0.6114023658324087 
0.8840000000000001 2.420562618182531 
-0.5 0.6065306597126334 
0.506 1.6586433347503051 
0.4139999999999999 1.5128571268843944 
0.992 2.696622327353013 
0.274 1.3152148022387244 
-0.17799999999999994 0.8369424234887681 
-0.998 0.3686159363034188 
0.12200000000000011 1.1297541017803188 
0.5680000000000001 1.7647340515084595 
-0.508 0.6016977717621094 
0.30000000000000004 1.3498588075760032 
-0.31999999999999995 0.7261490370736909 
-0.25 0.7788007830714049 
0.8940000000000001 2.4448896769329567 
0.8420000000000001 2.3210043465586416 
-0.762 0.46673202886549986 
0.22999999999999998 1.2586000099294778 
0.20799999999999996 1.2312131695488677 
0.31800000000000006 1.3743762612275612 
0.6719999999999999 1.9581497063588056 
0.3360000000000001 1.3993390248109305 
0.30200000000000005 1.3525612267094824 
0.3600000000000001 1.4333294145603404 
0.040000000000000036 1.0408107741923882 
-0.33199999999999996 0.7174873228544433 
-0.08999999999999997 0.9139311852712282 
0.43599999999999994 1.5465087947493774 
0.704 2.0218238498235444 
-0.79 0.45384479528235583 
-0.774 0.4611647152086584 
0.6659999999999999 1.9464359844275911 
-0.516 0.596903392674358 
-0.47 0.6250022682827008 
-0.6519999999999999 0.5210027286033344 
-0.788 0.45475339316794017 
-0.35 0.7046880897187134 
-0.594 0.5521144043069306 
0.76 2.1382762204968184 
-0.786 0.4556638100677035 
-0.18199999999999994 0.8336013404157354 
-0.356 0.7004726202352524 
-0.36 0.697676326071031 
0.788 2.198994037259884 
0.8280000000000001 2.288736686364905 
-0.6639999999999999 0.5147880584568362 
-0.532 0.5874289361645234 
0.474 1.6064069870274604 
0.20599999999999996 1.228753203995312 
-0.856 0.42485812046192456 
0.010000000000000009 1.0100501670841682 
0.9000000000000001 2.45960311115695 
-0.958 0.3836594380436134 
-0.798 0.45022852130278923 
0.008000000000000007 1.0080320855042735 
-0.942 0.38984736042289797 
0.8500000000000001 2.339646851925991 
-0.946 0.388291085605873 
-0.02400000000000002 0.9762857097579093 
-0.37 0.6907343306373547 
0.762 2.142557052342714 
-0.42599999999999993 0.6531163421206756 
0.8260000000000001 2.2841637874154244 
0.8560000000000001 2.3537269310346614 
-0.274 0.7603320752608821 
0.46799999999999997 1.5967974026870526 
0.25 1.2840254166877414 
-0.19799999999999995 0.8203698531378311 
-0.368 0.6921171816887304 
0.20199999999999996 1.223848008111358 
-0.38 0.6838614092123558 
-0.56 0.5712090638488149 
0.96 2.611696473423118 
-0.74 0.4771139155210344 
0.948 2.580543407970643 
0.5840000000000001 1.7931968918506627 
0.714 2.0421435173290265 
-0.688 0.5025802250254284 
0.24 1.2712491503214047 
0.46599999999999997 1.5936069993484847 
0.9040000000000001 2.4694612266884906 
0.746 2.108548929987587 
-0.938 0.39140987280600653 
0.758 2.134003941758656 
0.6679999999999999 1.9503327518649614 
-0.88 0.4147829116815814 
-0.39 0.6770568744981647 
-0.388 0.678412343264104 
0.268 1.3073471400149361 
-0.618 0.539021403076357 
-0.8220000000000001 0.43955167147334756 
-0.45999999999999996 0.631283645506926 
-0.596 0.5510112789913407 
0.3740000000000001 1.4535371504568526 
-0.77 0.46301306831122807 
-0.8140000000000001 0.44308218808216776 
0.726 2.0667968637762106 
-0.714 0.4896815485857362 
-0.7 0.4965853037914095 
-0.776 0.46024330749309256 
-0.14200000000000002 0.867621256485914 
-0.89 0.4106557527523455 
-0.728 0.48287377253122976 
-0.030000000000000027 0.9704455335485082 
0.3840000000000001 1.4681454416819895 
0.16599999999999993 1.180573101723276 
0.8780000000000001 2.406082725590862 
-0.19399999999999995 0.8236579042685769 
-0.404 0.6676441212689289 
-0.526 0.5909641046815626 
-0.41000000000000003 0.6636502501363194 
0.42999999999999994 1.5372575235482813 
-0.46199999999999997 0.6300223399419123 
0.16999999999999993 1.1853048513203654 
-0.904 0.4049466293265049 
-0.040000000000000036 0.9607894391523232 
-0.31399999999999995 0.7305190281594249 
0.6240000000000001 1.8663786452864726 
-0.31799999999999995 0.7276027884145955 
0.45999999999999996 1.5840739849944818 
0.15399999999999991 1.1664908867784394 
0.5760000000000001 1.7789085463024785 
0.5660000000000001 1.761208110521743 
0.8520000000000001 2.3443308280446367 
-0.744 0.47520927168614446 
-0.784 0.4565760496233147 
-0.716 0.4887031641990795 
0.19999999999999996 1.2214027581601699 
-0.474 0.6225072525676868 
-0.72 0.4867522559599717 
0.5860000000000001 1.7967868744202729 
-0.42000000000000004 0.6570468198150567 
0.778 2.1771136810045597 
-0.41600000000000004 0.659680270484389 
-0.6579999999999999 0.5178860715528315 
-0.886 0.41230166539408875 
0.14800000000000013 1.1595128963629742 
0.51 1.6652911949458864 
-0.04399999999999993 0.9569539574730468 
-0.81 0.4448580662229411 
0.6040000000000001 1.8294218719978597 
0.9160000000000001 2.4992732759606526 
-0.986 0.3730659743671134 
0.9279999999999999 2.5294452249033177 
-0.76 0.46766642700990924 
-0.724 0.48480913576734325 
0.9199999999999999 2.5092903899362975 
0.99 2.691234472349262 
0.956 2.6012705532709526 
0.8540000000000001 2.3490241814897197 
0.13600000000000012 1.145681893594862 
-0.5700000000000001 0.5655254386995371 
0.5940000000000001 1.8112188202285728 
-0.976 0.37681534974292086 
0.6440000000000001 1.9040819949185805 
-0.9 0.4065696597405991 
0.6220000000000001 1.8626496182659291 
0.32600000000000007 1.3854153688727846 
0.536 1.7091565445052328 
0.72 2.0544332106438876 
0.694 2.0017063663879027 
0.5700000000000001 1.7682670514337353 
-0.384 0.6811314271795471 
-0.498 0.6077449349024902 
0.8220000000000001 2.275045381235993 
-0.6 0.5488116360940264 
0.754 2.1254849752831912 
0.30600000000000005 1.3579823065478926 
0.32800000000000007 1.3881889722894125 
0.6620000000000001 1.9386657912365182 
0.41999999999999993 1.5219615556186337 
0.6000000000000001 1.822118800390509 
0.3340000000000001 1.3965431435745055 
-0.236 0.7897806739328027 
0.12400000000000011 1.1320158709991752 
0.47 1.5999941932173602 
-0.06799999999999995 0.9342604735772135 
-0.99 0.3715766910220457 
0.7 2.0137527074704766 
-0.26 0.7710515858035663 
-0.46599999999999997 0.6275072840473408 
-0.602 0.5477151097137275 
0.4099999999999999 1.5068177851128535 
-0.43999999999999995 0.6440364210831414 
-0.6759999999999999 0.5086475186803138 
0.0020000000000000018 1.0020020013340003 
0.558 1.7471746543074462 
0.962 2.6169250932469144 
0.1120000000000001 1.1185128606450454 
-0.30599999999999994 0.7363866194561002 
-0.738 0.4780690982163776 
-0.32999999999999996 0.7189237334319262 
-0.51 0.6004955788122659 
-0.396 0.6730066959373864 
0.31000000000000005 1.3634251141321778 
-0.542 0.5815839205891371 
-0.522 0.593332695123052 
0.556 1.743683797019738 
-0.22999999999999998 0.794533602503334 
0.9339999999999999 2.544667517463568 
-0.782 0.45749011548373314 
-0.03200000000000003 0.9685065820791976 
0.3500000000000001 1.4190675485932573 
-0.554 0.5746466205894657 
0.9020000000000001 2.4645272398665976 
-0.696 0.49857562299121655 
-0.842 0.43084796522794205 
0.804 2.2344609202967267 
-0.882 0.4139541748712741 
0.508 1.6619639409191058 
-0.28400000000000003 0.7527666447061963 
0.504 1.655329363157055 
0.3800000000000001 1.4622845894342247 
-0.18799999999999994 0.8286147072326807 
-0.5760000000000001 0.5621424451968224 
0.19199999999999995 1.2116705169649005 
0.6460000000000001 1.9078939696124535 
0.3380000000000001 1.4021405034053207 
0.8640000000000001 2.3726322669984428 
-0.45599999999999996 0.6338138370985491 
0.794 2.2122276626587873 
-0.53 0.5886049696783552 
-0.10399999999999998 0.9012252974212048 
-0.08599999999999997 0.917594231220151 
0.278 1.3204861972090953 
0.0040000000000000036 1.004008010677342 
-0.546 0.579262231380782 
0.8960000000000001 2.44978434932766 
-0.648 0.5230909131025008 
0.8160000000000001 2.261435977986511 
0.8580000000000001 2.358439095490465 
0.3640000000000001 1.4390742141580464 
0.07600000000000007 1.078962574157284 
0.17599999999999993 1.1924380586506693 
-0.846 0.42912801555963254 
0.734 2.0833975529060256 
-0.11599999999999999 0.8904752232974726 
-0.061999999999999944 0.939882886791089 
0.9219999999999999 2.514313992644344 
-0.23399999999999999 0.7913618158955839 
-0.17999999999999994 0.8352702114112721 
-0.808 0.4457486726649602 
-0.476 0.6212634822474618 
0.46399999999999997 1.590422970440039 
0.6380000000000001 1.8926917079807228 
-0.238 0.7882026910937704 
0.45599999999999996 1.5777503447664778 
-0.482 0.61754706176468 
-0.16200000000000003 0.850441204540233 
-0.10599999999999998 0.899424648075924 
-0.732 0.480946135285778 
0.06400000000000006 1.0660923987615054 
0.6779999999999999 1.9699339218909295 
-0.914 0.4009173430419921 
-0.628 0.5336580505029906 
0.014000000000000012 1.0140984589384923 
0.09800000000000009 1.1029627851085078 
0.8440000000000001 2.3256510003566726 
0.17999999999999994 1.1972173631218102 
0.8180000000000001 2.265963375831196 
0.6759999999999999 1.9659979912897256 
-0.866 0.42063071153031245 
0.798 2.221094294751435 
0.08000000000000007 1.0832870676749586 
0.494 1.6388585607937585 
0.052000000000000046 1.0533757425133647 
-0.33599999999999997 0.7146231058160574 
0.30400000000000005 1.3552690560896719 
-0.504 0.6041093828558647 
-0.95 0.38674102345450123 
-0.64 0.5272924240430485 
0.498 1.645427123404073 
-0.376 0.686602333042301 
-0.5820000000000001 0.5587796888828462 
0.9060000000000001 2.4744050913585824 
0.55 1.7332530178673953 
0.08200000000000007 1.085455809829549 
-0.994 0.37009335291196127 
-0.13 0.8780954309205613 
-0.22199999999999998 0.8009153643346592 
0.244 1.2763443304894546 
0.6580000000000001 1.9309266167394628 
0.28 1.3231298123374369 
-0.96 0.38289288597511206 
-0.844 0.4299871304192398 
-0.9359999999999999 0.392193475893505 
-0.402 0.6689807456903467 
-0.636 0.5294058177086945 
0.9180000000000001 2.504276824393157 
0.15599999999999992 1.168826203089869 
-0.016000000000000014 0.9841273200552851 
0.31600000000000006 1.371630255626043 
-0.18599999999999994 0.8302735949819328 
0.23399999999999999 1.2636444922077779 
0.6480000000000001 1.9117135758847486 
0.782 2.185839575883813 
0.028000000000000025 1.028395684421425 
0.06600000000000006 1.0682267171659934 
0.22399999999999998 1.2510710194283623 
0.4179999999999999 1.5189206744022399 
-0.41400000000000003 0.6610009512659124 
0.43999999999999995 1.552707218511336 
-0.276 0.7588129307612413 
-0.10999999999999999 0.8958341352965282 
0.15000000000000013 1.1618342427282833 
0.6300000000000001 1.8776105792643434 
0.724 2.062667400888034 
0.526 1.6921501527387082 
0.40200000000000014 1.4948113326760428 
-0.041999999999999926 0.9588697805724846 
0.768 2.155451037931604 
-0.406 0.6663101674248864 
-0.536 0.5850839135917069 
0.266 1.304735058686928 
-0.494 0.6101807830906798 
0.56 1.7506725002961012 
0.488 1.6290548499725743 
-0.926 0.39613508585555535 
-0.28600000000000003 0.751262615946886 
0.3780000000000001 1.4593629428757968 
0.04800000000000004 1.0491706553244706 
0.748 2.1127702477582266 
-0.19999999999999996 0.8187307530779819 
0.13800000000000012 1.1479755502741789 
-0.916 0.40011630965630496 
0.716 2.0462318913749393 
0.8620000000000001 2.3678917445670513 
0.54 1.7160068621848585 
-0.05399999999999994 0.9474321065017983 
-0.876 0.41644536602038007 
0.98 2.664456241929417 
0.20399999999999996 1.2262981534562105 
0.254 1.2891718042678042 
0.6180000000000001 1.8552139011414013 
0.3860000000000001 1.4710846708147434 
0.6140000000000001 1.8478078674788696 
0.21199999999999997 1.2361478850785035 
-0.552 0.5757970638904645 
0.52 1.6820276496988864 
0.27 1.3099644507332473 
0.512 1.668625110139667 
0.996 2.7074304184338023 
0.1260000000000001 1.134282168283025 
0.994 2.7020209688496686 
-0.31599999999999995 0.7290594501676239 
-0.556 0.5734984758757153 
0.03400000000000003 1.034584606728118 
0.3580000000000001 1.4304656204798982 
0.272 1.3125870013111083 
0.8820000000000001 2.4157263308455983 
0.242 1.2737941928161949 
0.8600000000000001 2.363160693705795 
-0.392 0.675704113960626 
0.77 2.159766253784915 
0.976 2.6538197042191665 
-0.83 0.4360492863215356 
0.3700000000000001 1.4477346146633245 
0.1140000000000001 1.1207521248841532 
0.18399999999999994 1.2020158230963014 
0.3480000000000001 1.4162322497400237 
-0.9339999999999999 0.39297864775543 
-0.712 0.4906618916992401 
0.5880000000000001 1.8003840441397765 
-0.07799999999999996 0.9249644265435393 
0.9359999999999999 2.5497619452281173 
-0.05599999999999994 0.9455391358903963 
0.9319999999999999 2.5395832683724815 
0.8360000000000001 2.3071200151265554 
-0.27 0.7633794943368531 
0.482 1.6193097853019272 
-0.982 0.3745612267757298 
0.79 2.203396426255937 
-0.09199999999999997 0.9121051495450905 
0.02200000000000002 1.0222437844704382 
-0.614 0.5411818066152029 
-0.6619999999999999 0.5158186648365942 
-0.706 0.4936147126538418 
0.10200000000000009 1.1073834717279334 
-0.794 0.45203304202341466 
-0.73 0.48190899009020244 
-0.40800000000000003 0.6649788788224019 
-0.33999999999999997 0.7117703227626098 
-0.09399999999999997 0.910282762240767 
0.10400000000000009 1.1096004549155827 
0.738 2.091747832543221 
-0.6819999999999999 0.5056047709396915 
-0.28200000000000003 0.754273684533089 
-0.136 0.8728426324887193 
-0.772 0.4620879675837 
-0.6719999999999999 0.5106861833661879 
0.8800000000000001 2.41089970641721 
-0.07199999999999995 0.9305308958112057 
-0.9299999999999999 0.39455371037160114 
0.3400000000000001 1.404947590563594 
-0.30199999999999994 0.7393380648895319 
-0.248 0.7803599432780343 
-0.10199999999999998 0.9030295516688769 
-0.544 0.5804219151407424 
0.43399999999999994 1.5434188681164869 
0.478 1.612845483383623 
-0.43199999999999994 0.6492093766851474 
0.964 2.6221641807745737 
0.08800000000000008 1.0919881220281975 
-0.22799999999999998 0.7961242598354538 
0.958 2.6064783003886967 
-0.17199999999999993 0.8419791731685 
-0.588 0.5554370486980182 
-0.874 0.41727909019869114 
0.30800000000000005 1.3607009889371502 
-0.364 0.6948911947429106 
-0.44599999999999995 0.6401837720616471 
-0.968 0.3798419628513787 
-0.764 0.46579949764982825 
-0.806 0.44664106210226434 
-0.622 0.5368696238914595 
-0.028000000000000025 0.9723883668012469 
0.938 2.554866572043847 
-0.18399999999999994 0.8319358038266718 
-0.952 0.38596831437424217 
0.812 2.2524083014645075 
0.32200000000000006 1.3798847759572466 
-0.126 0.8816148467834161 
-0.08199999999999996 0.9212719586963487 
-0.5680000000000001 0.5666576213822246 
0.702 2.017784243077179 
-0.604 0.5466207741945976 
0.18199999999999994 1.1996141938798683 
-0.20399999999999996 0.8154623711872927 
0.43799999999999994 1.5496049074195088 
-0.962 0.38212786547866506 
0.21999999999999997 1.2460767305873808 
-0.19599999999999995 0.8220122346781866 
0.8980000000000001 2.454688820863027 
0.016000000000000014 1.016128685406095 
-0.34199999999999997 0.7103482047091773 
-0.974 0.37756973457577797 
0.8480000000000001 2.334972234397873 
-0.888 0.41147788611717057 
0.5800000000000001 1.7860384307500734 
0.9080000000000001 2.4793588536523394 
0.05600000000000005 1.0575976837366112 
-0.5800000000000001 0.559898366565402 
-0.972 0.3783256296880768 
0.6839999999999999 1.9817890552569946 
-0.6679999999999999 0.5127330190418905 
0.712 2.038063311859906 
-0.87 0.418951549247639 
-0.852 0.4265609563450914 
0.6799999999999999 1.9738777322304475 
-0.45799999999999996 0.6325474762073634 
0.14200000000000013 1.152576648537005 
-0.29600000000000004 0.7437874280201796 
-0.15000000000000002 0.8607079764250578 
-0.23199999999999998 0.7929461233066837 
-0.09799999999999998 0.9066489037539209 
-0.42799999999999994 0.651811414798732 
-0.69 0.5015760690660556 
0.28800000000000003 1.3337573041233846 
0.15799999999999992 1.1711661947076695 
0.94 2.5599814183292713 
-0.612 0.5422652533139832 
-0.984 0.3738128529454665 
-0.20999999999999996 0.8105842459701871 
0.5820000000000001 1.789614082071011 
-0.52 0.5945205479701944 
-0.21999999999999997 0.8025187979624785 
-0.642 0.5262388930771054 
-0.484 0.6163132019122897 
-0.12 0.8869204367171575 
-0.256 0.7741419687922484 
-0.41200000000000003 0.6623242760521222 
-0.872 0.41811448349391933 
0.3760000000000001 1.4564471337710863 
0.15200000000000014 1.1641602364321124 
0.5920000000000001 1.8076000026120047 
-0.562 0.5700677873780134 
0.32400000000000007 1.3826473071194796 
0.718 2.050328450351146 
-0.04999999999999993 0.9512294245007141 
-0.752 0.4714227637391309 
-0.778 0.45932374075137034 
-0.16400000000000003 0.8487420218802068 
0.9299999999999999 2.5345091776178545 
0.018000000000000016 1.0181629763897937 
0.784 2.190215629630643 
0.02400000000000002 1.0242903178906215 
-0.924 0.39692814882588245 
-0.132 0.8763409950793732 
-0.018000000000000016 0.9821610323583007 
0.14000000000000012 1.1502737988572274 
-0.43399999999999994 0.6479122554853507 
-0.902 0.40575733301861544 
0.42799999999999994 1.5341860809675796 
0.28400000000000003 1.3284329307527947 
-0.512 0.5992957878455384 
-0.051999999999999935 0.9493288668428896 
0.1100000000000001 1.1162780704588715 
-0.892 0.40983526201107895 
0.256 1.291752727939704 
0.8880000000000001 2.430264259001381 
-0.06599999999999995 0.9361308642916188 
0.42399999999999993 1.528061593784057 
0.514 1.6719656998361128 
-0.996 0.369353905899632 
-0.272 0.7618542610898376 
0.22799999999999998 1.256085325432344 
0.3920000000000001 1.4799377114022887 
0.1280000000000001 1.1365530026970605 
-0.992 0.37083428029819565 
-0.472 0.6237535129177522 
0.548 1.7297899760278472 
0.744 2.104336046415478 
-0.06399999999999995 0.9380049995307296 
0.81 2.2479079866764717 
0.6819999999999999 1.9778294380835262 
0.942 2.5651065045437824 
-0.41800000000000004 0.6583622284248272 
-0.756 0.46954083904279925 
0.8300000000000001 2.293318740264183 
0.49 1.632316219955379 
0.6859999999999999 1.985756599589326 
-0.6559999999999999 0.5189228801589404 
0.21799999999999997 1.243587067619062 
0.528 1.69553783960182 
0.6320000000000001 1.8813695581487635 
0.954 2.59607321123889 
0.8720000000000001 2.391689452237172 
0.1160000000000001 1.122995872133255 
-0.912 0.401719980097586 
-0.832 0.4351780592663567 
0.6420000000000001 1.900277636555226 
-0.812 0.44396923921378006 
-0.32599999999999996 0.7218051874317158 
0.5740000000000001 1.7753542846562735 
0.484 1.6225516456522613 
-0.758 0.46860269582065023 
-0.768 0.4639400210916467 
0.3720000000000001 1.4506329812931589 
0.6260000000000001 1.8701151378240857 
0.8700000000000001 2.386910853524277 
0.46199999999999997 1.5872453032255958 
0.3540000000000001 1.4247551864798884 
0.07800000000000007 1.0811226586700833 
0.5 1.6487212707001282 
-0.838 0.43257480847288665 
-0.18999999999999995 0.8269591339433624 
0.534 1.705741647451575 
0.6120000000000001 1.8441159448971345 
-0.848 0.4282706172126597 
-0.78 0.4584060113052235 
-0.42399999999999993 0.6544238819088586 
-0.17399999999999993 0.8402968976584315 
0.6640000000000001 1.9425470027367544 
-0.524 0.5921472156074813 
0.732 2.0792349218188444 
0.3420000000000001 1.4077602975141026 
0.3520000000000001 1.4219085237185776 
0.766 2.1511444438853182 
-0.354 0.701874967355394 
-0.24 0.7866278610665535 
-0.626 0.5347264346319975 
-0.85 0.4274149319487267 
0.28200000000000003 1.325778719986792 
-0.266 0.7664391275010192 
0.736 2.087568517586196 
0.062000000000000055 1.0639623447280337 
-0.29200000000000004 0.7467685359733571 
0.974 2.648517368913479 
-0.59 0.5543272847345071 
-0.864 0.42147281477591764 
0.17799999999999994 1.1948253212348008 
-0.14800000000000002 0.8624311149420454 
-0.534 0.5862552523672196 
-0.6699999999999999 0.5117085777865426 
0.238 1.2687091928249108 
0.39800000000000013 1.4888440299072778 
0.756 2.1297401990391056 
-0.29000000000000004 0.7482635675785652 
-0.11199999999999999 0.8940442575003573 
0.728 2.070934593854598 
-0.366 0.6935028012097558 
0.19599999999999995 1.2165269053343162 
0.524 1.6887692344784637 
0.16799999999999993 1.1829366106478107 
0.9239999999999999 2.5193476526117133 
0.3320000000000001 1.3937528485125168 
-0.44999999999999996 0.6376281516217733 
-0.954 0.3851971491677552 
0.542 1.7194423102121061 
0.06800000000000006 1.0703653084787745 
0.546 1.7263338533505097 
0.952 2.590886253503134 
-0.63 0.5325918010068972 
-0.624 0.535796957667456 
0.562 1.7541773489770915 
0.3820000000000001 1.46521208513296 
0.07200000000000006 1.0746553440638138 
-0.5660000000000001 0.5677920706961532 
0.19399999999999995 1.214096282956233 
0.988 2.685857382286989 
-0.30799999999999994 0.7349153180090687 
0.73 2.0750806076741224 
0.8 2.225540928492468 
0.03200000000000003 1.0325175053051185 
-0.44399999999999995 0.6414654208273199 
-0.43799999999999994 0.6453257828572946 
-0.386 0.679770525680321 
0.71 2.0339912586467506 
0.69 1.9937155332430823 
-0.966 0.38060240696771647 
0.17199999999999993 1.1876778332139057 
-0.896 0.4081991952779227 
0.722 2.0585461886722114 
0.3660000000000001 1.4419552426545161 
-0.488 0.6138528730428171 
-0.5720000000000001 0.5643955181193583 
0.04400000000000004 1.0449823548884438 
-0.44799999999999995 0.6389046840319162 
0.48 1.6160744021928934 
-0.05999999999999994 0.9417645335842487 
-0.898 0.4073836127417638 
-0.32799999999999996 0.7203630197053014 
0.8860000000000001 2.4254085877731635 
0.15999999999999992 1.17351087099181 
-0.486 0.6150818073135287 
0.946 2.575387478802513 
0.04200000000000004 1.0428944787507632 
-0.826 0.43779697651695965 
0.29400000000000004 1.3417839036669714 
-0.6859999999999999 0.5035863913063715 
0.45799999999999996 1.5809090030614197 
-0.21799999999999997 0.8041254416665596 
0.32000000000000006 1.3771277643359572 
-0.08799999999999997 0.9157608767233256 
-0.6499999999999999 0.522045776761016 
-0.91 0.40252422403363597 
0.4119999999999999 1.5098344363287448 
0.40400000000000014 1.497803946958139 
-0.07599999999999996 0.9268162065593822 
-0.718 0.4877267346257312 
0.696 2.0057137852036884 
-0.61 0.5433508690744998 
-0.45199999999999996 0.6363541697250871 
-0.33799999999999997 0.7131952878982822 
0.026000000000000023 1.026340948473442 
-0.598 0.5499103577216016 
0.53 1.6989323086185506 
0.248 1.2814599321940212 
0.774 2.168422619990648 
0.020000000000000018 1.0202013400267558 
0.998 2.7128506977432196 
0.8200000000000001 2.270499837532406 
-0.262 0.7695110237075758 
-0.42200000000000004 0.6557340393934417 
-0.978 0.37606247217196515 
-0.15400000000000003 0.8572720210114574 
-0.246 0.7819222249254772 
-0.382 0.6824950532053901 
-0.6659999999999999 0.5137595112299984 
-0.722 0.485779724303885 
0.44199999999999995 1.5558157404341075 
-0.010000000000000009 0.990049833749168 
-0.858 0.4240092533710473 
-0.29999999999999993 0.7408182206817179 
-0.592 0.5532197380808739 
0.258 1.2943388186242377 
-0.988 0.3723205880531552 
0.20999999999999996 1.2336780599567432 
-0.518 0.5957107789003212 
-0.362 0.696282367841771 
-0.868 0.41979029080811425 
0.698 2.0097292268772886 
0.13000000000000012 1.138828383324622 
0.8320000000000001 2.2979099674414796 
0.496 1.6421395578187052 
-0.31199999999999994 0.7319815282283126 
0.252 1.2865960372848406 
-0.964 0.38136437349418956 
-0.9319999999999999 0.39376539153247003 
0.4159999999999999 1.5158858688705688 
-0.0040000000000000036 0.9960079893439915 
0.45199999999999996 1.571451948577649 
0.6280000000000001 1.8738591108247435 
0.01200000000000001 1.0120722888660778 
-0.128 0.8798533791446438 
-0.10799999999999998 0.8976275964304349 
-0.956 0.38442752475037856 
0.786 2.194600444242912 
0.1180000000000001 1.1252441113673424 
0.6540000000000001 1.9232183371094684 
0.75 2.117000016612675 
0.44399999999999995 1.5589304856219153 
0.21599999999999997 1.2411023790006717 
-0.32399999999999995 0.7232502423798425 
0.516 1.6753129773975874 
-0.138 0.8710986917457983 
-0.766 0.46486882963276827 
0.522 1.6853950712974088 
0.984 2.6751354109963805 
0.9259999999999999 2.5243913899730526 
0.9140000000000001 2.4942797246245845 
-0.21199999999999997 0.8089646975664999 
-0.698 0.49757946823204485 
-0.268 0.764907781102864 
0.39600000000000013 1.48586931755139 
0.3560000000000001 1.427607548263845 
0.776 2.1727638049685454 
-0.124 0.8833798408827509 
-0.586 0.5565490344104649 
-0.398 0.6716620276620098 
0.6520000000000001 1.9193757443089141 
0.3880000000000001 1.4740297842881418 
0.44599999999999995 1.562051466533744 
0.22199999999999998 1.2485713778642835 
0.5780000000000001 1.7824699235852406 
-0.55 0.5769498103804866 
-0.278 0.7572968215143355 
0.6360000000000001 1.8889101074258499 
0.09400000000000008 1.0985597459171739 
-0.908 0.40333007806711874 
0.8340000000000001 2.30251038626171 
0.6080000000000001 1.83675421439419 
0.28600000000000003 1.3310924552522918 
-0.348 0.7060988762143844 
-0.038000000000000034 0.9627129408911995 
-0.54 0.5827482523739896 
-0.14 0.8693582353988059 
-0.258 0.772595232106928 
0.692 1.997706954400252 
-0.708 0.49262846980013547 
0.31400000000000006 1.3688897365473758 
-0.8160000000000001 0.44219690927989863 
-0.16799999999999993 0.8453538346846587 
-0.244 0.7834876342628625 
0.6699999999999999 1.9542373206359394 
-0.30399999999999994 0.7378608664505912 
-0.86 0.4231620823177488 
-0.548 0.5781048646705196 
-0.19199999999999995 0.8253068684916824 
0.6160000000000001 1.8515071812945385 
-0.84 0.43171052342907973 
-0.616 0.5401005246443706 
-0.802 0.4484312042481095 
-0.638 0.528348064179391 
-0.98 0.37531109885139957 
-0.48 0.6187833918061408 
0.968 2.6326738428088614 
-0.6779999999999999 0.5076312402601327 
-0.15600000000000003 0.8555591903710185 
-0.506 0.6029023715038421 
-0.6799999999999999 0.5066169923655897 
0.6060000000000001 1.8330843770260488 
0.1060000000000001 1.1118218765065309 
-0.122 0.8851483685026271 
0.3440000000000001 1.4105786355076786 
-0.15200000000000002 0.8589882807411234 
0.18599999999999994 1.2044222603776296 
-0.06999999999999995 0.9323938199059483 
-0.608 0.5444386582392171 
-0.014000000000000012 0.9860975442628619 
-0.8180000000000001 0.44131339926585617 
0.8400000000000001 2.316366976781092 
0.3460000000000001 1.4134026158176771 
-0.496 0.6089616410728969 
0.05800000000000005 1.0597149957102876 
0.6340000000000001 1.8851360625139248 
-0.134 0.874590064603334 
-0.922 0.39772279950933415 
0.29000000000000004 1.336427488025472 
0.554 1.7401999144695428 
0.986 2.6804910356578264 
0.538 1.7125782781873475 
0.17399999999999993 1.1900555658203626 
-0.6599999999999999 0.5168513344916993 
-0.5780000000000001 0.5610192838421705 
0.08600000000000008 1.0898063283051287 
0.246 1.2788995735417383 
0.8240000000000001 2.2796000251241386 
0.29200000000000004 1.3391030176392937 
-0.836 0.4334408238165043 
-0.94 0.39062783535852114 
-0.704 0.494602929967057 
0.5720000000000001 1.7718071244295743 
0.808 2.243416663523379 
0.966 2.627413756962452 
-0.646 0.5241381418083354 
-0.01200000000000001 0.9880717128619305 
0.742 2.100131580190361 
0.44999999999999996 1.5683121854901687 
-0.6739999999999999 0.5096658316912477 
0.16199999999999992 1.1758602413209995 
0.806 2.2389343140399323 
-0.17599999999999993 0.838617983337074 
-0.372 0.6893542425242224 
-0.21599999999999997 0.8057353018734796 
0.31200000000000006 1.36615469302948 
-0.6839999999999999 0.5045945719335512 
-0.020000000000000018 0.9801986733067553 
-0.15800000000000003 0.8538497819684817 
-0.352 0.7032801219763409 
0.982 2.669790486880145 
0.40600000000000014 1.5008025524580202 
0.6600000000000001 1.9347923344020317 
0.486 1.6257999962113414 
0.6739999999999999 1.9620699246831081 
0.6020000000000001 1.825766684659598 
-0.528 0.5897833576128504 
0.8740000000000001 2.3964776177110654 
0.8380000000000001 2.3117388724745376 
-0.478 0.620022196981994 
-0.694 0.499573772053545 
0.544 1.7228846360108874 
0.8760000000000001 2.4012753690986246 
-0.92 0.39851904108451414 
-0.692 0.5005739194116278 
-0.44199999999999995 0.6427496354555312 
-0.254 0.775691802046476 
0.944 2.570241851187732 
0.14400000000000013 1.1548841085249137 
-0.118 0.8886960526146174 
-0.45399999999999996 0.6350827332459282 
-0.04799999999999993 0.9531337870775048 
0.29600000000000004 1.3444701568320527 
0.39400000000000013 1.4829005486747533 
0.05400000000000005 1.05548460215508 
-0.0020000000000000018 0.9980019986673331 
0.26 1.2969300866657718 
-0.46399999999999997 0.6287635544670984 
-0.09999999999999998 0.9048374180359596 
-0.736 0.4790261931887511 
-0.08399999999999996 0.9194312560951247 
0.688 1.9897320869507038 
0.8140000000000001 2.256917625888753 
0.07400000000000007 1.0768068054962199 
0.13200000000000012 1.1411083192672353 
-0.21399999999999997 0.8073483850226815 
-0.944 0.38906844487723635 
-0.20799999999999996 0.8122070367119391 
-0.30999999999999994 0.7334469562242893 
-0.008000000000000007 0.9920319148370607 
-0.344 0.7089289280495108 
-0.28 0.7557837414557255 
-0.502 0.6053188106462243 
-0.884 0.4131270938782182 
0.706 2.0258715438680044 
0.796 2.2166565453905425 
0.276 1.3178478640273033 
0.552 1.736722992721326 
0.18999999999999995 1.2092495976572515 
0.42599999999999993 1.5311207751332472 
0.1200000000000001 1.1274968515793757 
0.19799999999999995 1.2189623938216427 
-0.97 0.37908303810339883 
-0.29799999999999993 0.7423013397477745 
-0.854 0.4257086869858502 
-0.32199999999999995 0.7246981903299029 
0.792 2.2078076288406328 
0.476 1.6096230159584366 
0.532 1.7023335733667813 
0.236 1.2661743101668799 
-0.22399999999999998 0.7993151343693652 
0.972 2.643225627680798 
-0.20599999999999996 0.8138330762829208 
0.97 2.6379444593541526 
-0.11399999999999999 0.8922579558824083 
0.1080000000000001 1.1140477453864677 
0.3620000000000001 1.436198941960352 
-0.834 0.4343085729239951 
0.006000000000000005 1.006018036054065 
-0.026000000000000023 0.9743350896087493 
-0.71 0.4916441974609651 
0.45399999999999996 1.5745979974750186 
0.9100000000000001 2.484322533384817 
-0.796 0.45112987940304233 
-0.374 0.6879769118289795 
-0.07399999999999995 0.9286716938412872 
-0.49 0.6126263941844161 
-0.6539999999999999 0.5199617644572618 
0.9120000000000001 2.4892961504107403 
0.74 2.0959355144943643 
-0.754 0.47048086042893056 
0.708 2.0299273414013412 
-0.09599999999999997 0.9084640160687062 
-0.16600000000000004 0.8470462341893996 
-0.634 0.5304656888619749 
-0.28800000000000003 0.7497615922390413 
0.09600000000000009 1.100759063993979 
0.802 2.2299964644001817 
0.4079999999999999 1.5038071611701118 
0.6400000000000001 1.8964808793049517 
0.8680000000000001 2.382141802457978 
-0.264 0.7679735396567061 
-0.07999999999999996 0.9231163463866359 
0.6500000000000001 1.9155408290138962 
0.08400000000000007 1.0876288938088263 
-0.03600000000000003 0.964640293483123 
0.09200000000000008 1.096364822080817 
-0.726 0.483840486467991 
-0.358 0.6990730750065257 
-0.006000000000000005 0.9940179640539353 
-0.14400000000000002 0.865887748059205 
0.5960000000000001 1.8148448827228367 
-0.8 0.44932896411722156 
-0.14600000000000002 0.8641577031846427 
0.22599999999999998 1.2535756652781869 
0.3900000000000001 1.4769807938826427 
0.0 1.0 
0.33000000000000007 1.3909681284637803 
0.8660000000000001 2.3773822799620654 
-0.9279999999999999 0.39534360742609986 
0.030000000000000027 1.030454533953517 
-0.606 0.5455286251592933 
-0.948 0.38751527949936976 
-0.584 0.5576632463197913 
-0.62 0.5379444375946745 
-0.346 0.7075124871065017 
-0.748 0.4733122312097393 
-0.03400000000000003 0.9665715046375066 
0.18799999999999994 1.2068335153496053 
0.5640000000000001 1.7576892143698168 
-0.02200000000000002 0.97824023505121 
0.492 1.6355841192052398 
0.44799999999999995 1.5651786956535216 
-0.514 0.5980983940627613 
-0.4 0.6703200460356393 
-0.242 0.7850561775518295 
-0.378 0.6852305006658703 
0.06000000000000005 1.0618365465453596 
0.8900000000000001 2.435129651289875 
-0.632 0.5315276818787179 
-0.43599999999999994 0.6466177259354396 
0.6200000000000001 1.8589280418463423 
0.95 2.585709659315846 
-0.5740000000000001 0.5632678551220046 
-0.558 0.5723526251566332 
-0.702 0.49559312569265146 
-0.862 0.42231660391334386 
0.21399999999999997 1.2386226547934522 
0.264 1.3021281963008942 
0.40000000000000013 1.4918246976412706 
0.978 2.6591326548072094 
0.29800000000000004 1.347161787879554 
-0.538 0.5839149151526287 
0.6100000000000001 1.8404313987816376 
-0.828 0.4369222575744412 
-0.29400000000000004 0.7452764914432886 
-0.894 0.4090164106114069 
0.764 2.146846454419676 
0.43199999999999994 1.5403351151611269 
0.8920000000000001 2.440004784100221 
0.16399999999999992 1.178214315092722 
0.772 2.1640901087061213 
-0.20199999999999996 0.8170949279422367 
-0.5640000000000001 0.5689287911791218 
0.10000000000000009 1.1051709180756477 
0.050000000000000044 1.0512710963760241 
0.03600000000000003 1.0366558464909237 
-0.878 0.4156133076240884 
0.752 2.121238253470012 
-0.906 0.4041375454214515 
-0.252 0.7772447380689461 
-0.804 0.44753523810441237 
-0.792 0.4529380127765577 
-0.8240000000000001 0.4386734466479678 
0.09000000000000008 1.0941742837052104 
0.038000000000000034 1.0387312328784977 
-0.22599999999999998 0.7977181016656743 
-0.46799999999999997 0.6262535236575559 
0.8460000000000001 2.330306956761806 
-0.394 0.6743540562404442 
0.472 1.603197383726574 
-0.918 0.3993168767363899 
0.518 1.6786669562132053 
0.6560000000000001 1.9270686227859353 
-0.644 0.5251874670674361 
0.502 1.6520220128834644 
-0.16999999999999993 0.8436648165963837 
0.14600000000000013 1.1571961880507964 
-0.42999999999999994 0.6505090947233166 
0.3680000000000001 1.4448420389738792 
-0.04599999999999993 0.9550419621907147 
-0.8200000000000001 0.44043165450599925 
-0.742 0.4761606412819894 
-0.746 0.4742598029280199 
0.42199999999999993 1.5250085246832794 
0.5900000000000001 1.8039884153978571 
0.262 1.2995265424293818 
0.23199999999999998 1.2611197288283293 
0.78 2.181472265498201 
0.07000000000000006 1.0725081812542165 
-0.33399999999999996 0.7160537822272085 
-0.734 0.479985204266536 
-1.0 0.36787944117144233 
0.13400000000000012 1.143392819644647 
0.5980000000000001 1.8184782045990515 
0.04600000000000004 1.0470744109569372 
-0.05799999999999994 0.9436499474367985 
-0.16000000000000003 0.8521437889662113 
