0.9986295347545738 -2.4993002153887045 
0.9876883405951378 -2.492672291665541 
0.7771459614569709 -2.025874555666117 
-0.9876883405951377 -4.444177928854077 
0.4539904997395468 -0.4169090753107938 
-0.7071067811865475 -2.922588984322123 
-0.25881904510252063 0.07415380854505375 
-0.9986295347545738 -4.49382773755826 
-0.05233595624294362 0.9177743009434871 
-0.9659258262890683 -4.343415919656658 
-0.7771459614569709 -3.3483795299667403 
-0.35836794954530027 -0.5455089299197372 
0.7071067811865476 -1.744077682344544 
-0.6293203910498373 -2.41738020704384 
0.5446390350150272 -0.9237581368710787 
0.3583679495453004 0.10013062632227188 
-0.1564344650402308 0.5856209995051767 
0.052335956242943744 1.0221610778776178 
-0.8910065241883678 -3.975138953210307 
0.838670567945424 -2.2253822837490165 
0.9335804264972017 -2.4330787957712756 
0.9659258262890683 -2.4740267269309273 
0.8910065241883679 -2.355669451930806 
-0.8386705679454239 -3.6972700987241898 
0.25881904510252074 0.5614706562243499 
-0.4539904997395467 -1.201708405328529 
0.15643446504023092 0.8911992637975537 
-0.5446390350150268 -1.8377602017985155 
-0.9335804264972017 -4.188569550738939 
0.6293203910498375 -1.374390407711252 
