0.9986295347545738 0.5414550048558069 
0.9876883405951378 0.5506210001411576 
0.7771459614569709 0.7129178264723156 
-0.9876883405951377 0.5506210001411577 
0.4539904997395468 0.8987042077187312 
-0.7071067811865475 0.7602445970756302 
-0.25881904510252063 0.9666929047107743 
-0.9986295347545738 0.5414550048558069 
-0.05233595624294362 0.998630786413845 
-0.9659258262890683 0.5686555578844954 
-0.7771459614569709 0.7129178264723156 
-0.35836794954530027 0.9364705063234823 
0.7071067811865476 0.7602445970756301 
-0.6293203910498373 0.8084277097306211 
0.5446390350150272 0.8553143658450031 
0.3583679495453004 0.9364705063234822 
-0.1564344650402308 0.987789061484321 
0.052335956242943744 0.998630786413845 
-0.8910065241883678 0.6286295663699929 
0.838670567945424 0.6684521881492742 
0.9335804264972017 0.5949600151940478 
0.9659258262890683 0.5686555578844954 
0.8910065241883679 0.6286295663699928 
-0.8386705679454239 0.6684521881492742 
0.25881904510252074 0.9666929047107743 
-0.4539904997395467 0.8987042077187313 
0.15643446504023092 0.987789061484321 
-0.5446390350150268 0.8553143658450033 
-0.9335804264972017 0.5949600151940478 
0.6293203910498375 0.8084277097306208 
