0.996917333733128 -4.9813904950842005 
0.9723699203976766 -4.8254340842613015 
0.23344536385590547 0.695111081771209 
-0.6494480483301835 -3.62701158156594 
-0.996917333733128 -8.944587971529325 
0.7604059656000309 -3.0988655673903516 
-0.3826834323650897 -0.812463569719259 
-0.7604059656000309 -5.128138411079073 
0.5224985647159489 -1.0195430987202987 
0.8526401643540922 -3.909628983152813 
-0.9723699203976766 -8.508725483099406 
0.078459095727845 1.016979560329935 
-0.23344536385590534 0.2268337378819708 
-0.5224985647159488 -2.142425529509563 
0.9238795325112867 -4.481452026324077 
-0.8526401643540922 -6.5161876409097985 
-0.07845909572784487 0.8600554225787438 
0.38268343236508984 -0.030682180788361046 
-0.9238795325112867 -7.6754022231683035 
0.6494480483301838 -2.097040956259789 
