0.9986295347545738 -4.991754716734411 
0.9876883405951378 -4.9243445504867545 
0.7771459614569709 -3.2494133356257855 
-0.9876883405951377 -8.779599082687 
0.4539904997395468 -0.5028371099589024 
-0.7071067811865475 -4.383883476483184 
-0.25881904510252063 0.07912117182388856 
-0.9986295347545738 -8.975346645844871 
-0.05233595624294362 0.9202881327679261 
-0.9659258262890683 -8.395878142297194 
-0.7771459614569709 -5.370652919737591 
-0.35836794954530027 -0.6155673256188243 
0.7071067811865476 -2.616116523516816 
-0.6293203910498373 -3.374769507467825 
0.5446390350150272 -1.197774063504169 
0.3583679495453004 0.11299016107180437 
-0.1564344650402308 0.5999521654284253 
0.052335956242943744 1.0249608305451638 
-0.8910065241883678 -7.130972456070639 
0.838670567945424 -3.790645685449741 
0.9335804264972017 -4.55368315218501 
0.9659258262890683 -4.7823250879783155 
0.8910065241883679 -4.2258180594566195 
-0.8386705679454239 -6.297812762336089 
0.25881904510252074 0.5990820584516217 
-0.4539904997395467 -1.4493893688887858 
0.15643446504023092 0.913008462120277 
-0.5446390350150268 -2.382898095068856 
-0.9335804264972017 -7.839211220000317 
0.6293203910498375 -1.9187096948114002 
