0.9992290362407229 2.716186939327366 
0.9930684569549263 2.6995050920142116 
0.1175373974578377 1.1247236909640523 
-0.831469612302545 0.43540893357622845 
-0.5555702330196023 0.5737449995540292 
-0.872496007072797 0.417907147177258 
0.9807852804032304 2.666549408955427 
-0.9381913359224842 0.39133498920111404 
-0.6190939493098337 0.5384320633971169 
0.9624552364536473 2.618116684153055 
0.41865973753742813 1.5199230940180843 
-0.11753739745783758 0.8891072607734032 
0.7343225094356856 2.084069576636294 
-0.9930684569549263 0.3704382714291748 
0.619093949309834 1.8572445216035678 
0.6788007455329418 1.9715119694020025 
0.8314696123025452 2.296691507421556 
-0.039259815759068326 0.9615008636141441 
0.19509032201612833 1.2154207607856966 
-0.9992290362407229 0.36816317224750333 
-0.3461170570774927 0.7074296726095775 
-0.48862124149695507 0.6134716405960268 
-0.7343225094356857 0.47983042946867843 
-0.9624552364536472 0.38195394653447007 
0.346117057077493 1.4135680742810588 
-0.1950903220161282 0.8227603413270316 
-0.9807852804032304 0.3750164900907394 
0.039259815759068666 1.0400406675051164 
-0.6788007455329416 0.5072249195135851 
0.785316930880745 2.193101892315885 
-0.2714404498650744 0.762280676033568 
0.2714404498650743 1.3118527485222042 
0.8724960070727972 2.3928760413753913 
-0.9081431738250814 0.4032723358907543 
0.5555702330196023 1.7429345803053586 
0.9381913359224842 2.555355456565327 
-0.7853169308807451 0.4559751662719208 
-0.4186597375374278 0.6579280253952785 
0.48862124149695496 1.6300672008708277 
0.9081431738250814 2.4797138583562504 
