-0.07857999135028848 1.0904444045190305 
0.37297596342659745 0.9571312602546329 
2.829811886075994 36.84652627868773 
3.2599624866611556 53.63952832569797 
4.703436489228283 144.5920958222821 
5.721882872402597 248.09212689828996 
0.9081479964548471 2.4902969953893854 
1.6026322322913344 8.650476731406943 
8.945196244398645 867.8514914396067 
9.720905069825033 1098.8576862173431 
2.444977673259501 25.12672469143314 
-4.2872371602133725 -36.75310238407808 
3.7874707058577712 80.23341660908699 
9.08991151105656 908.2305652403495 
-8.280410135863914 -421.3371167821789 
2.1645313382959213 18.347113873550136 
4.178536569250895 104.6997490625217 
5.056662939316057 176.38107993053077 
-7.900567243606091 -359.4067198612996 
5.613755037605015 235.32799132501376 
1.6443985591287529 9.210225051225361 
6.570181492198081 364.38128411563116 
-1.7185883217740479 3.5497506076238032 
7.2350975092321015 477.191189936416 
-5.721457236017202 -115.10071669253745 
8.73831624043778 812.2198684696937 
-7.529436734292645 -304.9476993435491 
9.017507026398505 887.8758470878436 
0.8131661773277301 2.0470096651155947 
4.204628852417702 106.48640766093426 
2.4210153327913275 24.491949220693094 
2.0571882327359354 16.112927407460393 
-1.8908227814929202 3.281154351232175 
-6.109458134344001 -146.27803390834882 
0.7673392899730143 1.862096611501222 
2.059879840124987 16.16661642927243 
-6.970135695699835 -233.49293111405947 
1.2074286582442966 4.46863015068846 
-4.917793847691554 -64.64816430758175 
-0.09517335867941767 1.1124272178274337 
-6.050122705713273 -141.20050706680314 
9.737635140057023 1104.2429827417627 
2.097333727132151 16.926053776573056 
-0.0905227232262451 1.1061696739749252 
0.15588734459565323 0.8965025810068248 
-3.243818640217162 -8.844088084024117 
4.933036613574924 164.7813710229142 
-3.54099127637393 -14.780911558428585 
-7.454416971638067 -294.638438285889 
7.085424756420704 450.03237094210044 
-6.045110112920398 -140.77678992457027 
-9.108165632633758 -579.575880941341 
5.925426324388116 273.34165843513574 
-0.47516382373864197 1.8194423410765466 
4.8327267251720265 155.74729772566928 
7.010750171086816 436.87318903356515 
-0.26829019200482485 1.39293801827473 
-2.4712612139123724 0.5932067800129879 
-4.892415064361611 -63.339636970604545 
-9.920235255621272 -768.5185713140299 
-6.3618126772004535 -169.17235114527918 
4.515939231888455 129.36821724508894 
0.10305714477750527 0.9192789521579458 
0.7632224448630573 1.846378117607529 
0.6698369354341835 1.5280695591004185 
5.157512353490347 186.23184153740618 
-4.562293147199714 -47.77060563633326 
-3.62179538612666 -16.651946361845688 
0.8231554688963527 2.0897721205088033 
-2.2878319941845238 1.7812688987820646 
4.777994062925901 150.95837280283743 
-3.802124171812453 -21.249649962933574 
2.687678941704492 32.17432347896313 
-1.541429753906483 3.630995266159745 
-2.436963228145899 0.841930476635536 
4.69308752799291 143.72263744260528 
-6.3164294120237425 -164.89736567165616 
-0.8007418476293147 2.5696911920514087 
4.368661199630404 118.17851584013395 
-7.450153938928659 -294.05951614940244 
7.974183137870998 627.2601518076511 
-6.4855326503090875 -181.18554166387818 
5.520144879051978 224.6337060079882 
-1.5807387403474102 3.628361509409856 
-5.0565616977857974 -72.09610256760114 
9.61189946772248 1064.1953678114933 
-1.0548853928615003 3.106593042267485 
-4.85981610200626 -61.68278450926337 
-0.8063949873996066 2.5825639513970327 
-9.656077490032189 -703.1953052378735 
-2.726697555288853 -1.6762112433900445 
-9.757601967527783 -727.849857627591 
-8.080087821617433 -387.8755866269699 
-7.658614108121151 -323.24383180001354 
-6.43462132299073 -176.1779990152086 
-1.7395499394738234 3.527680675824536 
-4.929614031986835 -65.2632134206288 
-4.545927114416061 -47.06681084906933 
-2.2131605639957392 2.169083136479019 
-1.0194336238889292 3.038482242626505 
