0.9992290362407229 -4.995367093068936 
0.9930684569549263 -4.957840164747173 
0.1175373974578377 0.9797911427337931 
-0.831469612302545 -6.186383739093386 
-0.5555702330196023 -2.5045423394931308 
-0.872496007072797 -6.831599736947775 
0.9807852804032304 -4.880407960684991 
-0.9381913359224842 -7.9175771598558935 
-0.6190939493098337 -3.249009956305602 
0.9624552364536473 -4.758754895139253 
0.41865973753742813 -0.2597947600638584 
-0.11753739745783758 0.7446714825418039 
0.7343225094356856 -2.862918100155408 
-0.9930684569549263 -8.875615936340054 
0.619093949309834 -1.8289303949413362 
0.6788007455329418 -2.360169171210333 
0.8314696123025452 -3.7286371104206024 
-0.039259815759068326 0.9453315110523766 
0.19509032201612833 0.8176677515682755 
-0.9992290362407229 -8.986127406498516 
-0.3461170570774927 -0.5203518169056951 
-0.48862124149695507 -1.7899769492421433 
-0.7343225094356857 -4.758598835964922 
-0.9624552364536472 -8.33537116982371 
0.346117057077493 0.1818167742260599 
-0.1950903220161282 0.42692189911529255 
-0.9807852804032304 -8.65707490881203 
0.039259815759068666 1.0238513291102165 
-0.6788007455329416 -4.006002233264475 
0.785316930880745 -3.3225233217951518 
-0.2714404498650744 0.0011442554939589122 
0.2714404498650743 0.5469723092085512 
0.8724960070727972 -4.075384030649587 
-0.9081431738250814 -7.412735468065662 
0.5555702330196023 -1.2875435921794263 
0.9381913359224842 -4.587453332424238 
-0.7853169308807451 -5.4905428511462775 
-0.4186597375374278 -1.1228380858147853 
0.48862124149695496 -0.7570297829000401 
0.9081431738250814 -4.361066151095925 
