0.9995065603657316 0.5407174552091578 
0.99556196460308 0.5440314506939571 
0.4539904997395468 0.8987042077187312 
-0.9995065603657316 0.5407174552091578 
0.7901550123756903 0.7037351936480483 
-0.9408807689542255 0.5890765242543097 
-0.09410831331851438 0.9955750798580159 
-0.33873792024529137 0.9431748018929863 
-0.960293685676943 0.5732793765122173 
-0.5090414157503713 0.8732120656186254 
0.7071067811865476 0.7602445970756301 
-0.8270805742745617 0.6770272168427219 
-0.8607420270039438 0.6518749489518941 
-0.03141075907812828 0.9995067226661579 
0.9177546256839811 0.6076050514029094 
0.8910065241883679 0.6286295663699928 
-0.8910065241883678 0.6286295663699929 
-0.7501110696304596 0.7316131549955676 
-0.6613118653236517 0.7891872252061055 
-0.5620833778521307 0.8461466115146989 
0.9876883405951378 0.5506210001411576 
-0.6129070536529766 0.8179792003443126 
0.9408807689542255 0.5890765242543097 
0.2181432413965427 0.9763009665995978 
0.09410831331851428 0.9955750798580159 
-0.21814324139654234 0.9763009665995978 
0.9759167619387474 0.5604090122504134 
0.2789911060392295 0.9613337626950549 
0.9602936856769431 0.5732793765122173 
-0.7071067811865475 0.7602445970756302 
0.8270805742745618 0.6770272168427218 
0.5090414157503712 0.8732120656186255 
-0.9876883405951377 0.5506210001411577 
-0.7901550123756904 0.7037351936480482 
-0.27899110603922916 0.961333762695055 
0.6129070536529765 0.8179792003443127 
0.5620833778521307 0.8461466115146989 
0.8607420270039436 0.6518749489518941 
-0.99556196460308 0.5440314506939571 
-0.1564344650402308 0.987789061484321 
-0.9759167619387473 0.5604090122504135 
0.39714789063478056 0.9221679100025795 
-0.9177546256839809 0.6076050514029095 
0.6613118653236519 0.7891872252061054 
0.031410759078128396 0.9995067226661579 
-0.4539904997395467 0.8987042077187313 
0.15643446504023092 0.987789061484321 
0.7501110696304596 0.7316131549955676 
-0.3971478906347807 0.9221679100025795 
0.3387379202452915 0.9431748018929863 
