0.996917333733128 0.5428937087804083 
0.9723699203976766 0.5633430320044512 
0.23344536385590547 0.9728751520764277 
-0.6494480483301835 0.7964177109155729 
-0.996917333733128 0.5428937087804083 
0.7604059656000309 0.7245562726113383 
-0.3826834323650897 0.9276659532121087 
-0.7604059656000309 0.7245562726113383 
0.5224985647159489 0.866574984968405 
0.8526401643540922 0.657997344249424 
-0.9723699203976766 0.5633430320044512 
0.078459095727845 0.9969236637514718 
-0.23344536385590534 0.9728751520764277 
-0.5224985647159488 0.8665749849684051 
0.9238795325112867 0.6027290430100576 
-0.8526401643540922 0.657997344249424 
-0.07845909572784487 0.9969236637514718 
0.38268343236508984 0.9276659532121085 
-0.9238795325112867 0.6027290430100576 
0.6494480483301838 0.7964177109155727 
