-0.7999999999999989 7.133333333333295 
-0.5999999999999996 3.287499999999997 
2.0 -5.0 
3.8000000000000007 -6.023214285714286 
4.0 -6.2 
5.800000000000001 -7.891911764705884 
-0.3999999999999986 1.971428571428565 
1.6000000000000014 -5.5230769230769186 
8.0 -10.047619047619047 
7.600000000000001 -9.652854122621566 
6.800000000000001 -8.86631299734748 
2.4000000000000004 -5.030252100840337 
3.6000000000000014 -5.85083612040134 
9.0 -11.0375 
-8.0 5.9523809523809526 
4.200000000000001 -6.380288461538463 
2.6000000000000014 -5.1208333333333345 
5.4 -7.506534090909091 
0.0 1.0 
1.8000000000000007 -5.139285714285713 
6.0 -8.085714285714285 
5.200000000000001 -7.315207373271891 
7.0 -9.0625 
-5.3999999999999995 3.2934659090909078 
8.2 -10.245289855072462 
-7.199999999999999 5.140991345397324 
9.600000000000001 -11.632909170688903 
8.8 -10.839246467817897 
-9.2 7.164131994261118 
2.8000000000000007 -5.23859649122807 
-8.2 6.154710144927534 
5.0 -7.125 
-4.3999999999999995 2.2366013071895416 
7.400000000000002 -9.455803571428573 
-6.199999999999999 4.119871794871794 
7.800000000000001 -9.850133689839575 
3.0 -5.375 
-1.5999999999999996 -2.3230769230769246 
1.4000000000000004 -6.524999999999997 
-3.3999999999999995 1.11590909090909 
4.4 -6.563398692810457 
-7.8 5.749866310160427 
-4.6 2.451190476190476 
4.600000000000001 -6.748809523809525 
8.600000000000001 -10.641118421052633 
0.40000000000000036 1.1714285714285724 
-0.1999999999999993 1.3249999999999984 
-2.3999999999999995 -0.23025210084033684 
-4.0 1.8 
4.800000000000001 -6.936116152450092 
3.4000000000000004 -5.6840909090909095 
5.600000000000001 -7.698814229249013 
9.400000000000002 -11.434340659340661 
-1.799999999999999 -1.5392857142857175 
-2.5999999999999996 0.0791666666666663 
9.8 -11.831565656565658 
1.200000000000001 -10.018181818181779 
6.600000000000001 -8.670488721804512 
-3.0 0.625 
-5.8 3.7080882352941176 
-7.4 5.34419642857143 
6.199999999999999 -8.280128205128205 
8.400000000000002 -10.4431282346176 
2.200000000000001 -4.98125 
-2.0 -1.0 
-9.4 7.36565934065934 
0.8000000000000007 5.533333333333359 
-1.4000000000000004 -3.7249999999999965 
-8.6 6.558881578947368 
-8.8 6.760753532182106 
-9.0 6.9625 
-7.6 5.547145877378434 
7.199999999999999 -9.259008654602676 
6.400000000000002 -8.475075075075079 
-6.0 3.914285714285714 
-5.6 3.5011857707509875 
3.200000000000001 -5.524675324675325 
-6.4 4.324924924924925 
-3.5999999999999996 1.3491638795986616 
-5.199999999999999 3.08479262672811 
-9.8 7.768434343434344 
9.200000000000003 -11.235868005738881 
-4.8 2.6638838475499087 
-3.8 1.5767857142857138 
0.6000000000000014 2.0875000000000106 
-6.6 4.529511278195489 
0.20000000000000107 0.9250000000000004 
-2.1999999999999993 -0.5812500000000016 
-10.0 7.96969696969697 
-9.6 7.567090829311101 
-8.4 6.3568717653824045 
-7.0 4.9375 
-6.8 4.73368700265252 
-5.0 2.875 
-4.199999999999999 2.0197115384615376 
-3.1999999999999993 0.8753246753246747 
-2.8 0.3614035087719294 
-1.1999999999999993 -7.618181818181845 
