0.637004241042801 0.8038812095706905 
0.3115792922971323 0.9518506056933941 
2.7346743329076904 -0.9183448521653409 
3.3239251128597296 -0.9834234377448267 
1.9757902581806692 -0.3940131826856411 
0.14232596708325573 0.9898887452200454 
1.0651443591448806 0.48437792290495235 
3.5567854241375194 -0.9150385803483123 
1.513091654134565 0.05767265354058945 
2.3523404633169 -0.7043763278875574 
1.2879261677183083 0.27911288848400195 
3.393101410510504 -0.9685380466260756 
3.498612590363573 -0.9369424658698853 
2.906476471290154 -0.9724872825355341 
3.0961207874005496 -0.9989663328197096 
1.0372124607699975 0.5086222729756971 
3.497748005601184 -0.9372442738779379 
2.996494334328882 -0.9894916947009043 
2.714016578559487 -0.9099735419596015 
1.260379289364323 0.3054557686490333 
2.206309163899687 -0.5935903069722794 
0.8905586762968558 0.6289777968041927 
0.8145355293580714 0.6862063266382996 
3.876050290668136 -0.7421943458859032 
1.6893959847098472 -0.11832181865282661 
2.143692346506689 -0.5420679442187284 
0.49614454148831877 0.8794244401532256 
3.8621265358617936 -0.7514535882271277 
2.487989681097698 -0.79389816615438 
1.5125070829998966 0.058256241796977526 
3.2214520073208823 -0.9968129361470671 
0.9045035600990845 0.618075916628268 
1.162304628433104 0.3972255802566185 
3.908691171914549 -0.7199274685175063 
2.169508784772809 -0.5635793513800712 
0.7360762749966479 0.7411085876965684 
3.720672284012924 -0.8369666801273655 
2.513155024179734 -0.8089469841825787 
3.8204874768955235 -0.7782671711354796 
1.9346407098119167 -0.3558695670905216 
0.15265011975615783 0.9883715773181986 
1.4996858749262691 0.07105053635878182 
3.0694321710679637 -0.997397561945757 
0.03913236966035827 0.9992344265261205 
2.169924338911992 -0.5639225761641363 
2.6771807284999123 -0.8940851172340863 
2.314290230002392 -0.6768639284113567 
2.971455512783385 -0.98556155583761 
0.568972945924461 0.8424547623243703 
3.5344271405968724 -0.9238277066738037 
0.25885394943158335 0.9666839707389969 
2.3998916056361113 -0.7373204948076587 
2.5607323490491147 -0.8359908729491404 
1.2129549288482564 0.35025318531702065 
0.056954561582942986 0.9983785273426152 
3.031547305153998 -0.9939511186604456 
3.080077186508207 -0.9981085202384266 
1.5916000519641487 -0.020802224577085245 
2.142052435518451 -0.5406891418970163 
3.903202544223486 -0.7237259837422667 
3.738462341273306 -0.8270990756431803 
2.7431789014506527 -0.9216775489778736 
1.4678973412390501 0.10271749580411894 
0.6668688131569378 0.7857622434354836 
0.6065793621882976 0.8216027908702402 
3.2030958254491 -0.9981092760323933 
1.2494839230515242 0.3158120694692811 
3.467776806611261 -0.9472719516330728 
1.7193005087989497 -0.14795894427114703 
1.3690887237837028 0.20034260497054718 
2.7744580574793676 -0.9333596910007854 
1.7521389325237386 -0.1803503258487542 
3.5672349682247435 -0.9107737053670878 
2.7052888528372367 -0.9063198364641115 
1.4589995378363434 0.11156405201144529 
0.7413045250009125 0.7375883051830994 
2.573010109788966 -0.842665033932847 
0.8934807990676079 0.62670338845908 
1.748135046536201 -0.17641065873891118 
3.2400281953264516 -0.9951591327770916 
1.3899284747237455 0.1798833366855212 
3.202103256850506 -0.9981697919960324 
0.31179595555961814 0.9517841625713281 
3.985194216847953 -0.6647766234263195 
2.0524545141653605 -0.4632493437956006 
2.9013561911680874 -0.9712817399579353 
1.0990861535981855 0.4544103585489783 
1.0796255097134448 0.47165861574760437 
0.6890636077440209 0.7718417252721033 
3.2922996972449745 -0.9886651715128125 
1.7728166011596 -0.20064892739593254 
0.8868465005685193 0.6318593882164111 
0.7792837759433331 0.7114170612666991 
1.044378977089075 0.5024389674589067 
0.5871787294624724 0.8325070150180585 
2.674390340036584 -0.8928318311927499 
0.9954891812969615 0.5440925191649402 
2.1203100129500356 -0.5222725726607745 
3.271760586760674 -0.9915401098604748 
3.211383824172143 -0.997565584625789 
