-0.7999999999999989 2.567999999999998 
-0.5999999999999996 2.103999999999999 
2.0 15.0 
3.6000000000000014 69.97600000000008 
4.0 93.0 
5.800000000000001 257.5920000000001 
-0.3999999999999986 1.655999999999997 
1.6000000000000014 8.616000000000017 
8.0 633.0 
7.600000000000001 547.8960000000003 
6.800000000000001 401.1120000000001 
2.4000000000000004 23.94400000000001 
3.200000000000001 51.048000000000044 
9.0 883.0 
-8.0 -375.0 
-3.5999999999999996 -16.13599999999999 
4.200000000000001 106.16800000000006 
2.6000000000000014 29.496000000000045 
5.4 211.38400000000004 
1.8000000000000007 11.512000000000011 
0.0 1.0 
1.0 3.0 
6.0 283.0 
5.200000000000001 190.4880000000001 
4.4 120.50400000000002 
-5.3999999999999995 -92.74399999999994 
8.2 678.6479999999998 
-7.199999999999999 -261.3679999999999 
9.600000000000001 1060.4560000000006 
8.8 828.5520000000002 
-9.2 -599.2079999999999 
2.8000000000000007 35.83200000000002 
-8.2 -407.6879999999998 
5.0 171.0 
-4.3999999999999995 -41.06399999999998 
-6.199999999999999 -154.24799999999993 
7.800000000000001 589.4320000000002 
3.8000000000000007 80.95200000000004 
-1.5999999999999996 3.6239999999999997 
-3.3999999999999995 -11.783999999999988 
7.400000000000002 508.3440000000004 
-7.8 -344.07199999999995 
-4.6 -49.41599999999999 
4.600000000000001 136.05600000000013 
8.600000000000001 776.3760000000003 
0.40000000000000036 0.9840000000000004 
-0.1999999999999993 1.271999999999999 
-2.3999999999999995 1.0960000000000027 
-4.0 -27.0 
4.800000000000001 152.87200000000007 
5.600000000000001 233.73600000000016 
9.400000000000002 998.9040000000006 
-1.799999999999999 3.4480000000000013 
-2.5999999999999996 -0.45599999999999774 
9.8 1124.4720000000004 
1.4000000000000004 6.264000000000004 
6.600000000000001 369.0160000000002 
7.199999999999999 470.7279999999999 
-3.0 -5.0 
-5.8 -121.032 
-7.4 -287.3040000000001 
6.199999999999999 310.0079999999999 
8.400000000000002 726.4240000000005 
2.200000000000001 19.12800000000002 
-2.1999999999999993 2.2320000000000046 
-9.4 -643.464 
-6.4 -172.82400000000004 
0.8000000000000007 1.9920000000000029 
-1.4000000000000004 3.5760000000000005 
-8.6 -478.53599999999994 
-8.8 -516.7920000000003 
-9.0 -557.0 
-7.6 -314.85599999999994 
7.0 435.0 
6.400000000000002 338.6640000000004 
-6.0 -137.0 
-5.6 -106.29599999999996 
3.4000000000000004 60.024000000000015 
3.0 43.0 
1.200000000000001 4.408000000000008 
-5.199999999999999 -80.32799999999996 
-9.8 -738.3120000000002 
9.200000000000003 939.7680000000007 
-4.8 -58.71199999999999 
-3.8 -21.191999999999993 
-2.0 3.0 
0.6000000000000014 1.3360000000000034 
-6.6 -192.77599999999998 
0.20000000000000107 0.8879999999999999 
-1.0 3.0 
-10.0 -789.0 
-9.6 -689.8159999999999 
-8.4 -442.1840000000001 
-7.0 -237.0 
-6.8 -214.15199999999996 
-5.0 -69.0 
-4.199999999999999 -33.607999999999976 
-3.1999999999999993 -8.08799999999999 
-2.8 -2.471999999999997 
-1.1999999999999993 3.3519999999999994 
