0.9995065603657316 1689.9076010681715 
0.99556196460308 188.84484817496687 
0.4539904997395468 0.5072785838852192 
-0.9995065603657316 3040.634636660906 
0.7901550123756903 4.4482645381888 
-0.9408807689542255 26.003678046877155 
-0.09410831331851438 -0.8174779975113422 
-0.33873792024529137 0.46500194449099624 
-0.960293685676943 38.450485123641336 
-0.5090414157503713 2.035579501789494 
0.7071067811865476 2.98984745544779 
-0.8270805742745617 8.999638631552521 
-0.8607420270039438 11.198035816829998 
-0.03141075907812828 -0.9587248003075669 
0.9177546256839811 11.019579666187676 
0.8910065241883679 8.45777874028056 
-0.8910065241883678 14.272310446852448 
-0.7501110696304596 6.060704207083701 
-0.6613118653236517 4.123517508963935 
-0.5620833778521307 2.661877142540323 
0.9876883405951378 68.7438071383354 
-0.6129070536529766 3.351376111598 
0.9408807689542255 15.043551256371858 
0.2181432413965427 -0.747381964646312 
0.09410831331851428 -1.005709517745036 
-0.21814324139654234 -0.3100603981058116 
0.9759167619387474 35.63353839619657 
0.2789911060392295 -0.514680589921642 
0.9602936856769431 21.98265669324461 
-0.7071067811865475 5.01015254455221 
0.8270805742745618 5.428209616442081 
0.5090414157503712 0.9299002217208965 
-0.9876883405951377 122.56312691045932 
-0.7901550123756904 7.351052298610322 
-0.27899110603922916 0.04694697302139355 
0.6129070536529765 1.874276287526974 
0.5620833778521307 1.3852400033486503 
0.8607420270039436 6.704100131176997 
-0.99556196460308 338.7293680529775 
-0.1564344650402308 -0.5999609580349395 
-0.9759167619387473 62.98873982464738 
0.39714789063478056 0.12095583022949068 
-0.9177546256839809 18.815595619398692 
0.6613118653236519 2.4041088771202306 
0.031410759078128396 -1.0215463796777777 
-0.4539904997395467 1.462191576529201 
0.15643446504023092 -0.9130218427272888 
0.7501110696304596 3.6574053939128532 
-0.3971478906347807 0.9382186349744421 
0.3387379202452915 -0.2224320897690408 
