0.9995065603657316 2.71694085134061 
0.99556196460308 2.706244727782027 
0.4539904997395468 1.574583038454991 
-0.9995065603657316 0.36806101226185095 
0.7901550123756903 2.2037380064444525 
-0.9408807689542255 0.3902839339595507 
-0.09410831331851438 0.9101841718334257 
-0.33873792024529137 0.7126692007855338 
-0.960293685676943 0.3827804523295816 
-0.5090414157503713 0.6010714803970825 
0.7071067811865476 2.0281149816474726 
-0.8270805742745617 0.4373241598694141 
-0.8607420270039438 0.42284820109419796 
-0.03141075907812828 0.9690774339585877 
0.9177546256839811 2.503662414563528 
0.8910065241883679 2.43758190210356 
-0.8910065241883678 0.4102426257501461 
-0.7501110696304596 0.47231409007611863 
-0.6613118653236517 0.5161737397022282 
-0.5620833778521307 0.5700202583317955 
0.9876883405951378 2.6850204400009225 
-0.6129070536529766 0.5417736126410246 
0.9408807689542255 2.562237163735366 
0.2181432413965427 1.2437652135259798 
0.09410831331851428 1.0986787410131007 
-0.21814324139654234 0.8040102658644684 
0.9759167619387474 2.6535988146054126 
0.2789911060392295 1.3217955878191556 
0.9602936856769431 2.6124636039119893 
-0.7071067811865475 0.49306869139523984 
0.8270805742745618 2.2866333300648245 
0.5090414157503712 1.6636956378954721 
-0.9876883405951377 0.37243664334996884 
-0.7901550123756904 0.4537744491748439 
-0.27899110603922916 0.7565466318811903 
0.6129070536529765 1.8457894158506993 
0.5620833778521307 1.754323614614278 
0.8607420270039436 2.364914873499083 
-0.99556196460308 0.3695157314244732 
-0.1564344650402308 0.8551875605488827 
-0.9759167619387473 0.3768467164275166 
0.39714789063478056 1.487575912330205 
-0.9177546256839809 0.3994148708640233 
0.6613118653236519 1.9373321869820093 
0.031410759078128396 1.0319092829507923 
-0.4539904997395467 0.6350887667259631 
0.15643446504023092 1.1693341275429368 
0.7501110696304596 2.1172351640808325 
-0.3971478906347807 0.6722346010789833 
0.3387379202452915 1.4031755531146266 
