0.9992290362407229 1081.9799274495024 
0.9930684569549263 121.29216163206675 
0.1175373974578377 -0.9797937261303451 
-0.831469612302545 9.239325899773961 
-0.5555702330196023 2.580421850253722 
-0.872496007072797 12.22426458687907 
0.9807852804032304 44.41172031851105 
-0.9381913359224842 24.89363242519684 
-0.6190939493098337 3.4428566023610445 
0.9624552364536473 23.196063982116225 
0.41865973753742813 0.2612012688953364 
-0.11753739745783758 -0.7446734460028483 
0.7343225094356856 3.3952649901463623 
-0.9930684569549263 217.1394411601819 
0.619093949309834 1.9380504123300695 
0.6788007455329418 2.616090595049899 
0.8314696123025452 5.5686964918565005 
-0.039259815759068326 -0.945331514513951 
0.19509032201612833 -0.8177128348132554 
-0.9992290362407229 1946.3653617820469 
-0.3461170570774927 0.5212479703767819 
-0.48862124149695507 1.8146732839509563 
-0.7343225094356857 5.643439129126991 
-0.9624552364536472 40.6299141751152 
0.346117057077493 -0.18212990032273313 
-0.1950903220161282 -0.4269454380460235 
-0.9807852804032304 78.77939564146523 
0.039259815759068666 -1.0238513328593115 
-0.6788007455329416 4.440387110394183 
0.785316930880745 4.340719572299906 
-0.2714404498650744 -0.001144713366028571 
0.2714404498650743 -0.547191179333786 
0.8724960070727972 7.292372885133382 
-0.9081431738250814 16.883667897471405 
0.5555702330196023 1.326551987572447 
0.9381913359224842 14.423399320202119 
-0.7853169308807451 7.173134545115884 
-0.4186597375374278 1.128917044773119 
0.48862124149695496 0.7674745324321248 
0.9081431738250814 9.933012299064444 
