-1.0 0.5403023063922632 
-0.998 0.5419841665342695 
-0.996 0.5436638587469852 
-0.994 0.5453413763113878 
-0.992 0.5470167125171617 
-0.99 0.5486898606627212 
-0.988 0.5503608140552407 
-0.986 0.5520295660106798 
-0.984 0.553696109853809 
-0.982 0.5553604389182386 
-0.98 0.557022546546443 
-0.978 0.5586824260897882 
-0.976 0.5603400709085588 
-0.974 0.5619954743719834 
-0.972 0.5636486298582617 
-0.97 0.5652995307545907 
-0.968 0.5669481704571907 
-0.966 0.5685945423713323 
-0.964 0.5702386399113624 
-0.962 0.5718804565007297 
-0.96 0.5735199855720122 
-0.958 0.5751572205669425 
-0.956 0.5767921549364341 
-0.954 0.5784247821406076 
-0.952 0.5800550956488166 
-0.95 0.581683088939674 
-0.948 0.5833087555010782 
-0.946 0.584932088830238 
-0.944 0.5865530824336995 
-0.942 0.5881717298273718 
-0.94 0.5897880245365525 
-0.938 0.5914019600959548 
-0.9359999999999999 0.5930135300497302 
-0.9339999999999999 0.5946227279514985 
-0.9319999999999999 0.5962295473643696 
-0.9299999999999999 0.5978339818609721 
-0.9279999999999999 0.5994360250234769 
-0.926 0.601035670443624 
-0.924 0.6026329117227474 
-0.922 0.6042277424718009 
-0.92 0.6058201563113838 
-0.918 0.6074101468717655 
-0.916 0.6089977077929123 
-0.914 0.6105828327245113 
-0.912 0.6121655153259967 
-0.91 0.6137457492665747 
-0.908 0.6153235282252489 
-0.906 0.6168988458908453 
-0.904 0.6184716959620382 
-0.902 0.6200420721473737 
-0.9 0.6216099681652972 
-0.898 0.6231753777441762 
-0.896 0.6247382946223268 
-0.894 0.6262987125480374 
-0.892 0.6278566252795956 
-0.89 0.6294120265853108 
-0.888 0.6309649102435411 
-0.886 0.6325152700427165 
-0.884 0.6340630997813648 
-0.882 0.6356083932681359 
-0.88 0.6371511443218264 
-0.878 0.638691346771405 
-0.876 0.6402289944560358 
-0.874 0.6417640812251043 
-0.872 0.6432966009382411 
-0.87 0.6448265474653465 
-0.868 0.6463539146866153 
-0.866 0.6478786964925611 
-0.864 0.6494008867840407 
-0.862 0.6509204794722779 
-0.86 0.6524374684788888 
-0.858 0.6539518477359055 
-0.856 0.6554636111858005 
-0.854 0.6569727527815105 
-0.852 0.6584792664864606 
-0.85 0.6599831462745896 
-0.848 0.6614843861303722 
-0.846 0.6629829800488442 
-0.844 0.6644789220356268 
-0.842 0.6659722061069488 
-0.84 0.6674628262896724 
-0.838 0.6689507766213165 
-0.836 0.6704360511500801 
-0.834 0.6719186439348662 
-0.832 0.6733985490453053 
-0.83 0.6748757605617801 
-0.828 0.6763502725754484 
-0.826 0.677822079188266 
-0.8240000000000001 0.6792911745130118 
-0.8220000000000001 0.6807575526733104 
-0.8200000000000001 0.6822212078036558 
-0.8180000000000001 0.6836821340494346 
-0.8160000000000001 0.6851403255669494 
-0.8140000000000001 0.6865957765234425 
-0.812 0.688048481097119 
-0.81 0.68949843347717 
-0.808 0.6909456278637962 
-0.806 0.6923900584682301 
-0.804 0.6938317195127602 
-0.802 0.6952706052307541 
-0.8 0.6967067098666806 
-0.798 0.6981400276761327 
-0.796 0.6995705529258522 
-0.794 0.7009982798937505 
-0.792 0.7024232028689333 
-0.79 0.7038453161517221 
-0.788 0.7052646140536772 
-0.786 0.7066810908976213 
-0.784 0.7080947410176615 
-0.782 0.7095055587592112 
-0.78 0.7109135384790146 
-0.778 0.7123186745451671 
-0.776 0.7137209613371404 
-0.774 0.7151203932458017 
-0.772 0.716516964673439 
-0.77 0.717910670033782 
-0.768 0.7193015037520252 
-0.766 0.7206894602648488 
-0.764 0.7220745340204429 
-0.762 0.723456719478528 
-0.76 0.7248360111103782 
-0.758 0.726212403398843 
-0.756 0.7275858908383688 
-0.754 0.7289564679350221 
-0.752 0.7303241292065104 
-0.75 0.7316888691822044 
-0.748 0.7330506824031601 
-0.746 0.7344095634221404 
-0.744 0.7357655068036371 
-0.742 0.7371185071238923 
-0.74 0.7384685589709206 
-0.738 0.7398156569445296 
-0.736 0.7411597956563436 
-0.734 0.7425009697298232 
-0.732 0.7438391738002869 
-0.73 0.7451744025149336 
-0.728 0.7465066505328638 
-0.726 0.7478359125251004 
-0.724 0.74916218317461 
-0.722 0.7504854571763249 
-0.72 0.7518057292371634 
-0.718 0.7531229940760515 
-0.716 0.7544372464239445 
-0.714 0.7557484810238465 
-0.712 0.7570566926308334 
-0.71 0.7583618760120722 
-0.708 0.7596640259468428 
-0.706 0.7609631372265588 
-0.704 0.7622592046547881 
-0.702 0.7635522230472743 
-0.7 0.7648421872319562 
-0.698 0.7661290920489892 
-0.696 0.7674129323507669 
-0.694 0.7686937030019398 
-0.692 0.7699713988794376 
-0.69 0.7712460148724879 
-0.688 0.7725175458826381 
-0.6859999999999999 0.7737859868237755 
-0.6839999999999999 0.7750513326221476 
-0.6819999999999999 0.7763135782163815 
-0.6799999999999999 0.7775727185575053 
-0.6779999999999999 0.7788287486089682 
-0.6759999999999999 0.7800816633466596 
-0.6739999999999999 0.7813314577589308 
-0.6719999999999999 0.7825781268466128 
-0.6699999999999999 0.7838216656230396 
-0.6679999999999999 0.7850620691140645 
-0.6659999999999999 0.7862993323580826 
-0.6639999999999999 0.7875334504060492 
-0.6619999999999999 0.7887644183215005 
-0.6599999999999999 0.789992231180573 
-0.6579999999999999 0.7912168840720234 
-0.6559999999999999 0.7924383720972471 
-0.6539999999999999 0.7936566903702997 
-0.6519999999999999 0.794871834017915 
-0.6499999999999999 0.7960837981795253 
-0.648 0.7972925780072809 
-0.646 0.7984981686660685 
-0.644 0.7997005653335317 
-0.642 0.8008997632000894 
-0.64 0.8020957574689561 
-0.638 0.8032885433561603 
-0.636 0.8044781160905632 
-0.634 0.805664470913879 
-0.632 0.8068476030806931 
-0.63 0.8080275078584811 
-0.628 0.8092041805276282 
-0.626 0.8103776163814479 
-0.624 0.8115478107262004 
-0.622 0.8127147588811116 
-0.62 0.8138784561783927 
-0.618 0.8150388979632572 
-0.616 0.8161960795939412 
-0.614 0.8173499964417206 
-0.612 0.8185006438909302 
-0.61 0.8196480173389827 
-0.608 0.8207921121963865 
-0.606 0.8219329238867635 
-0.604 0.8230704478468691 
-0.602 0.8242046795266084 
-0.6 0.8253356143890561 
-0.598 0.8264632479104735 
-0.596 0.8275875755803277 
-0.594 0.8287085929013083 
-0.592 0.8298262953893465 
-0.59 0.8309406785736329 
-0.588 0.8320517379966341 
-0.586 0.833159469214113 
-0.584 0.834263867795144 
-0.5820000000000001 0.8353649293221326 
-0.5800000000000001 0.8364626493908319 
-0.5780000000000001 0.8375570236103607 
-0.5760000000000001 0.8386480476032213 
-0.5740000000000001 0.8397357170053164 
-0.5720000000000001 0.8408200274659674 
-0.5700000000000001 0.8419009746479307 
-0.5680000000000001 0.8429785542274157 
-0.5660000000000001 0.844052761894103 
-0.5640000000000001 0.8451235933511598 
-0.562 0.8461910443152583 
-0.56 0.847255110516592 
-0.558 0.8483157876988942 
-0.556 0.8493730716194534 
-0.554 0.8504269580491318 
-0.552 0.851477442772381 
-0.55 0.8525245215872589 
-0.548 0.8535681903054473 
-0.546 0.8546084447522685 
-0.544 0.8556452807667015 
-0.542 0.856678694201399 
-0.54 0.857708680922704 
-0.538 0.858735236810666 
-0.536 0.8597583577590577 
-0.534 0.8607780396753921 
-0.532 0.8617942784809376 
-0.53 0.8628070701107351 
-0.528 0.8638164105136141 
-0.526 0.8648222956522092 
-0.524 0.8658247215029755 
-0.522 0.8668236840562058 
-0.52 0.8678191793160458 
-0.518 0.8688112033005095 
-0.516 0.8697997520414972 
-0.514 0.8707848215848095 
-0.512 0.8717664079901637 
-0.51 0.8727445073312097 
-0.508 0.8737191156955454 
-0.506 0.8746902291847332 
-0.504 0.8756578439143142 
-0.502 0.8766219560138248 
-0.5 0.8775825616268118 
-0.498 0.8785396569108483 
-0.496 0.8794932380375486 
-0.494 0.8804433011925829 
-0.492 0.8813898425756941 
-0.49 0.8823328584007115 
-0.488 0.8832723448955673 
-0.486 0.8842082983023105 
-0.484 0.8851407148771225 
-0.482 0.8860695908903322 
-0.48 0.886994922626431 
-0.478 0.8879167063840865 
-0.476 0.8888349384761592 
-0.474 0.8897496152297159 
-0.472 0.8906607329860443 
-0.47 0.8915682881006687 
-0.46799999999999997 0.8924722769433641 
-0.46599999999999997 0.8933726958981699 
-0.46399999999999997 0.8942695413634055 
-0.46199999999999997 0.8951628097516844 
-0.45999999999999996 0.8960524974899282 
-0.45799999999999996 0.8969386010193812 
-0.45599999999999996 0.8978211167956244 
-0.45399999999999996 0.8987000412885904 
-0.45199999999999996 0.8995753709825763 
-0.44999999999999996 0.9004471023762586 
-0.44799999999999995 0.9013152319827077 
-0.44599999999999995 0.9021797563293997 
-0.44399999999999995 0.9030406719582336 
-0.44199999999999995 0.9038979754255417 
-0.43999999999999995 0.9047516633021062 
-0.43799999999999994 0.9056017321731709 
-0.43599999999999994 0.9064481786384563 
-0.43399999999999994 0.9072909993121719 
-0.43199999999999994 0.9081301908230314 
-0.42999999999999994 0.9089657498142638 
-0.42799999999999994 0.9097976729436298 
-0.42599999999999993 0.9106259568834325 
-0.42399999999999993 0.911450598320532 
-0.42200000000000004 0.9122715939563589 
-0.42000000000000004 0.9130889405069268 
-0.41800000000000004 0.9139026347028455 
-0.41600000000000004 0.9147126732893345 
-0.41400000000000003 0.9155190530262362 
-0.41200000000000003 0.9163217706880276 
-0.41000000000000003 0.9171208230638349 
-0.40800000000000003 0.9179162069574451 
-0.406 0.9187079191873193 
-0.404 0.9194959565866053 
-0.402 0.9202803160031503 
-0.4 0.921060994299513 
-0.398 0.9218379883529781 
-0.396 0.9226112950555662 
-0.394 0.923380911314047 
-0.392 0.9241468340499532 
-0.39 0.9249090601995914 
-0.388 0.9256675867140538 
-0.386 0.9264224105592321 
-0.384 0.9271735287158285 
-0.382 0.9279209381793682 
-0.38 0.9286646359602108 
-0.378 0.9294046190835632 
-0.376 0.9301408845894907 
-0.374 0.9308734295329294 
-0.372 0.9316022509836978 
-0.37 0.932327346026508 
-0.368 0.9330487117609781 
-0.366 0.933766345301644 
-0.364 0.9344802437779697 
-0.362 0.9351904043343598 
-0.36 0.9358968241301711 
-0.358 0.936599500339723 
-0.356 0.9372984301523093 
-0.354 0.9379936107722102 
-0.352 0.9386850394187021 
-0.35 0.9393727133260696 
-0.348 0.940056629743616 
-0.346 0.9407367859356754 
-0.344 0.9414131791816226 
-0.34199999999999997 0.942085806775884 
-0.33999999999999997 0.9427546660279488 
-0.33799999999999997 0.9434197542623798 
-0.33599999999999997 0.9440810688188239 
-0.33399999999999996 0.9447386070520226 
-0.33199999999999996 0.9453923663318236 
-0.32999999999999996 0.9460423440431893 
-0.32799999999999996 0.9466885375862099 
-0.32599999999999996 0.9473309443761107 
-0.32399999999999995 0.9479695618432653 
-0.32199999999999995 0.9486043874332044 
-0.31999999999999995 0.9492354186066264 
-0.31799999999999995 0.9498626528394073 
-0.31599999999999995 0.9504860876226108 
-0.31399999999999995 0.9511057204624989 
-0.31199999999999994 0.9517215488805408 
-0.30999999999999994 0.9523335704134245 
-0.30799999999999994 0.9529417826130645 
-0.30599999999999994 0.953546183046614 
-0.30399999999999994 0.9541467692964721 
-0.30199999999999994 0.9547435389602954 
-0.29999999999999993 0.9553364896510067 
-0.29799999999999993 0.9559256189968051 
-0.29600000000000004 0.9565109246411747 
-0.29400000000000004 0.9570924042428949 
-0.29200000000000004 0.9576700554760492 
-0.29000000000000004 0.9582438760300347 
-0.28800000000000003 0.9588138636095711 
-0.28600000000000003 0.9593800159347103 
-0.28400000000000003 0.9599423307408455 
-0.28200000000000003 0.9605008057787194 
-0.28 0.9610554388144343 
-0.278 0.9616062276294609 
-0.276 0.9621531700206463 
-0.274 0.9626962638002234 
-0.272 0.9632355067958202 
-0.27 0.963770896850467 
-0.268 0.9643024318226069 
-0.266 0.9648301095861028 
-0.264 0.9653539280302464 
-0.262 0.9658738850597676 
-0.26 0.9663899785948409 
-0.258 0.9669022065710955 
-0.256 0.967410566939623 
-0.254 0.9679150576669852 
-0.252 0.9684156767352224 
-0.25 0.9689124221418621 
-0.248 0.9694052918999262 
-0.246 0.9698942840379391 
-0.244 0.9703793965999356 
-0.242 0.97086062764547 
-0.24 0.9713379752496213 
-0.238 0.9718114375030033 
-0.236 0.9722810125117705 
-0.23399999999999999 0.9727466983976267 
-0.23199999999999998 0.9732084932978328 
-0.22999999999999998 0.973666395365213 
-0.22799999999999998 0.9741204027681631 
-0.22599999999999998 0.9745705136906578 
-0.22399999999999998 0.9750167263322576 
-0.22199999999999998 0.9754590389081157 
-0.21999999999999997 0.9758974496489864 
-0.21799999999999997 0.9763319568012311 
-0.21599999999999997 0.9767625586268254 
-0.21399999999999997 0.9771892534033665 
-0.21199999999999997 0.9776120394240795 
-0.20999999999999996 0.9780309149978249 
-0.20799999999999996 0.9784458784491048 
-0.20599999999999996 0.97885692811807 
-0.20399999999999996 0.9792640623605263 
-0.20199999999999996 0.9796672795479414 
-0.19999999999999996 0.9800665780674509 
-0.19799999999999995 0.9804619563218654 
-0.19599999999999995 0.9808534127296769 
-0.19399999999999995 0.9812409457250638 
-0.19199999999999995 0.9816245537578993 
-0.18999999999999995 0.9820042352937555 
-0.18799999999999994 0.9823799888139112 
-0.18599999999999994 0.9827518128153572 
-0.18399999999999994 0.9831197058108022 
-0.18199999999999994 0.9834836663286786 
-0.17999999999999994 0.9838436929131492 
-0.17799999999999994 0.9841997841241127 
-0.17599999999999993 0.9845519385372087 
-0.17399999999999993 0.9849001547438245 
-0.17199999999999993 0.9852444313511 
-0.16999999999999993 0.9855847669819334 
-0.16799999999999993 0.9859211602749872 
-0.16600000000000004 0.9862536098846929 
-0.16400000000000003 0.9865821144812567 
-0.16200000000000003 0.986906672750665 
-0.16000000000000003 0.9872272833946896 
-0.15800000000000003 0.9875439451308926 
-0.15600000000000003 0.9878566566926317 
-0.15400000000000003 0.9881654168290654 
-0.15200000000000002 0.9884702243051581 
-0.15000000000000002 0.9887710779016842 
-0.14800000000000002 0.9890679764152343 
-0.14600000000000002 0.9893609186582185 
-0.14400000000000002 0.989649903458873 
-0.14200000000000002 0.9899349296612632 
-0.14 0.9902159961252885 
-0.138 0.9904931017266878 
-0.136 0.9907662453570432 
-0.134 0.9910354259237847 
-0.132 0.9913006423501945 
-0.13 0.9915618935754116 
-0.128 0.9918191785544349 
-0.126 0.9920724962581298 
-0.124 0.9923218456732288 
-0.122 0.9925672258023391 
-0.12 0.9928086356639444 
-0.118 0.9930460742924094 
-0.11599999999999999 0.993279540737984 
-0.11399999999999999 0.9935090340668061 
-0.11199999999999999 0.9937345533609072 
-0.10999999999999999 0.9939560977182135 
-0.10799999999999998 0.994173666252552 
-0.10599999999999998 0.9943872580936524 
-0.10399999999999998 0.9945968723871511 
-0.10199999999999998 0.994802508294595 
-0.09999999999999998 0.9950041649934446 
-0.09799999999999998 0.9952018416770759 
-0.09599999999999997 0.9953955375547868 
-0.09399999999999997 0.9955852518517971 
-0.09199999999999997 0.9957709838092534 
-0.08999999999999997 0.9959527326842311 
-0.08799999999999997 0.9961304977497384 
-0.08599999999999997 0.9963042782947183 
-0.08399999999999996 0.9964740736240523 
-0.08199999999999996 0.9966398830585621 
-0.07999999999999996 0.9968017059350133 
-0.07799999999999996 0.9969595416061175 
-0.07599999999999996 0.9971133894405352 
-0.07399999999999995 0.997263248822878 
-0.07199999999999995 0.9974091191537114 
-0.06999999999999995 0.9975509998495572 
-0.06799999999999995 0.9976888903428952 
-0.06599999999999995 0.9978227900821661 
-0.06399999999999995 0.9979526985317744 
-0.061999999999999944 0.9980786151720878 
-0.05999999999999994 0.9982005394994432 
-0.05799999999999994 0.9983184710261452 
-0.05599999999999994 0.9984324092804706 
-0.05399999999999994 0.9985423538066682 
-0.051999999999999935 0.9986483041649628 
-0.04999999999999993 0.9987502599315543 
-0.04799999999999993 0.9988482206986227 
-0.04599999999999993 0.9989421860743264 
-0.04399999999999993 0.9990321556828057 
-0.041999999999999926 0.9991181291641845 
-0.040000000000000036 0.9992001061745704 
-0.038000000000000034 0.9992780863860571 
-0.03600000000000003 0.9993520694867254 
-0.03400000000000003 0.9994220551806446 
-0.03200000000000003 0.9994880431878733 
-0.030000000000000027 0.9995500332444609 
-0.028000000000000025 0.9996080251024482 
-0.026000000000000023 0.9996620185298696 
-0.02400000000000002 0.9997120133107519 
-0.02200000000000002 0.9997580092451173 
-0.020000000000000018 0.9998000061489831 
-0.018000000000000016 0.9998380038543626 
-0.016000000000000014 0.9998720022092655 
-0.014000000000000012 0.9999020010776997 
-0.01200000000000001 0.9999280003396696 
-0.010000000000000009 0.9999499998911792 
-0.008000000000000007 0.9999679996442308 
-0.006000000000000005 0.9999819995268255 
-0.0040000000000000036 0.9999919994829642 
-0.0020000000000000018 0.9999979994726473 
0.0 0.999999999471875 
0.0020000000000000018 0.9999979994726473 
0.0040000000000000036 0.9999919994829642 
0.006000000000000005 0.9999819995268255 
0.008000000000000007 0.999967999644231 
0.010000000000000009 0.9999499998911794 
0.01200000000000001 0.9999280003396698 
0.014000000000000012 0.9999020010776997 
0.016000000000000014 0.9998720022092655 
0.018000000000000016 0.9998380038543626 
0.020000000000000018 0.9998000061489831 
0.02200000000000002 0.9997580092451175 
0.02400000000000002 0.9997120133107521 
0.026000000000000023 0.9996620185298698 
0.028000000000000025 0.9996080251024486 
0.030000000000000027 0.9995500332444613 
0.03200000000000003 0.9994880431878738 
0.03400000000000003 0.9994220551806451 
0.03600000000000003 0.9993520694867261 
0.038000000000000034 0.9992780863860578 
0.040000000000000036 0.9992001061745709 
0.04200000000000004 0.999118129164185 
0.04400000000000004 0.9990321556828061 
0.04600000000000004 0.9989421860743268 
0.04800000000000004 0.9988482206986231 
0.050000000000000044 0.998750259931555 
0.052000000000000046 0.9986483041649634 
0.05400000000000005 0.9985423538066689 
0.05600000000000005 0.9984324092804712 
0.05800000000000005 0.9983184710261459 
0.06000000000000005 0.9982005394994439 
0.062000000000000055 0.9980786151720885 
0.06400000000000006 0.997952698531775 
0.06600000000000006 0.997822790082167 
0.06800000000000006 0.9976888903428959 
0.07000000000000006 0.9975509998495579 
0.07200000000000006 0.9974091191537121 
0.07400000000000007 0.9972632488228786 
0.07600000000000007 0.9971133894405358 
0.07800000000000007 0.9969595416061182 
0.08000000000000007 0.9968017059350139 
0.08200000000000007 0.996639883058563 
0.08400000000000007 0.9964740736240534 
0.08600000000000008 0.9963042782947195 
0.08800000000000008 0.9961304977497395 
0.09000000000000008 0.9959527326842322 
0.09200000000000008 0.9957709838092546 
0.09400000000000008 0.9955852518517982 
0.09600000000000009 0.9953955375547879 
0.09800000000000009 0.995201841677077 
0.10000000000000009 0.9950041649934455 
0.10200000000000009 0.9948025082945962 
0.10400000000000009 0.9945968723871522 
0.1060000000000001 0.9943872580936535 
0.1080000000000001 0.994173666252553 
0.1100000000000001 0.9939560977182147 
0.1120000000000001 0.9937345533609083 
0.1140000000000001 0.9935090340668072 
0.1160000000000001 0.9932795407379851 
0.1180000000000001 0.9930460742924105 
0.1200000000000001 0.9928086356639455 
0.12200000000000011 0.9925672258023402 
0.12400000000000011 0.9923218456732299 
0.1260000000000001 0.9920724962581308 
0.1280000000000001 0.9918191785544362 
0.13000000000000012 0.9915618935754128 
0.13200000000000012 0.9913006423501959 
0.13400000000000012 0.991035425923786 
0.13600000000000012 0.9907662453570445 
0.13800000000000012 0.9904931017266889 
0.14000000000000012 0.9902159961252897 
0.14200000000000013 0.9899349296612643 
0.14400000000000013 0.9896499034588742 
0.14600000000000013 0.9893609186582198 
0.14800000000000013 0.9890679764152355 
0.15000000000000013 0.9887710779016855 
0.15200000000000014 0.9884702243051594 
0.15399999999999991 0.9881654168290668 
0.15599999999999992 0.987856656692633 
0.15799999999999992 0.987543945130894 
0.15999999999999992 0.9872272833946909 
0.16199999999999992 0.9869066727506663 
0.16399999999999992 0.986582114481258 
0.16599999999999993 0.9862536098846942 
0.16799999999999993 0.9859211602749886 
0.16999999999999993 0.9855847669819348 
0.17199999999999993 0.9852444313511013 
0.17399999999999993 0.9849001547438256 
0.17599999999999993 0.9845519385372098 
0.17799999999999994 0.9841997841241138 
0.17999999999999994 0.9838436929131503 
0.18199999999999994 0.9834836663286797 
0.18399999999999994 0.9831197058108033 
0.18599999999999994 0.9827518128153584 
0.18799999999999994 0.9823799888139124 
0.18999999999999995 0.9820042352937566 
0.19199999999999995 0.9816245537579003 
0.19399999999999995 0.9812409457250649 
0.19599999999999995 0.980853412729678 
0.19799999999999995 0.9804619563218665 
0.19999999999999996 0.9800665780674521 
0.20199999999999996 0.9796672795479425 
0.20399999999999996 0.9792640623605274 
0.20599999999999996 0.9788569281180711 
0.20799999999999996 0.9784458784491059 
0.20999999999999996 0.978030914997826 
0.21199999999999997 0.9776120394240806 
0.21399999999999997 0.9771892534033675 
0.21599999999999997 0.9767625586268265 
0.21799999999999997 0.9763319568012322 
0.21999999999999997 0.9758974496489875 
0.22199999999999998 0.9754590389081166 
0.22399999999999998 0.9750167263322584 
0.22599999999999998 0.9745705136906587 
0.22799999999999998 0.974120402768164 
0.22999999999999998 0.9736663953652139 
0.23199999999999998 0.9732084932978337 
0.23399999999999999 0.9727466983976277 
0.236 0.9722810125117713 
0.238 0.9718114375030041 
0.24 0.9713379752496224 
0.242 0.9708606276454711 
0.244 0.9703793965999367 
0.246 0.96989428403794 
0.248 0.9694052918999271 
0.25 0.968912422141863 
0.252 0.9684156767352233 
0.254 0.967915057666986 
0.256 0.9674105669396239 
0.258 0.9669022065710964 
0.26 0.9663899785948418 
0.262 0.9658738850597685 
0.264 0.9653539280302473 
0.266 0.9648301095861035 
0.268 0.9643024318226076 
0.27 0.9637708968504677 
0.272 0.9632355067958208 
0.274 0.9626962638002241 
0.276 0.9621531700206469 
0.278 0.9616062276294615 
0.28 0.961055438814435 
0.28200000000000003 0.9605008057787199 
0.28400000000000003 0.9599423307408459 
0.28600000000000003 0.9593800159347108 
0.28800000000000003 0.9588138636095717 
0.29000000000000004 0.9582438760300351 
0.29200000000000004 0.9576700554760497 
0.29400000000000004 0.9570924042428953 
0.29600000000000004 0.9565109246411749 
0.29800000000000004 0.9559256189968053 
0.30000000000000004 0.9553364896510069 
0.30200000000000005 0.9547435389602955 
0.30400000000000005 0.9541467692964722 
0.30600000000000005 0.9535461830466142 
0.30800000000000005 0.9529417826130648 
0.31000000000000005 0.9523335704134246 
0.31200000000000006 0.9517215488805411 
0.31400000000000006 0.951105720462499 
0.31600000000000006 0.9504860876226109 
0.31800000000000006 0.9498626528394075 
0.32000000000000006 0.9492354186066266 
0.32200000000000006 0.9486043874332046 
0.32400000000000007 0.9479695618432653 
0.32600000000000007 0.9473309443761107 
0.32800000000000007 0.9466885375862097 
0.33000000000000007 0.9460423440431893 
0.3320000000000001 0.9453923663318236 
0.3340000000000001 0.9447386070520225 
0.3360000000000001 0.9440810688188237 
0.3380000000000001 0.9434197542623795 
0.3400000000000001 0.9427546660279486 
0.3420000000000001 0.9420858067758838 
0.3440000000000001 0.9414131791816226 
0.3460000000000001 0.9407367859356754 
0.3480000000000001 0.940056629743616 
0.3500000000000001 0.9393727133260693 
0.3520000000000001 0.9386850394187017 
0.3540000000000001 0.93799361077221 
0.3560000000000001 0.9372984301523091 
0.3580000000000001 0.9365995003397227 
0.3600000000000001 0.9358968241301707 
0.3620000000000001 0.9351904043343594 
0.3640000000000001 0.9344802437779691 
0.3660000000000001 0.9337663453016435 
0.3680000000000001 0.9330487117609777 
0.3700000000000001 0.9323273460265076 
0.3720000000000001 0.9316022509836972 
0.3740000000000001 0.930873429532929 
0.3760000000000001 0.9301408845894903 
0.3780000000000001 0.9294046190835624 
0.3800000000000001 0.92866463596021 
0.3820000000000001 0.9279209381793675 
0.3840000000000001 0.9271735287158277 
0.3860000000000001 0.9264224105592314 
0.3880000000000001 0.9256675867140528 
0.3900000000000001 0.9249090601995905 
0.3920000000000001 0.9241468340499522 
0.39400000000000013 0.923380911314046 
0.39600000000000013 0.9226112950555652 
0.39800000000000013 0.9218379883529773 
0.40000000000000013 0.9210609942995124 
0.40200000000000014 0.9202803160031493 
0.40400000000000014 0.9194959565866044 
0.40600000000000014 0.9187079191873184 
0.4079999999999999 0.9179162069574442 
0.4099999999999999 0.9171208230638341 
0.4119999999999999 0.9163217706880268 
0.4139999999999999 0.9155190530262353 
0.4159999999999999 0.9147126732893336 
0.4179999999999999 0.9139026347028444 
0.41999999999999993 0.9130889405069258 
0.42199999999999993 0.9122715939563579 
0.42399999999999993 0.9114505983205311 
0.42599999999999993 0.9106259568834316 
0.42799999999999994 0.9097976729436289 
0.42999999999999994 0.908965749814263 
0.43199999999999994 0.9081301908230305 
0.43399999999999994 0.907290999312171 
0.43599999999999994 0.9064481786384553 
0.43799999999999994 0.9056017321731697 
0.43999999999999995 0.9047516633021051 
0.44199999999999995 0.9038979754255405 
0.44399999999999995 0.9030406719582325 
0.44599999999999995 0.9021797563293988 
0.44799999999999995 0.9013152319827068 
0.44999999999999996 0.9004471023762578 
0.45199999999999996 0.8995753709825755 
0.45399999999999996 0.8987000412885896 
0.45599999999999996 0.8978211167956236 
0.45799999999999996 0.8969386010193802 
0.45999999999999996 0.8960524974899271 
0.46199999999999997 0.8951628097516833 
0.46399999999999997 0.8942695413634042 
0.46599999999999997 0.8933726958981686 
0.46799999999999997 0.8924722769433627 
0.47 0.8915682881006677 
0.472 0.8906607329860432 
0.474 0.8897496152297146 
0.476 0.8888349384761581 
0.478 0.8879167063840854 
0.48 0.8869949226264298 
0.482 0.8860695908903311 
0.484 0.8851407148771214 
0.486 0.8842082983023094 
0.488 0.8832723448955662 
0.49 0.8823328584007104 
0.492 0.881389842575693 
0.494 0.8804433011925821 
0.496 0.8794932380375478 
0.498 0.8785396569108475 
0.5 0.8775825616268111 
0.502 0.8766219560138239 
0.504 0.8756578439143132 
0.506 0.8746902291847323 
0.508 0.8737191156955445 
0.51 0.8727445073312088 
0.512 0.8717664079901628 
0.514 0.8707848215848086 
0.516 0.8697997520414965 
0.518 0.8688112033005085 
0.52 0.8678191793160448 
0.522 0.866823684056205 
0.524 0.8658247215029746 
0.526 0.8648222956522083 
0.528 0.8638164105136132 
0.53 0.8628070701107341 
0.532 0.8617942784809367 
0.534 0.8607780396753912 
0.536 0.859758357759057 
0.538 0.8587352368106651 
0.54 0.8577086809227031 
0.542 0.8566786942013983 
0.544 0.8556452807667009 
0.546 0.8546084447522678 
0.548 0.8535681903054466 
0.55 0.8525245215872582 
0.552 0.8514774427723804 
0.554 0.8504269580491315 
0.556 0.849373071619453 
0.558 0.8483157876988937 
0.56 0.8472551105165914 
0.562 0.8461910443152577 
0.5640000000000001 0.8451235933511596 
0.5660000000000001 0.8440527618941026 
0.5680000000000001 0.8429785542274155 
0.5700000000000001 0.8419009746479301 
0.5720000000000001 0.8408200274659668 
0.5740000000000001 0.8397357170053159 
0.5760000000000001 0.8386480476032209 
0.5780000000000001 0.8375570236103603 
0.5800000000000001 0.8364626493908317 
0.5820000000000001 0.8353649293221324 
0.5840000000000001 0.8342638677951438 
0.5860000000000001 0.8331594692141128 
0.5880000000000001 0.8320517379966338 
0.5900000000000001 0.8309406785736325 
0.5920000000000001 0.8298262953893463 
0.5940000000000001 0.8287085929013082 
0.5960000000000001 0.8275875755803276 
0.5980000000000001 0.8264632479104734 
0.6000000000000001 0.8253356143890559 
0.6020000000000001 0.8242046795266081 
0.6040000000000001 0.823070447846869 
0.6060000000000001 0.8219329238867636 
0.6080000000000001 0.8207921121963866 
0.6100000000000001 0.8196480173389827 
0.6120000000000001 0.8185006438909301 
0.6140000000000001 0.8173499964417206 
0.6160000000000001 0.8161960795939412 
0.6180000000000001 0.8150388979632575 
0.6200000000000001 0.8138784561783929 
0.6220000000000001 0.8127147588811118 
0.6240000000000001 0.8115478107262006 
0.6260000000000001 0.8103776163814481 
0.6280000000000001 0.8092041805276285 
0.6300000000000001 0.8080275078584814 
0.6320000000000001 0.8068476030806935 
0.6340000000000001 0.8056644709138795 
0.6360000000000001 0.8044781160905636 
0.6380000000000001 0.8032885433561608 
0.6400000000000001 0.8020957574689568 
0.6420000000000001 0.80089976320009 
0.6440000000000001 0.7997005653335323 
0.6460000000000001 0.7984981686660692 
0.6480000000000001 0.7972925780072816 
0.6500000000000001 0.7960837981795261 
0.6520000000000001 0.7948718340179157 
0.6540000000000001 0.7936566903703002 
0.6560000000000001 0.7924383720972477 
0.6580000000000001 0.7912168840720238 
0.6600000000000001 0.7899922311805737 
0.6620000000000001 0.7887644183215012 
0.6640000000000001 0.7875334504060499 
0.6659999999999999 0.7862993323580834 
0.6679999999999999 0.7850620691140653 
0.6699999999999999 0.7838216656230406 
0.6719999999999999 0.782578126846614 
0.6739999999999999 0.7813314577589318 
0.6759999999999999 0.7800816633466607 
0.6779999999999999 0.7788287486089693 
0.6799999999999999 0.7775727185575065 
0.6819999999999999 0.7763135782163828 
0.6839999999999999 0.7750513326221489 
0.6859999999999999 0.773785986823777 
0.688 0.7725175458826393 
0.69 0.7712460148724889 
0.692 0.7699713988794388 
0.694 0.7686937030019412 
0.696 0.7674129323507682 
0.698 0.7661290920489905 
0.7 0.7648421872319572 
0.702 0.7635522230472755 
0.704 0.7622592046547895 
0.706 0.7609631372265601 
0.708 0.7596640259468441 
0.71 0.7583618760120735 
0.712 0.7570566926308346 
0.714 0.7557484810238478 
0.716 0.7544372464239457 
0.718 0.7531229940760529 
0.72 0.7518057292371647 
0.722 0.7504854571763262 
0.724 0.7491621831746113 
0.726 0.7478359125251016 
0.728 0.7465066505328651 
0.73 0.7451744025149348 
0.732 0.7438391738002882 
0.734 0.7425009697298244 
0.736 0.7411597956563452 
0.738 0.7398156569445312 
0.74 0.7384685589709218 
0.742 0.7371185071238937 
0.744 0.7357655068036384 
0.746 0.7344095634221418 
0.748 0.7330506824031613 
0.75 0.7316888691822058 
0.752 0.7303241292065118 
0.754 0.7289564679350233 
0.756 0.7275858908383701 
0.758 0.7262124033988441 
0.76 0.7248360111103793 
0.762 0.7234567194785291 
0.764 0.7220745340204439 
0.766 0.7206894602648497 
0.768 0.7193015037520262 
0.77 0.7179106700337831 
0.772 0.71651696467344 
0.774 0.7151203932458026 
0.776 0.7137209613371412 
0.778 0.7123186745451681 
0.78 0.7109135384790154 
0.782 0.7095055587592121 
0.784 0.7080947410176622 
0.786 0.7066810908976223 
0.788 0.7052646140536781 
0.79 0.7038453161517227 
0.792 0.702423202868934 
0.794 0.7009982798937512 
0.796 0.6995705529258527 
0.798 0.6981400276761331 
0.8 0.6967067098666809 
0.802 0.6952706052307546 
0.804 0.6938317195127608 
0.806 0.6923900584682304 
0.808 0.6909456278637963 
0.81 0.6894984334771703 
0.812 0.688048481097119 
0.8140000000000001 0.6865957765234425 
0.8160000000000001 0.6851403255669494 
0.8180000000000001 0.6836821340494346 
0.8200000000000001 0.6822212078036559 
0.8220000000000001 0.6807575526733104 
0.8240000000000001 0.6792911745130114 
0.8260000000000001 0.6778220791882655 
0.8280000000000001 0.6763502725754479 
0.8300000000000001 0.6748757605617796 
0.8320000000000001 0.6733985490453047 
0.8340000000000001 0.6719186439348654 
0.8360000000000001 0.6704360511500794 
0.8380000000000001 0.6689507766213157 
0.8400000000000001 0.6674628262896714 
0.8420000000000001 0.6659722061069475 
0.8440000000000001 0.6644789220356256 
0.8460000000000001 0.662982980048843 
0.8480000000000001 0.661484386130371 
0.8500000000000001 0.6599831462745883 
0.8520000000000001 0.6584792664864594 
0.8540000000000001 0.6569727527815092 
0.8560000000000001 0.6554636111857991 
0.8580000000000001 0.6539518477359042 
0.8600000000000001 0.6524374684788873 
0.8620000000000001 0.6509204794722762 
0.8640000000000001 0.6494008867840387 
0.8660000000000001 0.6478786964925594 
0.8680000000000001 0.6463539146866135 
0.8700000000000001 0.6448265474653444 
0.8720000000000001 0.643296600938239 
0.8740000000000001 0.6417640812251022 
0.8760000000000001 0.6402289944560337 
0.8780000000000001 0.6386913467714028 
0.8800000000000001 0.6371511443218242 
0.8820000000000001 0.6356083932681336 
0.8840000000000001 0.6340630997813622 
0.8860000000000001 0.632515270042714 
0.8880000000000001 0.6309649102435385 
0.8900000000000001 0.6294120265853081 
0.8920000000000001 0.6278566252795929 
0.8940000000000001 0.6262987125480347 
0.8960000000000001 0.624738294622324 
0.8980000000000001 0.6231753777441735 
0.9000000000000001 0.6216099681652946 
0.9020000000000001 0.6200420721473711 
0.9040000000000001 0.6184716959620352 
0.9060000000000001 0.6168988458908424 
0.9080000000000001 0.6153235282252459 
0.9100000000000001 0.6137457492665717 
0.9120000000000001 0.6121655153259935 
0.9140000000000001 0.6105828327245081 
0.9160000000000001 0.6089977077929091 
0.9180000000000001 0.6074101468717624 
0.9199999999999999 0.6058201563113808 
0.9219999999999999 0.6042277424717979 
0.9239999999999999 0.6026329117227442 
0.9259999999999999 0.601035670443621 
0.9279999999999999 0.5994360250234738 
0.9299999999999999 0.597833981860969 
0.9319999999999999 0.5962295473643666 
0.9339999999999999 0.5946227279514954 
0.9359999999999999 0.5930135300497273 
0.938 0.5914019600959518 
0.94 0.5897880245365499 
0.942 0.5881717298273692 
0.944 0.5865530824336971 
0.946 0.5849320888302355 
0.948 0.5833087555010759 
0.95 0.5816830889396718 
0.952 0.5800550956488144 
0.954 0.5784247821406053 
0.956 0.5767921549364321 
0.958 0.5751572205669407 
0.96 0.5735199855720106 
0.962 0.5718804565007282 
0.964 0.5702386399113609 
0.966 0.5685945423713312 
0.968 0.5669481704571897 
0.97 0.5652995307545898 
0.972 0.5636486298582613 
0.974 0.5619954743719832 
0.976 0.5603400709085588 
0.978 0.5586824260897885 
0.98 0.5570225465464435 
0.982 0.5553604389182393 
0.984 0.5536961098538101 
0.986 0.5520295660106813 
0.988 0.5503608140552425 
0.99 0.5486898606627232 
0.992 0.5470167125171639 
0.994 0.5453413763113907 
0.996 0.5436638587469883 
0.998 0.5419841665342733 
