-1.0 0.5403023058681238 
-0.998 0.5419841661115475 
-0.996 0.5436638584190168 
-0.994 0.5453413760717697 
-0.992 0.5470167123597419 
-0.99 0.5486898605815926 
-0.988 0.5503608140447322 
-0.986 0.5520295660653507 
-0.984 0.5536961099684422 
-0.982 0.5553604390878331 
-0.98 0.5570225467662088 
-0.978 0.5586824263551414 
-0.976 0.5603400712151139 
-0.974 0.5619954747155493 
-0.972 0.5636486302348352 
-0.97 0.5652995311603516 
-0.968 0.5669481708884971 
-0.966 0.5685945428247146 
-0.964 0.5702386403835189 
-0.962 0.5718804569885223 
-0.96 0.573519986072459 
-0.958 0.5751572210772166 
-0.956 0.5767921554538562 
-0.954 0.5784247826626429 
-0.952 0.5800550961730703 
-0.95 0.5816830894638859 
-0.948 0.5833087560231196 
-0.946 0.584932089348107 
-0.944 0.5865530829455167 
-0.942 0.5881717303313764 
-0.94 0.5897880250310995 
-0.938 0.5914019605795088 
-0.9359999999999999 0.5930135305208641 
-0.9339999999999999 0.5946227284088885 
-0.9319999999999999 0.5962295478067922 
-0.9299999999999999 0.597833982287299 
-0.9279999999999999 0.5994360254326743 
-0.926 0.6010356708347463 
-0.924 0.6026329120949369 
-0.922 0.6042277428242827 
-0.92 0.605820156643463 
-0.918 0.6074101471828242 
-0.916 0.6089977080824062 
-0.914 0.6105828329919681 
-0.912 0.6121655155710122 
-0.91 0.6137457494888102 
-0.908 0.6153235284244285 
-0.906 0.6168988460667533 
-0.904 0.6184716961145164 
-0.902 0.6200420722763198 
-0.9 0.6216099682706613 
-0.898 0.6231753778259578 
-0.896 0.6247382946805741 
-0.894 0.626298712582845 
-0.892 0.6278566252911005 
-0.89 0.6294120265736917 
-0.888 0.630964910209016 
-0.886 0.6325152699855412 
-0.884 0.63406309970183 
-0.882 0.6356083931665648 
-0.88 0.637151144198575 
-0.878 0.6386913466268573 
-0.876 0.6402289942906054 
-0.874 0.6417640810392298 
-0.872 0.6432966007323864 
-0.87 0.6448265472399972 
-0.868 0.646353914442279 
-0.866 0.6478786962297649 
-0.864 0.64940088650333 
-0.862 0.6509204791742144 
-0.86 0.6524374681640501 
-0.858 0.6539518474048831 
-0.856 0.6554636108391992 
-0.854 0.6569727524199452 
-0.852 0.6584792661105575 
-0.85 0.6599831458849833 
-0.848 0.6614843857277055 
-0.846 0.6629829796337667 
-0.844 0.6644789216087934 
-0.842 0.6659722056690199 
-0.84 0.6674628258413109 
-0.838 0.668950776163189 
-0.836 0.6704360506828544 
-0.834 0.6719186434592108 
-0.832 0.6733985485618896 
-0.83 0.6748757600712715 
-0.828 0.676350272078513 
-0.826 0.6778220786855677 
-0.8240000000000001 0.6792911740052116 
-0.8220000000000001 0.6807575521610653 
-0.8200000000000001 0.6822212072876177 
-0.8180000000000001 0.6836821335302506 
-0.8160000000000001 0.685140325045261 
-0.8140000000000001 0.6865957759998847 
-0.812 0.68804848057232 
-0.81 0.6894984329517503 
-0.808 0.6909456273383678 
-0.806 0.6923900579433974 
-0.804 0.6938317189891189 
-0.802 0.695270604708889 
-0.8 0.6967067093471675 
-0.798 0.6981400271595377 
-0.796 0.6995705524127301 
-0.794 0.7009982793846457 
-0.792 0.702423202364378 
-0.79 0.703845315652238 
-0.788 0.7052646135597733 
-0.786 0.706681090409795 
-0.784 0.7080947405363973 
-0.782 0.7095055582849815 
-0.78 0.7109135380122787 
-0.778 0.7123186740863714 
-0.776 0.7137209608867182 
-0.774 0.7151203928041725 
-0.772 0.7165169642410093 
-0.77 0.7179106696109445 
-0.768 0.7193015033391583 
-0.766 0.7206894598623184 
-0.764 0.7220745336285989 
-0.762 0.7234567190977085 
-0.76 0.7248360107409064 
-0.758 0.7262124030410274 
-0.756 0.7275858904925048 
-0.754 0.72895646760139 
-0.752 0.7303241288853769 
-0.75 0.7316888688738221 
-0.748 0.7330506821077678 
-0.746 0.7344095631399615 
-0.744 0.7357655065348823 
-0.742 0.7371185068687576 
-0.74 0.7384685587295885 
-0.738 0.7398156567171689 
-0.736 0.7411597954431093 
-0.734 0.742500969530856 
-0.732 0.743839173615714 
-0.73 0.74517440234487 
-0.728 0.7465066503774099 
-0.726 0.7478359123843438 
-0.724 0.749162183048625 
-0.722 0.7504854570651734 
-0.72 0.7518057291408934 
-0.718 0.7531229939947 
-0.716 0.7544372463575344 
-0.714 0.7557484809723893 
-0.712 0.757056692594328 
-0.71 0.7583618759905058 
-0.708 0.7596640259401906 
-0.706 0.7609631372347848 
-0.704 0.7622592046778441 
-0.702 0.7635522230851014 
-0.7 0.7648421872844847 
-0.698 0.7661290921161384 
-0.696 0.7674129324324452 
-0.694 0.7686937030980457 
-0.692 0.7699713989898587 
-0.69 0.7712460149971023 
-0.688 0.7725175460213144 
-0.6859999999999999 0.7737859869763721 
-0.6839999999999999 0.775051332788514 
-0.6819999999999999 0.7763135783963578 
-0.6799999999999999 0.7775727187509234 
-0.6779999999999999 0.7788287488156506 
-0.6759999999999999 0.7800816635664214 
-0.6739999999999999 0.7813314579915775 
-0.6719999999999999 0.7825781270919439 
-0.6699999999999999 0.7838216658808455 
-0.6679999999999999 0.7850620693841286 
-0.6659999999999999 0.7862993326401809 
-0.6639999999999999 0.7875334506999506 
-0.6619999999999999 0.7887644186269677 
-0.6599999999999999 0.7899922314973625 
-0.6579999999999999 0.7912168843998841 
-0.6559999999999999 0.7924383724359235 
-0.6539999999999999 0.7936566907195293 
-0.6519999999999999 0.7948718343774311 
-0.6499999999999999 0.7960837985490548 
-0.648 0.7972925783865454 
-0.646 0.798498169054786 
-0.644 0.799700565731415 
-0.642 0.8008997636068473 
-0.64 0.8020957578842928 
-0.638 0.8032885437797768 
-0.636 0.8044781165221561 
-0.634 0.8056644713531423 
-0.632 0.8068476035273173 
-0.63 0.8080275083121539 
-0.628 0.8092041809880344 
-0.626 0.81037761684827 
-0.624 0.8115478111991187 
-0.622 0.8127147593598048 
-0.62 0.8138784566625372 
-0.618 0.8150388984525277 
-0.616 0.816196080088011 
-0.614 0.8173499969402626 
-0.612 0.8185006443936158 
-0.61 0.8196480178454831 
-0.608 0.820792112706372 
-0.606 0.8219329243999041 
-0.604 0.823070448362835 
-0.602 0.8242046800450693 
-0.6 0.8253356149096827 
-0.598 0.8264632484329364 
-0.596 0.8275875761042988 
-0.594 0.8287085934264596 
-0.592 0.8298262959153521 
-0.59 0.830940679100168 
-0.588 0.8320517385233744 
-0.586 0.8331594697407364 
-0.584 0.8342638683213307 
-0.5820000000000001 0.8353649298475633 
-0.5800000000000001 0.8364626499151908 
-0.5780000000000001 0.8375570241333335 
-0.5760000000000001 0.8386480481244969 
-0.5740000000000001 0.8397357175245858 
-0.5720000000000001 0.8408200279829244 
-0.5700000000000001 0.8419009751622721 
-0.5680000000000001 0.8429785547388414 
-0.5660000000000001 0.844052762402316 
-0.5640000000000001 0.845123593855866 
-0.562 0.8461910448161681 
-0.56 0.8472551110134185 
-0.558 0.8483157881913548 
-0.556 0.8493730721072699 
-0.554 0.8504269585320287 
-0.552 0.8514774432500871 
-0.55 0.8525245220595079 
-0.548 0.853568190771977 
-0.546 0.8546084452128213 
-0.544 0.8556452812210241 
-0.542 0.8566786946492426 
-0.54 0.8577086813638253 
-0.538 0.858735237244826 
-0.536 0.8597583581860228 
-0.534 0.860778040094933 
-0.532 0.8617942788928304 
-0.53 0.8628070705147616 
-0.528 0.8638164109095612 
-0.526 0.8648222960398687 
-0.524 0.865824721882145 
-0.522 0.8668236844266884 
-0.52 0.8678191796776497 
-0.518 0.8688112036530499 
-0.516 0.8697997523847932 
-0.514 0.870784821918687 
-0.512 0.871766408314454 
-0.51 0.8727445076457505 
-0.508 0.8737191160001794 
-0.506 0.8746902294793094 
-0.504 0.8756578441986882 
-0.502 0.8766219562878574 
-0.5 0.8775825618903702 
-0.498 0.8785396571638058 
-0.496 0.8794932382797841 
-0.494 0.8804433014239818 
-0.492 0.8813898427961475 
-0.49 0.8823328586101179 
-0.488 0.8832723450938301 
-0.486 0.8842082984893392 
-0.484 0.8851407150528338 
-0.482 0.8860695910546479 
-0.48 0.8869949227792792 
-0.478 0.8879167065254027 
-0.476 0.888834938605883 
-0.474 0.8897496153477948 
-0.472 0.8906607330924311 
-0.47 0.8915682881953227 
-0.46799999999999997 0.8924722770262503 
-0.46599999999999997 0.8933726959692597 
-0.46399999999999997 0.8942695414226768 
-0.46199999999999997 0.8951628097991203 
-0.45999999999999996 0.8960524975255181 
-0.45799999999999996 0.8969386010431205 
-0.45599999999999996 0.8978211168075142 
-0.45399999999999996 0.8987000412886386 
-0.45199999999999996 0.8995753709707961 
-0.44999999999999996 0.9004471023526689 
-0.44799999999999995 0.9013152319473331 
-0.44599999999999995 0.902179756282271 
-0.44399999999999995 0.9030406718993867 
-0.44199999999999995 0.9038979753550187 
-0.43999999999999995 0.9047516632199553 
-0.43799999999999994 0.9056017320794446 
-0.43599999999999994 0.9064481785332135 
-0.43399999999999994 0.9072909991954767 
-0.43199999999999994 0.9081301906949529 
-0.42999999999999994 0.9089657496748773 
-0.42799999999999994 0.9097976727930149 
-0.42599999999999993 0.9106259567216741 
-0.42399999999999993 0.9114505981477209 
-0.42200000000000004 0.9122715937725907 
-0.42000000000000004 0.9130889403123014 
-0.41800000000000004 0.9139026344974683 
-0.41600000000000004 0.9147126730733163 
-0.41400000000000003 0.9155190527996911 
-0.41200000000000003 0.9163217704510753 
-0.41000000000000003 0.9171208228166001 
-0.40800000000000003 0.917916206700056 
-0.406 0.918707918919909 
-0.404 0.9194959563093117 
-0.402 0.9202803157161146 
-0.4 0.9210609940028819 
-0.398 0.9218379880469013 
-0.396 0.9226112947401975 
-0.394 0.9233809109895457 
-0.392 0.9241468337164802 
-0.39 0.9249090598573129 
-0.388 0.9256675863631385 
-0.386 0.926422410199853 
-0.384 0.927173528348162 
-0.382 0.9279209378035941 
-0.38 0.9286646355765121 
-0.378 0.9294046186921259 
-0.376 0.9301408841905044 
-0.374 0.9308734291265862 
-0.372 0.9316022505701925 
-0.37 0.9323273456060387 
-0.368 0.9330487113337455 
-0.366 0.9337663448678513 
-0.364 0.9344802433378223 
-0.362 0.9351904038880656 
-0.36 0.9358968236779409 
-0.358 0.9365994998817693 
-0.356 0.9372984296888466 
-0.354 0.9379936103034551 
-0.352 0.9386850389448728 
-0.35 0.9393727128473864 
-0.348 0.9400566292603009 
-0.346 0.9407367854479517 
-0.344 0.9414131786897153 
-0.34199999999999997 0.9420858062800194 
-0.33999999999999997 0.9427546655283545 
-0.33799999999999997 0.9434197537592841 
-0.33599999999999997 0.9440810683124563 
-0.33399999999999996 0.9447386065426142 
-0.33199999999999996 0.945392365819606 
-0.32999999999999996 0.9460423435283948 
-0.32799999999999996 0.9466885370690706 
-0.32599999999999996 0.9473309438568608 
-0.32399999999999995 0.9479695613221385 
-0.32199999999999995 0.9486043869104344 
-0.31999999999999995 0.9492354180824479 
-0.31799999999999995 0.9498626523140545 
-0.31599999999999995 0.9504860870963183 
-0.31399999999999995 0.9511057199355013 
-0.31199999999999994 0.951721548353072 
-0.30999999999999994 0.9523335698857188 
-0.30799999999999994 0.9529417820853555 
-0.30599999999999994 0.9535461825191347 
-0.30399999999999994 0.9541467687694554 
-0.30199999999999994 0.954743538433973 
-0.29999999999999993 0.9553364891256099 
-0.29799999999999993 0.9559256184725639 
-0.29600000000000004 0.9565109241183184 
-0.29400000000000004 0.9570924037216522 
-0.29200000000000004 0.9576700549566471 
-0.29000000000000004 0.9582438755126991 
-0.28800000000000003 0.9588138630945263 
-0.28600000000000003 0.9593800154221802 
-0.28400000000000003 0.9599423302310514 
-0.28200000000000003 0.9605008052718813 
-0.28 0.9610554383107712 
-0.278 0.9616062271291892 
-0.276 0.9621531695239804 
-0.274 0.9626962633073766 
-0.272 0.9632355063070034 
-0.27 0.9637708963658895 
-0.268 0.9643024313424752 
-0.266 0.9648301091106208 
-0.264 0.9653539275596165 
-0.262 0.965873884594189 
-0.26 0.9663899781345111 
-0.258 0.9669022061162094 
-0.256 0.9674105664903719 
-0.254 0.9679150572235591 
-0.252 0.9684156762978076 
-0.25 0.968912421710642 
-0.248 0.969405291475082 
-0.246 0.9698942836196484 
-0.244 0.9703793961883734 
-0.242 0.9708606272408075 
-0.24 0.9713379748520274 
-0.238 0.9718114371126427 
-0.236 0.9722810121288057 
-0.23399999999999999 0.9727466980222164 
-0.23199999999999998 0.9732084929301315 
-0.22999999999999998 0.973666395005373 
-0.22799999999999998 0.9741204024163328 
-0.22599999999999998 0.9745705133469817 
-0.22399999999999998 0.9750167259968768 
-0.22199999999999998 0.9754590385811677 
-0.21999999999999997 0.9758974493306048 
-0.21799999999999997 0.976331956491546 
-0.21599999999999997 0.9767625583259631 
-0.21399999999999997 0.9771892531114487 
-0.21199999999999997 0.9776120391412252 
-0.20999999999999996 0.9780309147241485 
-0.20799999999999996 0.978445878184717 
-0.20599999999999996 0.9788569278630778 
-0.20399999999999996 0.9792640621150318 
-0.20199999999999996 0.9796672793120428 
-0.19999999999999996 0.980066577841243 
-0.19799999999999995 0.9804619561054388 
-0.19599999999999995 0.9808534125231172 
-0.19399999999999995 0.9812409455284532 
-0.19199999999999995 0.9816245535713155 
-0.18999999999999995 0.9820042351172724 
-0.18799999999999994 0.9823799886475981 
-0.18599999999999994 0.9827518126592791 
-0.18399999999999994 0.98311970566502 
-0.18199999999999994 0.9834836661932488 
-0.17999999999999994 0.9838436927881242 
-0.17799999999999994 0.9841997840095394 
-0.17599999999999993 0.9845519384331318 
-0.17399999999999993 0.9849001546502832 
-0.17199999999999993 0.9852444312681287 
-0.16999999999999993 0.9855847669095631 
-0.16799999999999993 0.9859211602132438 
-0.16600000000000004 0.9862536098335982 
-0.16400000000000003 0.9865821144408282 
-0.16200000000000003 0.9869066727209157 
-0.16000000000000003 0.9872272833756286 
-0.15800000000000003 0.9875439451225242 
-0.15600000000000003 0.9878566566949557 
-0.15400000000000003 0.9881654168420779 
-0.15200000000000002 0.9884702243288502 
-0.15000000000000002 0.9887710779360431 
-0.14800000000000002 0.9890679764602426 
-0.14600000000000002 0.9893609187138548 
-0.14400000000000002 0.9896499035251114 
-0.14200000000000002 0.9899349297380733 
-0.14 0.9902159962126359 
-0.138 0.9904931018245346 
-0.136 0.9907662454653463 
-0.134 0.9910354260424973 
-0.132 0.991300642479266 
-0.13 0.9915618937147859 
-0.128 0.9918191787040527 
-0.126 0.9920724964179277 
-0.124 0.9923218458431392 
-0.122 0.9925672259822914 
-0.12 0.992808635853862 
-0.118 0.9930460744922134 
-0.11599999999999999 0.9932795409475911 
-0.11399999999999999 0.9935090342861295 
-0.11199999999999999 0.993734553589855 
-0.10999999999999999 0.9939560979566913 
-0.10799999999999998 0.9941736665004614 
-0.10599999999999998 0.9943872583508906 
-0.10399999999999998 0.9945968726536125 
-0.10199999999999998 0.9948025085701699 
-0.09999999999999998 0.9950041652780194 
-0.09799999999999998 0.9952018419705344 
-0.09599999999999997 0.9953955378570087 
-0.09399999999999997 0.9955852521626587 
-0.09199999999999997 0.9957709841286275 
-0.08999999999999997 0.9959527330119873 
-0.08799999999999997 0.9961304980857432 
-0.08599999999999997 0.9963042786388352 
-0.08399999999999996 0.9964740739761411 
-0.08199999999999996 0.9966398834184794 
-0.07999999999999996 0.996801706302613 
-0.07799999999999996 0.9969595419812505 
-0.07599999999999996 0.997113389823049 
-0.07399999999999995 0.9972632492126184 
-0.07199999999999995 0.9974091195505204 
-0.06999999999999995 0.9975510002532737 
-0.06799999999999995 0.9976888907533564 
-0.06599999999999995 0.9978227904992065 
-0.06399999999999995 0.9979526989552245 
-0.061999999999999944 0.9980786156017779 
-0.05999999999999994 0.9982005399351994 
-0.05799999999999994 0.9983184714677924 
-0.05599999999999994 0.9984324097278304 
-0.05399999999999994 0.998542354259561 
-0.051999999999999935 0.9986483046232058 
-0.04999999999999993 0.9987502603949635 
-0.04799999999999993 0.9988482211670112 
-0.04599999999999993 0.9989421865475064 
-0.04399999999999993 0.9990321561605872 
-0.041999999999999926 0.999118129646375 
-0.040000000000000036 0.9992001066609768 
-0.038000000000000034 0.9992780868764842 
-0.03600000000000003 0.9993520699809765 
-0.03400000000000003 0.9994220556785212 
-0.03200000000000003 0.9994880436891759 
-0.030000000000000027 0.9995500337489881 
-0.028000000000000025 0.9996080256099985 
-0.026000000000000023 0.9996620190402392 
-0.02400000000000002 0.9997120138237364 
-0.02200000000000002 0.9997580097605113 
-0.020000000000000018 0.9998000066665802 
-0.018000000000000016 0.9998380043739555 
-0.016000000000000014 0.9998720027306467 
-0.014000000000000012 0.9999020016006598 
-0.01200000000000001 0.9999280008639996 
-0.010000000000000009 0.9999500004166691 
-0.008000000000000007 0.9999680001706701 
-0.006000000000000005 0.9999820000540041 
-0.0040000000000000036 0.999992000010671 
-0.0020000000000000018 0.9999980000006712 
0.0 1.0000000000000044 
0.0020000000000000018 0.9999980000006716 
0.0040000000000000036 0.9999920000106717 
0.006000000000000005 0.999982000054005 
0.008000000000000007 0.999968000170671 
0.010000000000000009 0.99995000041667 
0.01200000000000001 0.9999280008640009 
0.014000000000000012 0.9999020016006609 
0.016000000000000014 0.999872002730648 
0.018000000000000016 0.9998380043739573 
0.020000000000000018 0.9998000066665822 
0.02200000000000002 0.9997580097605135 
0.02400000000000002 0.9997120138237389 
0.026000000000000023 0.9996620190402417 
0.028000000000000025 0.9996080256100014 
0.030000000000000027 0.9995500337489914 
0.03200000000000003 0.9994880436891794 
0.03400000000000003 0.9994220556785245 
0.03600000000000003 0.9993520699809798 
0.038000000000000034 0.999278086876488 
0.040000000000000036 0.9992001066609806 
0.04200000000000004 0.999118129646379 
0.04400000000000004 0.9990321561605909 
0.04600000000000004 0.99894218654751 
0.04800000000000004 0.998848221167015 
0.050000000000000044 0.9987502603949675 
0.052000000000000046 0.99864830462321 
0.05400000000000005 0.9985423542595652 
0.05600000000000005 0.9984324097278348 
0.05800000000000005 0.9983184714677966 
0.06000000000000005 0.9982005399352041 
0.062000000000000055 0.9980786156017826 
0.06400000000000006 0.9979526989552292 
0.06600000000000006 0.997822790499211 
0.06800000000000006 0.9976888907533609 
0.07000000000000006 0.9975510002532781 
0.07200000000000006 0.9974091195505248 
0.07400000000000007 0.9972632492126229 
0.07600000000000007 0.9971133898230532 
0.07800000000000007 0.9969595419812544 
0.08000000000000007 0.996801706302617 
0.08200000000000007 0.9966398834184834 
0.08400000000000007 0.9964740739761448 
0.08600000000000008 0.9963042786388394 
0.08800000000000008 0.9961304980857472 
0.09000000000000008 0.9959527330119915 
0.09200000000000008 0.9957709841286311 
0.09400000000000008 0.995585252162662 
0.09600000000000009 0.9953955378570123 
0.09800000000000009 0.995201841970538 
0.10000000000000009 0.9950041652780225 
0.10200000000000009 0.994802508570173 
0.10400000000000009 0.9945968726536156 
0.1060000000000001 0.9943872583508935 
0.1080000000000001 0.9941736665004642 
0.1100000000000001 0.9939560979566935 
0.1120000000000001 0.993734553589857 
0.1140000000000001 0.9935090342861317 
0.1160000000000001 0.9932795409475931 
0.1180000000000001 0.9930460744922156 
0.1200000000000001 0.9928086358538636 
0.12200000000000011 0.9925672259822925 
0.12400000000000011 0.9923218458431403 
0.1260000000000001 0.9920724964179283 
0.1280000000000001 0.9918191787040533 
0.13000000000000012 0.991561893714786 
0.13200000000000012 0.9913006424792662 
0.13400000000000012 0.991035426042498 
0.13600000000000012 0.9907662454653465 
0.13800000000000012 0.9904931018245346 
0.14000000000000012 0.9902159962126361 
0.14200000000000013 0.9899349297380733 
0.14400000000000013 0.989649903525111 
0.14600000000000013 0.9893609187138546 
0.14800000000000013 0.9890679764602419 
0.15000000000000013 0.9887710779360421 
0.15200000000000014 0.9884702243288493 
0.15399999999999991 0.9881654168420773 
0.15599999999999992 0.9878566566949553 
0.15799999999999992 0.9875439451225234 
0.15999999999999992 0.9872272833756279 
0.16199999999999992 0.9869066727209153 
0.16399999999999992 0.9865821144408273 
0.16599999999999993 0.9862536098335973 
0.16799999999999993 0.9859211602132429 
0.16999999999999993 0.9855847669095624 
0.17199999999999993 0.985244431268128 
0.17399999999999993 0.9849001546502824 
0.17599999999999993 0.9845519384331314 
0.17799999999999994 0.9841997840095392 
0.17999999999999994 0.9838436927881231 
0.18199999999999994 0.9834836661932477 
0.18399999999999994 0.9831197056650194 
0.18599999999999994 0.982751812659279 
0.18799999999999994 0.9823799886475977 
0.18999999999999995 0.9820042351172724 
0.19199999999999995 0.9816245535713157 
0.19399999999999995 0.9812409455284532 
0.19599999999999995 0.9808534125231173 
0.19799999999999995 0.9804619561054395 
0.19999999999999996 0.9800665778412435 
0.20199999999999996 0.9796672793120432 
0.20399999999999996 0.9792640621150325 
0.20599999999999996 0.9788569278630787 
0.20799999999999996 0.9784458781847183 
0.20999999999999996 0.97803091472415 
0.21199999999999997 0.9776120391412272 
0.21399999999999997 0.9771892531114506 
0.21599999999999997 0.976762558325965 
0.21799999999999997 0.976331956491548 
0.21999999999999997 0.9758974493306072 
0.22199999999999998 0.9754590385811696 
0.22399999999999998 0.975016725996879 
0.22599999999999998 0.9745705133469842 
0.22799999999999998 0.9741204024163357 
0.22999999999999998 0.9736663950053759 
0.23199999999999998 0.9732084929301348 
0.23399999999999999 0.9727466980222194 
0.236 0.9722810121288084 
0.238 0.9718114371126456 
0.24 0.9713379748520302 
0.242 0.9708606272408108 
0.244 0.9703793961883763 
0.246 0.9698942836196516 
0.248 0.9694052914750851 
0.25 0.9689124217106453 
0.252 0.9684156762978104 
0.254 0.9679150572235622 
0.256 0.9674105664903753 
0.258 0.9669022061162116 
0.26 0.9663899781345135 
0.262 0.9658738845941908 
0.264 0.9653539275596178 
0.266 0.964830109110622 
0.268 0.9643024313424758 
0.27 0.9637708963658902 
0.272 0.9632355063070045 
0.274 0.9626962633073775 
0.276 0.9621531695239809 
0.278 0.9616062271291892 
0.28 0.961055438310771 
0.28200000000000003 0.9605008052718811 
0.28400000000000003 0.9599423302310507 
0.28600000000000003 0.9593800154221789 
0.28800000000000003 0.958813863094525 
0.29000000000000004 0.9582438755126973 
0.29200000000000004 0.9576700549566451 
0.29400000000000004 0.9570924037216497 
0.29600000000000004 0.9565109241183157 
0.29800000000000004 0.9559256184725604 
0.30000000000000004 0.9553364891256059 
0.30200000000000005 0.954743538433969 
0.30400000000000005 0.9541467687694507 
0.30600000000000005 0.9535461825191298 
0.30800000000000005 0.9529417820853505 
0.31000000000000005 0.9523335698857133 
0.31200000000000006 0.951721548353066 
0.31400000000000006 0.9511057199354948 
0.31600000000000006 0.9504860870963117 
0.31800000000000006 0.9498626523140478 
0.32000000000000006 0.9492354180824404 
0.32200000000000006 0.948604386910427 
0.32400000000000007 0.9479695613221307 
0.32600000000000007 0.9473309438568529 
0.32800000000000007 0.9466885370690629 
0.33000000000000007 0.946042343528387 
0.3320000000000001 0.9453923658195976 
0.3340000000000001 0.9447386065426061 
0.3360000000000001 0.9440810683124482 
0.3380000000000001 0.9434197537592759 
0.3400000000000001 0.9427546655283459 
0.3420000000000001 0.9420858062800109 
0.3440000000000001 0.9414131786897071 
0.3460000000000001 0.9407367854479437 
0.3480000000000001 0.9400566292602923 
0.3500000000000001 0.9393727128473778 
0.3520000000000001 0.9386850389448647 
0.3540000000000001 0.9379936103034471 
0.3560000000000001 0.9372984296888384 
0.3580000000000001 0.9365994998817615 
0.3600000000000001 0.9358968236779336 
0.3620000000000001 0.9351904038880592 
0.3640000000000001 0.9344802433378157 
0.3660000000000001 0.9337663448678449 
0.3680000000000001 0.9330487113337393 
0.3700000000000001 0.9323273456060334 
0.3720000000000001 0.9316022505701871 
0.3740000000000001 0.9308734291265813 
0.3760000000000001 0.9301408841905002 
0.3780000000000001 0.9294046186921223 
0.3800000000000001 0.928664635576509 
0.3820000000000001 0.9279209378035914 
0.3840000000000001 0.9271735283481598 
0.3860000000000001 0.9264224101998515 
0.3880000000000001 0.9256675863631374 
0.3900000000000001 0.9249090598573119 
0.3920000000000001 0.9241468337164802 
0.39400000000000013 0.9233809109895459 
0.39600000000000013 0.9226112947401991 
0.39800000000000013 0.921837988046903 
0.40000000000000013 0.9210609940028842 
0.40200000000000014 0.9202803157161177 
0.40400000000000014 0.9194959563093149 
0.40600000000000014 0.9187079189199132 
0.4079999999999999 0.9179162067000604 
0.4099999999999999 0.9171208228166046 
0.4119999999999999 0.9163217704510807 
0.4139999999999999 0.9155190527996965 
0.4159999999999999 0.914712673073322 
0.4179999999999999 0.9139026344974748 
0.41999999999999993 0.9130889403123087 
0.42199999999999993 0.9122715937725985 
0.42399999999999993 0.911450598147729 
0.42599999999999993 0.9106259567216825 
0.42799999999999994 0.909797672793023 
0.42999999999999994 0.9089657496748855 
0.43199999999999994 0.9081301906949618 
0.43399999999999994 0.9072909991954861 
0.43599999999999994 0.9064481785332228 
0.43799999999999994 0.9056017320794542 
0.43999999999999995 0.9047516632199648 
0.44199999999999995 0.9038979753550285 
0.44399999999999995 0.9030406718993964 
0.44599999999999995 0.9021797562822809 
0.44799999999999995 0.9013152319473428 
0.44999999999999996 0.900447102352679 
0.45199999999999996 0.8995753709708059 
0.45399999999999996 0.8987000412886486 
0.45599999999999996 0.8978211168075243 
0.45799999999999996 0.8969386010431298 
0.45999999999999996 0.8960524975255275 
0.46199999999999997 0.8951628097991293 
0.46399999999999997 0.8942695414226852 
0.46599999999999997 0.8933726959692684 
0.46799999999999997 0.8924722770262586 
0.47 0.8915682881953307 
0.472 0.8906607330924391 
0.474 0.8897496153478023 
0.476 0.8888349386058902 
0.478 0.8879167065254093 
0.48 0.8869949227792858 
0.482 0.8860695910546542 
0.484 0.8851407150528394 
0.486 0.8842082984893445 
0.488 0.8832723450938353 
0.49 0.8823328586101225 
0.492 0.8813898427961523 
0.494 0.8804433014239857 
0.496 0.8794932382797872 
0.498 0.8785396571638091 
0.5 0.8775825618903734 
0.502 0.87662195628786 
0.504 0.87565784419869 
0.506 0.8746902294793111 
0.508 0.8737191160001805 
0.51 0.8727445076457508 
0.512 0.8717664083144544 
0.514 0.870784821918687 
0.516 0.8697997523847929 
0.518 0.8688112036530486 
0.52 0.8678191796776488 
0.522 0.8668236844266871 
0.524 0.8658247218821437 
0.526 0.8648222960398668 
0.528 0.8638164109095593 
0.53 0.8628070705147596 
0.532 0.8617942788928279 
0.534 0.8607780400949304 
0.536 0.8597583581860199 
0.538 0.8587352372448231 
0.54 0.8577086813638223 
0.542 0.8566786946492393 
0.544 0.8556452812210203 
0.546 0.8546084452128174 
0.548 0.8535681907719728 
0.55 0.8525245220595035 
0.552 0.8514774432500822 
0.554 0.850426958532024 
0.556 0.8493730721072652 
0.558 0.8483157881913501 
0.56 0.8472551110134141 
0.562 0.8461910448161634 
0.5640000000000001 0.8451235938558613 
0.5660000000000001 0.8440527624023115 
0.5680000000000001 0.8429785547388364 
0.5700000000000001 0.8419009751622674 
0.5720000000000001 0.8408200279829197 
0.5740000000000001 0.8397357175245809 
0.5760000000000001 0.838648048124492 
0.5780000000000001 0.8375570241333286 
0.5800000000000001 0.8364626499151857 
0.5820000000000001 0.8353649298475582 
0.5840000000000001 0.8342638683213255 
0.5860000000000001 0.8331594697407314 
0.5880000000000001 0.8320517385233694 
0.5900000000000001 0.8309406791001629 
0.5920000000000001 0.8298262959153476 
0.5940000000000001 0.8287085934264551 
0.5960000000000001 0.827587576104294 
0.5980000000000001 0.8264632484329321 
0.6000000000000001 0.8253356149096782 
0.6020000000000001 0.8242046800450652 
0.6040000000000001 0.8230704483628309 
0.6060000000000001 0.8219329243999004 
0.6080000000000001 0.8207921127063683 
0.6100000000000001 0.8196480178454796 
0.6120000000000001 0.8185006443936131 
0.6140000000000001 0.8173499969402596 
0.6160000000000001 0.8161960800880081 
0.6180000000000001 0.8150388984525251 
0.6200000000000001 0.8138784566625347 
0.6220000000000001 0.8127147593598028 
0.6240000000000001 0.8115478111991167 
0.6260000000000001 0.8103776168482683 
0.6280000000000001 0.8092041809880329 
0.6300000000000001 0.8080275083121529 
0.6320000000000001 0.8068476035273161 
0.6340000000000001 0.8056644713531419 
0.6360000000000001 0.8044781165221556 
0.6380000000000001 0.8032885437797768 
0.6400000000000001 0.8020957578842934 
0.6420000000000001 0.8008997636068482 
0.6440000000000001 0.799700565731416 
0.6460000000000001 0.7984981690547875 
0.6480000000000001 0.7972925783865473 
0.6500000000000001 0.7960837985490564 
0.6520000000000001 0.7948718343774333 
0.6540000000000001 0.7936566907195319 
0.6560000000000001 0.7924383724359262 
0.6580000000000001 0.791216884399887 
0.6600000000000001 0.7899922314973656 
0.6620000000000001 0.7887644186269713 
0.6640000000000001 0.7875334506999543 
0.6659999999999999 0.7862993326401848 
0.6679999999999999 0.7850620693841325 
0.6699999999999999 0.78382166588085 
0.6719999999999999 0.7825781270919486 
0.6739999999999999 0.7813314579915825 
0.6759999999999999 0.7800816635664263 
0.6779999999999999 0.7788287488156557 
0.6799999999999999 0.7775727187509281 
0.6819999999999999 0.7763135783963625 
0.6839999999999999 0.7750513327885186 
0.6859999999999999 0.7737859869763765 
0.688 0.7725175460213187 
0.69 0.7712460149971069 
0.692 0.7699713989898628 
0.694 0.76869370309805 
0.696 0.7674129324324492 
0.698 0.7661290921161422 
0.7 0.7648421872844879 
0.702 0.7635522230851046 
0.704 0.7622592046778468 
0.706 0.7609631372347867 
0.708 0.7596640259401923 
0.71 0.7583618759905071 
0.712 0.7570566925943288 
0.714 0.75574848097239 
0.716 0.7544372463575344 
0.718 0.7531229939947 
0.72 0.7518057291408932 
0.722 0.7504854570651723 
0.724 0.749162183048624 
0.726 0.7478359123843425 
0.728 0.7465066503774086 
0.73 0.7451744023448679 
0.732 0.7438391736157123 
0.734 0.7425009695308532 
0.736 0.7411597954431062 
0.738 0.7398156567171659 
0.74 0.7384685587295853 
0.742 0.7371185068687539 
0.744 0.7357655065348783 
0.746 0.7344095631399575 
0.748 0.7330506821077634 
0.75 0.7316888688738181 
0.752 0.7303241288853732 
0.754 0.7289564676013863 
0.756 0.727585890492501 
0.758 0.7262124030410239 
0.76 0.7248360107409026 
0.762 0.7234567190977054 
0.764 0.7220745336285965 
0.766 0.7206894598623155 
0.768 0.719301503339156 
0.77 0.7179106696109426 
0.772 0.7165169642410072 
0.774 0.715120392804171 
0.776 0.7137209608867164 
0.778 0.7123186740863706 
0.78 0.7109135380122781 
0.782 0.7095055582849811 
0.784 0.7080947405363972 
0.786 0.7066810904097951 
0.788 0.7052646135597738 
0.79 0.7038453156522384 
0.792 0.7024232023643787 
0.794 0.7009982793846465 
0.796 0.699570552412731 
0.798 0.6981400271595388 
0.8 0.6967067093471693 
0.802 0.6952706047088907 
0.804 0.6938317189891203 
0.806 0.6923900579433986 
0.808 0.6909456273383686 
0.81 0.6894984329517508 
0.812 0.6880484805723203 
0.8140000000000001 0.6865957759998852 
0.8160000000000001 0.6851403250452608 
0.8180000000000001 0.6836821335302501 
0.8200000000000001 0.6822212072876165 
0.8220000000000001 0.6807575521610635 
0.8240000000000001 0.6792911740052093 
0.8260000000000001 0.6778220786855652 
0.8280000000000001 0.6763502720785102 
0.8300000000000001 0.674875760071268 
0.8320000000000001 0.6733985485618856 
0.8340000000000001 0.6719186434592069 
0.8360000000000001 0.6704360506828504 
0.8380000000000001 0.6689507761631848 
0.8400000000000001 0.6674628258413062 
0.8420000000000001 0.6659722056690144 
0.8440000000000001 0.6644789216087886 
0.8460000000000001 0.6629829796337618 
0.8480000000000001 0.6614843857277004 
0.8500000000000001 0.6599831458849781 
0.8520000000000001 0.6584792661105521 
0.8540000000000001 0.6569727524199402 
0.8560000000000001 0.6554636108391945 
0.8580000000000001 0.6539518474048794 
0.8600000000000001 0.6524374681640468 
0.8620000000000001 0.6509204791742116 
0.8640000000000001 0.6494008865033273 
0.8660000000000001 0.6478786962297628 
0.8680000000000001 0.6463539144422781 
0.8700000000000001 0.6448265472399967 
0.8720000000000001 0.6432966007323867 
0.8740000000000001 0.6417640810392311 
0.8760000000000001 0.6402289942906075 
0.8780000000000001 0.6386913466268607 
0.8800000000000001 0.6371511441985785 
0.8820000000000001 0.635608393166569 
0.8840000000000001 0.6340630997018349 
0.8860000000000001 0.6325152699855464 
0.8880000000000001 0.6309649102090225 
0.8900000000000001 0.6294120265736985 
0.8920000000000001 0.6278566252911069 
0.8940000000000001 0.626298712582852 
0.8960000000000001 0.6247382946805815 
0.8980000000000001 0.623175377825965 
0.9000000000000001 0.6216099682706681 
0.9020000000000001 0.6200420722763275 
0.9040000000000001 0.6184716961145236 
0.9060000000000001 0.6168988460667596 
0.9080000000000001 0.615323528424434 
0.9100000000000001 0.6137457494888153 
0.9120000000000001 0.6121655155710168 
0.9140000000000001 0.6105828329919715 
0.9160000000000001 0.6089977080824088 
0.9180000000000001 0.6074101471828258 
0.9199999999999999 0.6058201566434642 
0.9219999999999999 0.6042277428242834 
0.9239999999999999 0.6026329120949373 
0.9259999999999999 0.6010356708347454 
0.9279999999999999 0.5994360254326725 
0.9299999999999999 0.5978339822872969 
0.9319999999999999 0.5962295478067895 
0.9339999999999999 0.5946227284088854 
0.9359999999999999 0.5930135305208614 
0.938 0.5914019605795057 
0.94 0.5897880250310966 
0.942 0.5881717303313737 
0.944 0.586553082945514 
0.946 0.5849320893481048 
0.948 0.5833087560231182 
0.95 0.5816830894638854 
0.952 0.5800550961730703 
0.954 0.5784247826626432 
0.956 0.576792155453857 
0.958 0.5751572210772179 
0.96 0.5735199860724614 
0.962 0.5718804569885249 
0.964 0.5702386403835222 
0.966 0.5685945428247183 
0.968 0.5669481708885004 
0.97 0.5652995311603547 
0.972 0.5636486302348381 
0.974 0.561995474715552 
0.976 0.5603400712151165 
0.978 0.5586824263551431 
0.98 0.5570225467662101 
0.982 0.5553604390878335 
0.984 0.5536961099684424 
0.986 0.552029566065351 
0.988 0.5503608140447318 
0.99 0.5486898605815922 
0.992 0.5470167123597409 
0.994 0.5453413760717688 
0.996 0.5436638584190154 
0.998 0.5419841661115462 
