-1.0 0.5403023058681664 
-0.998 0.5419841661115281 
-0.996 0.5436638584189819 
-0.994 0.5453413760717414 
-0.992 0.5470167123597267 
-0.99 0.5486898605815895 
-0.988 0.5503608140447387 
-0.986 0.5520295660653626 
-0.984 0.5536961099684555 
-0.982 0.5553604390878462 
-0.98 0.5570225467662206 
-0.978 0.5586824263551508 
-0.976 0.5603400712151212 
-0.974 0.5619954747155539 
-0.972 0.5636486302348388 
-0.97 0.565299531160354 
-0.968 0.5669481708884994 
-0.966 0.5685945428247164 
-0.964 0.5702386403835203 
-0.962 0.5718804569885232 
-0.96 0.5735199860724604 
-0.958 0.5751572210772177 
-0.956 0.576792155453857 
-0.954 0.5784247826626432 
-0.952 0.58005509617307 
-0.95 0.5816830894638851 
-0.948 0.5833087560231178 
-0.946 0.5849320893481045 
-0.944 0.5865530829455138 
-0.942 0.5881717303313727 
-0.94 0.5897880250310952 
-0.938 0.5914019605795047 
-0.9359999999999999 0.5930135305208601 
-0.9339999999999999 0.5946227284088835 
-0.9319999999999999 0.596229547806787 
-0.9299999999999999 0.5978339822872943 
-0.9279999999999999 0.5994360254326699 
-0.926 0.6010356708347429 
-0.924 0.6026329120949344 
-0.922 0.6042277428242803 
-0.92 0.6058201566434618 
-0.918 0.6074101471828237 
-0.916 0.6089977080824073 
-0.914 0.6105828329919707 
-0.912 0.6121655155710156 
-0.91 0.6137457494888149 
-0.908 0.615323528424434 
-0.906 0.6168988460667605 
-0.904 0.618471696114525 
-0.902 0.620042072276329 
-0.9 0.6216099682706713 
-0.898 0.623175377825969 
-0.896 0.6247382946805862 
-0.894 0.6262987125828572 
-0.892 0.6278566252911133 
-0.89 0.6294120265737048 
-0.888 0.6309649102090295 
-0.886 0.6325152699855544 
-0.884 0.6340630997018423 
-0.882 0.635608393166577 
-0.88 0.6371511441985866 
-0.878 0.6386913466268684 
-0.876 0.6402289942906152 
-0.874 0.6417640810392392 
-0.872 0.6432966007323934 
-0.87 0.644826547240003 
-0.868 0.6463539144422833 
-0.866 0.6478786962297672 
-0.864 0.6494008865033306 
-0.862 0.6509204791742138 
-0.86 0.652437468164048 
-0.858 0.6539518474048797 
-0.856 0.6554636108391935 
-0.854 0.656972752419938 
-0.852 0.6584792661105491 
-0.85 0.6599831458849738 
-0.848 0.6614843857276947 
-0.846 0.6629829796337555 
-0.844 0.6644789216087817 
-0.842 0.6659722056690073 
-0.84 0.6674628258412987 
-0.838 0.6689507761631768 
-0.836 0.6704360506828416 
-0.834 0.6719186434591979 
-0.832 0.6733985485618773 
-0.83 0.6748757600712602 
-0.828 0.6763502720785022 
-0.826 0.6778220786855579 
-0.8240000000000001 0.6792911740052032 
-0.8220000000000001 0.6807575521610582 
-0.8200000000000001 0.6822212072876115 
-0.8180000000000001 0.683682133530246 
-0.8160000000000001 0.6851403250452572 
-0.8140000000000001 0.6865957759998828 
-0.812 0.6880484805723188 
-0.81 0.6894984329517505 
-0.808 0.6909456273383693 
-0.806 0.6923900579434004 
-0.804 0.6938317189891222 
-0.802 0.6952706047088933 
-0.8 0.6967067093471729 
-0.798 0.6981400271595437 
-0.796 0.6995705524127367 
-0.794 0.7009982793846522 
-0.792 0.7024232023643847 
-0.79 0.7038453156522446 
-0.788 0.7052646135597802 
-0.786 0.7066810904098016 
-0.784 0.7080947405364035 
-0.782 0.7095055582849872 
-0.78 0.710913538012284 
-0.778 0.7123186740863762 
-0.776 0.7137209608867223 
-0.774 0.7151203928041764 
-0.772 0.7165169642410121 
-0.77 0.7179106696109464 
-0.768 0.7193015033391602 
-0.766 0.7206894598623185 
-0.764 0.7220745336285985 
-0.762 0.7234567190977071 
-0.76 0.7248360107409044 
-0.758 0.7262124030410251 
-0.756 0.7275858904925011 
-0.754 0.728956467601386 
-0.752 0.7303241288853726 
-0.75 0.7316888688738172 
-0.748 0.733050682107762 
-0.746 0.7344095631399559 
-0.744 0.7357655065348766 
-0.742 0.7371185068687524 
-0.74 0.7384685587295832 
-0.738 0.7398156567171634 
-0.736 0.7411597954431042 
-0.734 0.7425009695308511 
-0.732 0.7438391736157101 
-0.73 0.7451744023448662 
-0.728 0.7465066503774063 
-0.726 0.7478359123843407 
-0.724 0.7491621830486225 
-0.722 0.7504854570651708 
-0.72 0.7518057291408916 
-0.718 0.7531229939946981 
-0.716 0.7544372463575332 
-0.714 0.7557484809723883 
-0.712 0.7570566925943277 
-0.71 0.7583618759905059 
-0.708 0.7596640259401917 
-0.706 0.7609631372347859 
-0.704 0.7622592046778458 
-0.702 0.7635522230851038 
-0.7 0.7648421872844876 
-0.698 0.7661290921161413 
-0.696 0.7674129324324486 
-0.694 0.768693703098049 
-0.692 0.7699713989898622 
-0.69 0.7712460149971061 
-0.688 0.7725175460213182 
-0.6859999999999999 0.7737859869763766 
-0.6839999999999999 0.7750513327885182 
-0.6819999999999999 0.7763135783963621 
-0.6799999999999999 0.7775727187509279 
-0.6779999999999999 0.7788287488156551 
-0.6759999999999999 0.7800816635664257 
-0.6739999999999999 0.7813314579915822 
-0.6719999999999999 0.7825781270919483 
-0.6699999999999999 0.7838216658808502 
-0.6679999999999999 0.7850620693841325 
-0.6659999999999999 0.7862993326401851 
-0.6639999999999999 0.7875334506999547 
-0.6619999999999999 0.788764418626972 
-0.6599999999999999 0.7899922314973666 
-0.6579999999999999 0.7912168843998885 
-0.6559999999999999 0.7924383724359275 
-0.6539999999999999 0.7936566907195337 
-0.6519999999999999 0.7948718343774351 
-0.6499999999999999 0.7960837985490588 
-0.648 0.7972925783865497 
-0.646 0.7984981690547899 
-0.644 0.7997005657314189 
-0.642 0.8008997636068509 
-0.64 0.8020957578842968 
-0.638 0.8032885437797805 
-0.636 0.8044781165221598 
-0.634 0.8056644713531462 
-0.632 0.8068476035273211 
-0.63 0.8080275083121577 
-0.628 0.8092041809880378 
-0.626 0.8103776168482733 
-0.624 0.8115478111991223 
-0.622 0.8127147593598082 
-0.62 0.81387845666254 
-0.618 0.8150388984525309 
-0.616 0.8161960800880134 
-0.614 0.8173499969402648 
-0.612 0.8185006443936179 
-0.61 0.8196480178454849 
-0.608 0.8207921127063733 
-0.606 0.8219329243999053 
-0.604 0.8230704483628353 
-0.602 0.8242046800450695 
-0.6 0.8253356149096824 
-0.598 0.8264632484329362 
-0.596 0.8275875761042977 
-0.594 0.8287085934264585 
-0.592 0.8298262959153506 
-0.59 0.8309406791001651 
-0.588 0.8320517385233718 
-0.586 0.8331594697407334 
-0.584 0.8342638683213265 
-0.5820000000000001 0.8353649298475594 
-0.5800000000000001 0.8364626499151862 
-0.5780000000000001 0.837557024133329 
-0.5760000000000001 0.8386480481244918 
-0.5740000000000001 0.8397357175245806 
-0.5720000000000001 0.8408200279829188 
-0.5700000000000001 0.8419009751622663 
-0.5680000000000001 0.8429785547388352 
-0.5660000000000001 0.8440527624023096 
-0.5640000000000001 0.8451235938558596 
-0.562 0.8461910448161614 
-0.56 0.8472551110134122 
-0.558 0.8483157881913478 
-0.556 0.8493730721072624 
-0.554 0.8504269585320213 
-0.552 0.85147744325008 
-0.55 0.8525245220595011 
-0.548 0.8535681907719704 
-0.546 0.8546084452128145 
-0.544 0.8556452812210181 
-0.542 0.8566786946492371 
-0.54 0.8577086813638202 
-0.538 0.8587352372448211 
-0.536 0.8597583581860182 
-0.534 0.8607780400949289 
-0.532 0.8617942788928266 
-0.53 0.8628070705147586 
-0.528 0.8638164109095583 
-0.526 0.8648222960398659 
-0.524 0.8658247218821431 
-0.522 0.8668236844266869 
-0.52 0.8678191796776491 
-0.518 0.868811203653049 
-0.516 0.869799752384793 
-0.514 0.8707848219186878 
-0.512 0.8717664083144555 
-0.51 0.872744507645752 
-0.508 0.8737191160001817 
-0.506 0.8746902294793122 
-0.504 0.8756578441986912 
-0.502 0.8766219562878613 
-0.5 0.8775825618903744 
-0.498 0.8785396571638102 
-0.496 0.8794932382797891 
-0.494 0.8804433014239867 
-0.492 0.8813898427961536 
-0.49 0.8823328586101234 
-0.488 0.8832723450938359 
-0.486 0.8842082984893457 
-0.484 0.8851407150528399 
-0.482 0.8860695910546541 
-0.48 0.8869949227792863 
-0.478 0.8879167065254088 
-0.476 0.88883493860589 
-0.474 0.8897496153478017 
-0.472 0.8906607330924383 
-0.47 0.8915682881953295 
-0.46799999999999997 0.8924722770262575 
-0.46599999999999997 0.8933726959692668 
-0.46399999999999997 0.894269541422684 
-0.46199999999999997 0.8951628097991275 
-0.45999999999999996 0.896052497525525 
-0.45799999999999996 0.8969386010431275 
-0.45599999999999996 0.8978211168075221 
-0.45399999999999996 0.8987000412886461 
-0.45199999999999996 0.899575370970803 
-0.44999999999999996 0.9004471023526758 
-0.44799999999999995 0.9013152319473399 
-0.44599999999999995 0.902179756282278 
-0.44399999999999995 0.9030406718993936 
-0.44199999999999995 0.9038979753550257 
-0.43999999999999995 0.904751663219962 
-0.43799999999999994 0.9056017320794513 
-0.43599999999999994 0.9064481785332202 
-0.43399999999999994 0.9072909991954836 
-0.43199999999999994 0.9081301906949598 
-0.42999999999999994 0.9089657496748841 
-0.42799999999999994 0.9097976727930215 
-0.42599999999999993 0.9106259567216806 
-0.42399999999999993 0.9114505981477276 
-0.42200000000000004 0.912271593772597 
-0.42000000000000004 0.9130889403123077 
-0.41800000000000004 0.9139026344974746 
-0.41600000000000004 0.9147126730733222 
-0.41400000000000003 0.9155190527996973 
-0.41200000000000003 0.9163217704510818 
-0.41000000000000003 0.9171208228166058 
-0.40800000000000003 0.9179162067000611 
-0.406 0.9187079189199144 
-0.404 0.9194959563093164 
-0.402 0.9202803157161195 
-0.4 0.9210609940028863 
-0.398 0.9218379880469054 
-0.396 0.9226112947402016 
-0.394 0.9233809109895486 
-0.392 0.9241468337164833 
-0.39 0.9249090598573148 
-0.388 0.9256675863631406 
-0.386 0.9264224101998548 
-0.384 0.9271735283481639 
-0.382 0.9279209378035952 
-0.38 0.9286646355765126 
-0.378 0.929404618692126 
-0.376 0.9301408841905038 
-0.374 0.930873429126585 
-0.372 0.9316022505701913 
-0.37 0.9323273456060368 
-0.368 0.9330487113337432 
-0.366 0.9337663448678482 
-0.364 0.9344802433378185 
-0.362 0.9351904038880616 
-0.36 0.9358968236779364 
-0.358 0.9365994998817639 
-0.356 0.9372984296888406 
-0.354 0.9379936103034487 
-0.352 0.9386850389448662 
-0.35 0.9393727128473791 
-0.348 0.9400566292602931 
-0.346 0.9407367854479438 
-0.344 0.9414131786897068 
-0.34199999999999997 0.9420858062800104 
-0.33999999999999997 0.9427546655283447 
-0.33799999999999997 0.9434197537592746 
-0.33599999999999997 0.9440810683124469 
-0.33399999999999996 0.9447386065426049 
-0.33199999999999996 0.9453923658195958 
-0.32999999999999996 0.9460423435283848 
-0.32799999999999996 0.9466885370690606 
-0.32599999999999996 0.9473309438568501 
-0.32399999999999995 0.947969561322128 
-0.32199999999999995 0.948604386910424 
-0.31999999999999995 0.9492354180824376 
-0.31799999999999995 0.9498626523140442 
-0.31599999999999995 0.9504860870963086 
-0.31399999999999995 0.9511057199354913 
-0.31199999999999994 0.951721548353063 
-0.30999999999999994 0.95233356988571 
-0.30799999999999994 0.9529417820853473 
-0.30599999999999994 0.9535461825191268 
-0.30399999999999994 0.954146768769447 
-0.30199999999999994 0.954743538433965 
-0.29999999999999993 0.9553364891256024 
-0.29799999999999993 0.9559256184725574 
-0.29600000000000004 0.9565109241183124 
-0.29400000000000004 0.9570924037216463 
-0.29200000000000004 0.9576700549566419 
-0.29000000000000004 0.9582438755126941 
-0.28800000000000003 0.9588138630945222 
-0.28600000000000003 0.9593800154221764 
-0.28400000000000003 0.9599423302310478 
-0.28200000000000003 0.9605008052718788 
-0.28 0.9610554383107689 
-0.278 0.9616062271291873 
-0.276 0.9621531695239794 
-0.274 0.9626962633073759 
-0.272 0.9632355063070034 
-0.27 0.9637708963658899 
-0.268 0.9643024313424752 
-0.266 0.9648301091106215 
-0.264 0.9653539275596179 
-0.262 0.9658738845941908 
-0.26 0.966389978134513 
-0.258 0.9669022061162116 
-0.256 0.9674105664903748 
-0.254 0.9679150572235617 
-0.252 0.9684156762978104 
-0.25 0.9689124217106454 
-0.248 0.9694052914750851 
-0.246 0.9698942836196516 
-0.244 0.9703793961883769 
-0.242 0.9708606272408108 
-0.24 0.9713379748520308 
-0.238 0.9718114371126464 
-0.236 0.9722810121288087 
-0.23399999999999999 0.9727466980222189 
-0.23199999999999998 0.9732084929301347 
-0.22999999999999998 0.973666395005376 
-0.22799999999999998 0.9741204024163354 
-0.22599999999999998 0.9745705133469843 
-0.22399999999999998 0.9750167259968793 
-0.22199999999999998 0.9754590385811696 
-0.21999999999999997 0.9758974493306066 
-0.21799999999999997 0.9763319564915477 
-0.21599999999999997 0.9767625583259638 
-0.21399999999999997 0.9771892531114503 
-0.21199999999999997 0.9776120391412266 
-0.20999999999999996 0.9780309147241496 
-0.20799999999999996 0.9784458781847178 
-0.20599999999999996 0.9788569278630779 
-0.20399999999999996 0.9792640621150317 
-0.20199999999999996 0.9796672793120429 
-0.19999999999999996 0.9800665778412426 
-0.19799999999999995 0.9804619561054381 
-0.19599999999999995 0.9808534125231171 
-0.19399999999999995 0.9812409455284525 
-0.19199999999999995 0.9816245535713151 
-0.18999999999999995 0.9820042351172719 
-0.18799999999999994 0.9823799886475973 
-0.18599999999999994 0.9827518126592785 
-0.18399999999999994 0.9831197056650193 
-0.18199999999999994 0.9834836661932483 
-0.17999999999999994 0.9838436927881236 
-0.17799999999999994 0.9841997840095398 
-0.17599999999999993 0.9845519384331319 
-0.17399999999999993 0.984900154650283 
-0.17199999999999993 0.9852444312681289 
-0.16999999999999993 0.9855847669095632 
-0.16799999999999993 0.985921160213244 
-0.16600000000000004 0.9862536098335992 
-0.16400000000000003 0.9865821144408297 
-0.16200000000000003 0.986906672720917 
-0.16000000000000003 0.9872272833756299 
-0.15800000000000003 0.9875439451225259 
-0.15600000000000003 0.9878566566949581 
-0.15400000000000003 0.9881654168420797 
-0.15200000000000002 0.9884702243288526 
-0.15000000000000002 0.9887710779360458 
-0.14800000000000002 0.9890679764602456 
-0.14600000000000002 0.989360918713858 
-0.14400000000000002 0.9896499035251152 
-0.14200000000000002 0.9899349297380772 
-0.14 0.9902159962126404 
-0.138 0.9904931018245394 
-0.136 0.990766245465351 
-0.134 0.9910354260425023 
-0.132 0.9913006424792711 
-0.13 0.991561893714791 
-0.128 0.9918191787040583 
-0.126 0.9920724964179334 
-0.124 0.9923218458431455 
-0.122 0.9925672259822972 
-0.12 0.9928086358538681 
-0.118 0.9930460744922197 
-0.11599999999999999 0.9932795409475972 
-0.11399999999999999 0.9935090342861358 
-0.11199999999999999 0.9937345535898611 
-0.10999999999999999 0.9939560979566975 
-0.10799999999999998 0.9941736665004675 
-0.10599999999999998 0.9943872583508967 
-0.10399999999999998 0.9945968726536178 
-0.10199999999999998 0.9948025085701756 
-0.09999999999999998 0.9950041652780249 
-0.09799999999999998 0.99520184197054 
-0.09599999999999997 0.9953955378570138 
-0.09399999999999997 0.9955852521626635 
-0.09199999999999997 0.9957709841286322 
-0.08999999999999997 0.9959527330119917 
-0.08799999999999997 0.9961304980857472 
-0.08599999999999997 0.9963042786388386 
-0.08399999999999996 0.9964740739761438 
-0.08199999999999996 0.9966398834184819 
-0.07999999999999996 0.9968017063026151 
-0.07799999999999996 0.9969595419812526 
-0.07599999999999996 0.997113389823051 
-0.07399999999999995 0.9972632492126198 
-0.07199999999999995 0.9974091195505217 
-0.06999999999999995 0.9975510002532753 
-0.06799999999999995 0.9976888907533573 
-0.06599999999999995 0.9978227904992065 
-0.06399999999999995 0.9979526989552251 
-0.061999999999999944 0.9980786156017778 
-0.05999999999999994 0.9982005399351987 
-0.05799999999999994 0.9983184714677912 
-0.05599999999999994 0.9984324097278297 
-0.05399999999999994 0.9985423542595594 
-0.051999999999999935 0.9986483046232039 
-0.04999999999999993 0.9987502603949615 
-0.04799999999999993 0.9988482211670087 
-0.04599999999999993 0.9989421865475037 
-0.04399999999999993 0.9990321561605845 
-0.041999999999999926 0.9991181296463726 
-0.040000000000000036 0.999200106660974 
-0.038000000000000034 0.9992780868764815 
-0.03600000000000003 0.9993520699809736 
-0.03400000000000003 0.9994220556785178 
-0.03200000000000003 0.9994880436891722 
-0.030000000000000027 0.9995500337489848 
-0.028000000000000025 0.9996080256099952 
-0.026000000000000023 0.9996620190402358 
-0.02400000000000002 0.9997120138237329 
-0.02200000000000002 0.9997580097605081 
-0.020000000000000018 0.9998000066665771 
-0.018000000000000016 0.9998380043739529 
-0.016000000000000014 0.9998720027306434 
-0.014000000000000012 0.9999020016006565 
-0.01200000000000001 0.9999280008639966 
-0.010000000000000009 0.999950000416666 
-0.008000000000000007 0.9999680001706673 
-0.006000000000000005 0.9999820000540013 
-0.0040000000000000036 0.9999920000106683 
-0.0020000000000000018 0.999998000000669 
0.0 1.000000000000003 
0.0020000000000000018 0.9999980000006692 
0.0040000000000000036 0.9999920000106697 
0.006000000000000005 0.9999820000540033 
0.008000000000000007 0.9999680001706698 
0.010000000000000009 0.9999500004166687 
0.01200000000000001 0.9999280008639999 
0.014000000000000012 0.9999020016006607 
0.016000000000000014 0.9998720027306478 
0.018000000000000016 0.9998380043739573 
0.020000000000000018 0.9998000066665826 
0.02200000000000002 0.9997580097605141 
0.02400000000000002 0.99971201382374 
0.026000000000000023 0.9996620190402431 
0.028000000000000025 0.9996080256100025 
0.030000000000000027 0.9995500337489925 
0.03200000000000003 0.9994880436891806 
0.03400000000000003 0.9994220556785263 
0.03600000000000003 0.9993520699809818 
0.038000000000000034 0.9992780868764901 
0.040000000000000036 0.9992001066609831 
0.04200000000000004 0.9991181296463817 
0.04400000000000004 0.9990321561605936 
0.04600000000000004 0.9989421865475134 
0.04800000000000004 0.9988482211670182 
0.050000000000000044 0.9987502603949706 
0.052000000000000046 0.9986483046232134 
0.05400000000000005 0.9985423542595687 
0.05600000000000005 0.9984324097278383 
0.05800000000000005 0.9983184714678005 
0.06000000000000005 0.9982005399352081 
0.062000000000000055 0.9980786156017865 
0.06400000000000006 0.997952698955234 
0.06600000000000006 0.997822790499215 
0.06800000000000006 0.9976888907533651 
0.07000000000000006 0.9975510002532828 
0.07200000000000006 0.9974091195505292 
0.07400000000000007 0.9972632492126267 
0.07600000000000007 0.9971133898230576 
0.07800000000000007 0.996959541981259 
0.08000000000000007 0.9968017063026215 
0.08200000000000007 0.9966398834184874 
0.08400000000000007 0.9964740739761492 
0.08600000000000008 0.9963042786388431 
0.08800000000000008 0.9961304980857514 
0.09000000000000008 0.9959527330119955 
0.09200000000000008 0.9957709841286351 
0.09400000000000008 0.9955852521626655 
0.09600000000000009 0.9953955378570157 
0.09800000000000009 0.9952018419705411 
0.10000000000000009 0.9950041652780257 
0.10200000000000009 0.9948025085701763 
0.10400000000000009 0.9945968726536181 
0.1060000000000001 0.9943872583508956 
0.1080000000000001 0.9941736665004661 
0.1100000000000001 0.9939560979566959 
0.1120000000000001 0.9937345535898593 
0.1140000000000001 0.9935090342861334 
0.1160000000000001 0.9932795409475945 
0.1180000000000001 0.9930460744922167 
0.1200000000000001 0.9928086358538644 
0.12200000000000011 0.9925672259822932 
0.12400000000000011 0.9923218458431411 
0.1260000000000001 0.9920724964179292 
0.1280000000000001 0.9918191787040537 
0.13000000000000012 0.9915618937147861 
0.13200000000000012 0.9913006424792657 
0.13400000000000012 0.9910354260424974 
0.13600000000000012 0.9907662454653459 
0.13800000000000012 0.9904931018245339 
0.14000000000000012 0.9902159962126352 
0.14200000000000013 0.9899349297380718 
0.14400000000000013 0.9896499035251096 
0.14600000000000013 0.9893609187138527 
0.14800000000000013 0.9890679764602403 
0.15000000000000013 0.9887710779360402 
0.15200000000000014 0.9884702243288471 
0.15399999999999991 0.9881654168420748 
0.15599999999999992 0.9878566566949528 
0.15799999999999992 0.987543945122521 
0.15999999999999992 0.9872272833756253 
0.16199999999999992 0.9869066727209119 
0.16399999999999992 0.9865821144408248 
0.16599999999999993 0.9862536098335943 
0.16799999999999993 0.9859211602132396 
0.16999999999999993 0.985584766909559 
0.17199999999999993 0.985244431268125 
0.17399999999999993 0.9849001546502788 
0.17599999999999993 0.9845519384331279 
0.17799999999999994 0.984199784009536 
0.17999999999999994 0.9838436927881201 
0.18199999999999994 0.9834836661932448 
0.18399999999999994 0.9831197056650166 
0.18599999999999994 0.9827518126592758 
0.18799999999999994 0.9823799886475947 
0.18999999999999995 0.9820042351172695 
0.19199999999999995 0.9816245535713133 
0.19399999999999995 0.9812409455284512 
0.19599999999999995 0.9808534125231149 
0.19799999999999995 0.9804619561054366 
0.19999999999999996 0.9800665778412408 
0.20199999999999996 0.9796672793120413 
0.20399999999999996 0.9792640621150303 
0.20599999999999996 0.9788569278630768 
0.20799999999999996 0.9784458781847165 
0.20999999999999996 0.978030914724148 
0.21199999999999997 0.9776120391412251 
0.21399999999999997 0.977189253111449 
0.21599999999999997 0.9767625583259629 
0.21799999999999997 0.9763319564915464 
0.21999999999999997 0.9758974493306055 
0.22199999999999998 0.975459038581168 
0.22399999999999998 0.9750167259968775 
0.22599999999999998 0.9745705133469825 
0.22799999999999998 0.9741204024163341 
0.22999999999999998 0.9736663950053748 
0.23199999999999998 0.973208492930133 
0.23399999999999999 0.9727466980222176 
0.236 0.9722810121288067 
0.238 0.9718114371126443 
0.24 0.9713379748520288 
0.242 0.9708606272408088 
0.244 0.9703793961883747 
0.246 0.9698942836196496 
0.248 0.9694052914750829 
0.25 0.9689124217106435 
0.252 0.9684156762978087 
0.254 0.9679150572235603 
0.256 0.9674105664903727 
0.258 0.9669022061162094 
0.26 0.9663899781345112 
0.262 0.9658738845941885 
0.264 0.9653539275596157 
0.266 0.9648301091106195 
0.268 0.9643024313424736 
0.27 0.9637708963658881 
0.272 0.9632355063070016 
0.274 0.9626962633073745 
0.276 0.9621531695239787 
0.278 0.9616062271291866 
0.28 0.9610554383107685 
0.28200000000000003 0.9605008052718783 
0.28400000000000003 0.9599423302310478 
0.28600000000000003 0.9593800154221765 
0.28800000000000003 0.9588138630945227 
0.29000000000000004 0.9582438755126947 
0.29200000000000004 0.9576700549566428 
0.29400000000000004 0.9570924037216476 
0.29600000000000004 0.956510924118314 
0.29800000000000004 0.9559256184725586 
0.30000000000000004 0.9553364891256046 
0.30200000000000005 0.9547435384339676 
0.30400000000000005 0.9541467687694499 
0.30600000000000005 0.9535461825191289 
0.30800000000000005 0.95294178208535 
0.31000000000000005 0.9523335698857129 
0.31200000000000006 0.9517215483530664 
0.31400000000000006 0.9511057199354951 
0.31600000000000006 0.9504860870963128 
0.31800000000000006 0.9498626523140486 
0.32000000000000006 0.9492354180824424 
0.32200000000000006 0.9486043869104291 
0.32400000000000007 0.9479695613221328 
0.32600000000000007 0.9473309438568551 
0.32800000000000007 0.9466885370690655 
0.33000000000000007 0.9460423435283898 
0.3320000000000001 0.9453923658196016 
0.3340000000000001 0.9447386065426102 
0.3360000000000001 0.9440810683124522 
0.3380000000000001 0.9434197537592799 
0.3400000000000001 0.9427546655283504 
0.3420000000000001 0.9420858062800161 
0.3440000000000001 0.9414131786897122 
0.3460000000000001 0.9407367854479487 
0.3480000000000001 0.9400566292602982 
0.3500000000000001 0.939372712847384 
0.3520000000000001 0.9386850389448707 
0.3540000000000001 0.9379936103034533 
0.3560000000000001 0.9372984296888454 
0.3580000000000001 0.9365994998817682 
0.3600000000000001 0.9358968236779401 
0.3620000000000001 0.9351904038880653 
0.3640000000000001 0.9344802433378216 
0.3660000000000001 0.9337663448678508 
0.3680000000000001 0.9330487113337453 
0.3700000000000001 0.9323273456060386 
0.3720000000000001 0.9316022505701926 
0.3740000000000001 0.9308734291265868 
0.3760000000000001 0.9301408841905051 
0.3780000000000001 0.9294046186921273 
0.3800000000000001 0.9286646355765128 
0.3820000000000001 0.927920937803595 
0.3840000000000001 0.9271735283481635 
0.3860000000000001 0.9264224101998548 
0.3880000000000001 0.92566758636314 
0.3900000000000001 0.9249090598573139 
0.3920000000000001 0.9241468337164822 
0.39400000000000013 0.9233809109895474 
0.39600000000000013 0.9226112947402001 
0.39800000000000013 0.9218379880469036 
0.40000000000000013 0.9210609940028839 
0.40200000000000014 0.9202803157161166 
0.40400000000000014 0.9194959563093135 
0.40600000000000014 0.9187079189199115 
0.4079999999999999 0.9179162067000585 
0.4099999999999999 0.9171208228166025 
0.4119999999999999 0.9163217704510784 
0.4139999999999999 0.9155190527996943 
0.4159999999999999 0.9147126730733185 
0.4179999999999999 0.9139026344974711 
0.41999999999999993 0.9130889403123046 
0.42199999999999993 0.9122715937725939 
0.42399999999999993 0.9114505981477248 
0.42599999999999993 0.9106259567216779 
0.42799999999999994 0.9097976727930186 
0.42999999999999994 0.9089657496748812 
0.43199999999999994 0.9081301906949568 
0.43399999999999994 0.9072909991954811 
0.43599999999999994 0.906448178533218 
0.43799999999999994 0.9056017320794493 
0.43999999999999995 0.90475166321996 
0.44199999999999995 0.9038979753550241 
0.44399999999999995 0.9030406718993924 
0.44599999999999995 0.9021797562822766 
0.44799999999999995 0.901315231947339 
0.44999999999999996 0.9004471023526752 
0.45199999999999996 0.8995753709708024 
0.45399999999999996 0.8987000412886457 
0.45599999999999996 0.8978211168075216 
0.45799999999999996 0.8969386010431273 
0.45999999999999996 0.8960524975255252 
0.46199999999999997 0.8951628097991274 
0.46399999999999997 0.8942695414226842 
0.46599999999999997 0.8933726959692677 
0.46799999999999997 0.8924722770262582 
0.47 0.8915682881953304 
0.472 0.8906607330924389 
0.474 0.8897496153478022 
0.476 0.8888349386058906 
0.478 0.8879167065254099 
0.48 0.8869949227792873 
0.482 0.8860695910546553 
0.484 0.8851407150528406 
0.486 0.8842082984893462 
0.488 0.8832723450938369 
0.49 0.8823328586101241 
0.492 0.8813898427961542 
0.494 0.8804433014239879 
0.496 0.87949323827979 
0.498 0.8785396571638111 
0.5 0.8775825618903753 
0.502 0.8766219562878621 
0.504 0.8756578441986923 
0.506 0.8746902294793133 
0.508 0.8737191160001823 
0.51 0.8727445076457526 
0.512 0.8717664083144561 
0.514 0.8707848219186883 
0.516 0.8697997523847939 
0.518 0.8688112036530502 
0.52 0.86781917967765 
0.522 0.8668236844266879 
0.524 0.8658247218821444 
0.526 0.864822296039867 
0.528 0.8638164109095595 
0.53 0.8628070705147597 
0.532 0.8617942788928281 
0.534 0.8607780400949305 
0.536 0.8597583581860195 
0.538 0.8587352372448225 
0.54 0.8577086813638215 
0.542 0.8566786946492387 
0.544 0.8556452812210197 
0.546 0.8546084452128168 
0.548 0.8535681907719724 
0.55 0.8525245220595031 
0.552 0.851477443250082 
0.554 0.8504269585320235 
0.556 0.8493730721072649 
0.558 0.84831578819135 
0.56 0.8472551110134137 
0.562 0.8461910448161628 
0.5640000000000001 0.8451235938558613 
0.5660000000000001 0.844052762402311 
0.5680000000000001 0.8429785547388368 
0.5700000000000001 0.8419009751622677 
0.5720000000000001 0.8408200279829197 
0.5740000000000001 0.8397357175245813 
0.5760000000000001 0.8386480481244925 
0.5780000000000001 0.8375570241333291 
0.5800000000000001 0.8364626499151862 
0.5820000000000001 0.8353649298475594 
0.5840000000000001 0.8342638683213266 
0.5860000000000001 0.8331594697407326 
0.5880000000000001 0.8320517385233712 
0.5900000000000001 0.8309406791001643 
0.5920000000000001 0.8298262959153493 
0.5940000000000001 0.8287085934264566 
0.5960000000000001 0.8275875761042958 
0.5980000000000001 0.8264632484329338 
0.6000000000000001 0.8253356149096798 
0.6020000000000001 0.824204680045067 
0.6040000000000001 0.8230704483628323 
0.6060000000000001 0.8219329243999021 
0.6080000000000001 0.8207921127063696 
0.6100000000000001 0.8196480178454811 
0.6120000000000001 0.8185006443936141 
0.6140000000000001 0.8173499969402611 
0.6160000000000001 0.8161960800880094 
0.6180000000000001 0.8150388984525258 
0.6200000000000001 0.813878456662535 
0.6220000000000001 0.8127147593598033 
0.6240000000000001 0.8115478111991172 
0.6260000000000001 0.8103776168482688 
0.6280000000000001 0.8092041809880333 
0.6300000000000001 0.808027508312153 
0.6320000000000001 0.8068476035273168 
0.6340000000000001 0.805664471353142 
0.6360000000000001 0.8044781165221561 
0.6380000000000001 0.8032885437797768 
0.6400000000000001 0.8020957578842932 
0.6420000000000001 0.8008997636068478 
0.6440000000000001 0.7997005657314159 
0.6460000000000001 0.7984981690547874 
0.6480000000000001 0.7972925783865467 
0.6500000000000001 0.7960837985490566 
0.6520000000000001 0.7948718343774333 
0.6540000000000001 0.7936566907195322 
0.6560000000000001 0.7924383724359264 
0.6580000000000001 0.791216884399888 
0.6600000000000001 0.7899922314973662 
0.6620000000000001 0.7887644186269723 
0.6640000000000001 0.7875334506999551 
0.6659999999999999 0.7862993326401855 
0.6679999999999999 0.7850620693841333 
0.6699999999999999 0.7838216658808512 
0.6719999999999999 0.7825781270919497 
0.6739999999999999 0.7813314579915845 
0.6759999999999999 0.7800816635664282 
0.6779999999999999 0.7788287488156571 
0.6799999999999999 0.7775727187509298 
0.6819999999999999 0.7763135783963647 
0.6839999999999999 0.7750513327885208 
0.6859999999999999 0.7737859869763787 
0.688 0.7725175460213205 
0.69 0.7712460149971087 
0.692 0.7699713989898646 
0.694 0.7686937030980516 
0.696 0.767412932432451 
0.698 0.7661290921161433 
0.7 0.7648421872844897 
0.702 0.763552223085106 
0.704 0.7622592046778476 
0.706 0.7609631372347876 
0.708 0.7596640259401928 
0.71 0.7583618759905072 
0.712 0.7570566925943293 
0.714 0.7557484809723901 
0.716 0.7544372463575345 
0.718 0.7531229939946994 
0.72 0.7518057291408929 
0.722 0.7504854570651717 
0.724 0.7491621830486235 
0.726 0.7478359123843414 
0.728 0.7465066503774074 
0.73 0.7451744023448672 
0.732 0.7438391736157112 
0.734 0.7425009695308523 
0.736 0.741159795443106 
0.738 0.7398156567171655 
0.74 0.7384685587295853 
0.742 0.7371185068687542 
0.744 0.7357655065348788 
0.746 0.7344095631399588 
0.748 0.7330506821077645 
0.75 0.7316888688738197 
0.752 0.7303241288853749 
0.754 0.7289564676013885 
0.756 0.7275858904925036 
0.758 0.7262124030410269 
0.76 0.7248360107409066 
0.762 0.7234567190977091 
0.764 0.7220745336286002 
0.766 0.7206894598623191 
0.768 0.7193015033391599 
0.77 0.7179106696109463 
0.772 0.7165169642410111 
0.774 0.7151203928041746 
0.776 0.7137209608867201 
0.778 0.7123186740863738 
0.78 0.7109135380122809 
0.782 0.7095055582849836 
0.784 0.708094740536399 
0.786 0.7066810904097964 
0.788 0.7052646135597744 
0.79 0.7038453156522384 
0.792 0.702423202364378 
0.794 0.7009982793846449 
0.796 0.6995705524127291 
0.798 0.6981400271595362 
0.8 0.6967067093471652 
0.802 0.6952706047088859 
0.804 0.693831718989115 
0.806 0.6923900579433929 
0.808 0.6909456273383627 
0.81 0.6894984329517444 
0.812 0.6880484805723133 
0.8140000000000001 0.6865957759998783 
0.8160000000000001 0.6851403250452537 
0.8180000000000001 0.6836821335302432 
0.8200000000000001 0.6822212072876105 
0.8220000000000001 0.6807575521610579 
0.8240000000000001 0.6792911740052043 
0.8260000000000001 0.6778220786855608 
0.8280000000000001 0.6763502720785061 
0.8300000000000001 0.6748757600712652 
0.8320000000000001 0.6733985485618837 
0.8340000000000001 0.6719186434592062 
0.8360000000000001 0.6704360506828505 
0.8380000000000001 0.6689507761631863 
0.8400000000000001 0.6674628258413087 
0.8420000000000001 0.6659722056690179 
0.8440000000000001 0.664478921608793 
0.8460000000000001 0.6629829796337668 
0.8480000000000001 0.6614843857277065 
0.8500000000000001 0.659983145884985 
0.8520000000000001 0.6584792661105603 
0.8540000000000001 0.6569727524199481 
0.8560000000000001 0.6554636108392022 
0.8580000000000001 0.6539518474048873 
0.8600000000000001 0.6524374681640545 
0.8620000000000001 0.6509204791742188 
0.8640000000000001 0.649400886503334 
0.8660000000000001 0.6478786962297691 
0.8680000000000001 0.6463539144422835 
0.8700000000000001 0.6448265472400011 
0.8720000000000001 0.6432966007323901 
0.8740000000000001 0.6417640810392337 
0.8760000000000001 0.6402289942906092 
0.8780000000000001 0.6386913466268602 
0.8800000000000001 0.6371511441985773 
0.8820000000000001 0.635608393166567 
0.8840000000000001 0.634063099701832 
0.8860000000000001 0.6325152699855434 
0.8880000000000001 0.6309649102090188 
0.8900000000000001 0.6294120265736943 
0.8920000000000001 0.6278566252911038 
0.8940000000000001 0.626298712582848 
0.8960000000000001 0.6247382946805776 
0.8980000000000001 0.623175377825962 
0.9000000000000001 0.6216099682706656 
0.9020000000000001 0.6200420722763249 
0.9040000000000001 0.618471696114522 
0.9060000000000001 0.6168988460667588 
0.9080000000000001 0.6153235284244343 
0.9100000000000001 0.613745749488816 
0.9120000000000001 0.6121655155710181 
0.9140000000000001 0.6105828329919738 
0.9160000000000001 0.6089977080824109 
0.9180000000000001 0.6074101471828276 
0.9199999999999999 0.6058201566434657 
0.9219999999999999 0.6042277428242845 
0.9239999999999999 0.6026329120949375 
0.9259999999999999 0.6010356708347451 
0.9279999999999999 0.5994360254326713 
0.9299999999999999 0.5978339822872949 
0.9319999999999999 0.5962295478067866 
0.9339999999999999 0.594622728408882 
0.9359999999999999 0.5930135305208571 
0.938 0.5914019605795013 
0.94 0.5897880250310923 
0.942 0.5881717303313696 
0.944 0.5865530829455105 
0.946 0.584932089348102 
0.948 0.5833087560231164 
0.95 0.5816830894638848 
0.952 0.5800550961730709 
0.954 0.5784247826626455 
0.956 0.5767921554538602 
0.958 0.5751572210772214 
0.96 0.5735199860724649 
0.962 0.5718804569885272 
0.964 0.5702386403835235 
0.966 0.5685945428247176 
0.968 0.5669481708884984 
0.97 0.5652995311603507 
0.972 0.5636486302348328 
0.974 0.5619954747155459 
0.976 0.5603400712151105 
0.978 0.5586824263551398 
0.98 0.5570225467662098 
0.982 0.5553604390878379 
0.984 0.5536961099684506 
0.986 0.552029566065362 
0.988 0.5503608140447436 
0.99 0.5486898605815986 
0.992 0.5470167123597386 
0.994 0.5453413760717523 
0.996 0.5436638584189886 
0.998 0.5419841661115286 
