-1.0 0.5403023058681284 
-0.998 0.5419841661115375 
-0.996 0.5436638584190037 
-0.994 0.5453413760717596 
-0.992 0.5470167123597374 
-0.99 0.5486898605815945 
-0.988 0.5503608140447397 
-0.986 0.5520295660653621 
-0.984 0.5536961099684556 
-0.982 0.5553604390878479 
-0.98 0.5570225467662235 
-0.978 0.5586824263551547 
-0.976 0.5603400712151255 
-0.974 0.5619954747155584 
-0.972 0.5636486302348416 
-0.97 0.5652995311603556 
-0.968 0.5669481708884987 
-0.966 0.5685945428247144 
-0.964 0.5702386403835166 
-0.962 0.5718804569885181 
-0.96 0.5735199860724546 
-0.958 0.5751572210772112 
-0.956 0.5767921554538504 
-0.954 0.5784247826626373 
-0.952 0.5800550961730645 
-0.95 0.5816830894638807 
-0.948 0.5833087560231146 
-0.946 0.5849320893481021 
-0.944 0.5865530829455128 
-0.942 0.5881717303313734 
-0.94 0.589788025031097 
-0.938 0.591401960579507 
-0.9359999999999999 0.5930135305208627 
-0.9339999999999999 0.5946227284088874 
-0.9319999999999999 0.5962295478067913 
-0.9299999999999999 0.5978339822872987 
-0.9279999999999999 0.5994360254326745 
-0.926 0.6010356708347471 
-0.924 0.6026329120949385 
-0.922 0.6042277428242843 
-0.92 0.6058201566434647 
-0.918 0.6074101471828264 
-0.916 0.6089977080824088 
-0.914 0.6105828329919711 
-0.912 0.6121655155710156 
-0.91 0.6137457494888138 
-0.908 0.6153235284244323 
-0.906 0.6168988460667575 
-0.904 0.6184716961145212 
-0.902 0.6200420722763247 
-0.9 0.621609968270666 
-0.898 0.6231753778259631 
-0.896 0.6247382946805795 
-0.894 0.6262987125828503 
-0.892 0.6278566252911056 
-0.89 0.6294120265736972 
-0.888 0.6309649102090211 
-0.886 0.6325152699855464 
-0.884 0.6340630997018345 
-0.882 0.6356083931665694 
-0.88 0.6371511441985792 
-0.878 0.6386913466268618 
-0.876 0.6402289942906092 
-0.874 0.6417640810392332 
-0.872 0.6432966007323891 
-0.87 0.6448265472399993 
-0.868 0.6463539144422809 
-0.866 0.6478786962297658 
-0.864 0.6494008865033304 
-0.862 0.6509204791742146 
-0.86 0.6524374681640497 
-0.858 0.6539518474048823 
-0.856 0.6554636108391977 
-0.854 0.6569727524199436 
-0.852 0.6584792661105552 
-0.85 0.6599831458849812 
-0.848 0.6614843857277026 
-0.846 0.6629829796337635 
-0.844 0.66447892160879 
-0.842 0.6659722056690164 
-0.84 0.6674628258413074 
-0.838 0.6689507761631853 
-0.836 0.6704360506828506 
-0.834 0.6719186434592073 
-0.832 0.6733985485618857 
-0.83 0.6748757600712673 
-0.828 0.6763502720785093 
-0.826 0.6778220786855642 
-0.8240000000000001 0.679291174005208 
-0.8220000000000001 0.6807575521610623 
-0.8200000000000001 0.6822212072876147 
-0.8180000000000001 0.6836821335302484 
-0.8160000000000001 0.6851403250452591 
-0.8140000000000001 0.686595775999883 
-0.812 0.6880484805723182 
-0.81 0.6894984329517491 
-0.808 0.6909456273383671 
-0.806 0.6923900579433973 
-0.804 0.6938317189891184 
-0.802 0.695270604708889 
-0.8 0.696706709347168 
-0.798 0.6981400271595382 
-0.796 0.6995705524127306 
-0.794 0.7009982793846462 
-0.792 0.7024232023643787 
-0.79 0.7038453156522383 
-0.788 0.7052646135597741 
-0.786 0.7066810904097955 
-0.784 0.708094740536398 
-0.782 0.709505558284982 
-0.78 0.7109135380122792 
-0.778 0.7123186740863722 
-0.776 0.7137209608867184 
-0.774 0.7151203928041726 
-0.772 0.7165169642410094 
-0.77 0.7179106696109441 
-0.768 0.719301503339158 
-0.766 0.7206894598623171 
-0.764 0.7220745336285982 
-0.762 0.7234567190977074 
-0.76 0.7248360107409052 
-0.758 0.726212403041026 
-0.756 0.727585890492503 
-0.754 0.7289564676013882 
-0.752 0.7303241288853746 
-0.75 0.7316888688738201 
-0.748 0.7330506821077649 
-0.746 0.7344095631399589 
-0.744 0.7357655065348795 
-0.742 0.737118506868755 
-0.74 0.7384685587295865 
-0.738 0.7398156567171664 
-0.736 0.7411597954431068 
-0.734 0.7425009695308533 
-0.732 0.743839173615712 
-0.73 0.7451744023448679 
-0.728 0.746506650377408 
-0.726 0.747835912384342 
-0.724 0.7491621830486236 
-0.722 0.7504854570651719 
-0.72 0.7518057291408924 
-0.718 0.7531229939946987 
-0.716 0.7544372463575335 
-0.714 0.7557484809723889 
-0.712 0.7570566925943278 
-0.71 0.7583618759905053 
-0.708 0.7596640259401911 
-0.706 0.7609631372347858 
-0.704 0.7622592046778456 
-0.702 0.7635522230851031 
-0.7 0.7648421872844863 
-0.698 0.7661290921161408 
-0.696 0.7674129324324477 
-0.694 0.768693703098048 
-0.692 0.7699713989898617 
-0.69 0.7712460149971054 
-0.688 0.7725175460213174 
-0.6859999999999999 0.7737859869763754 
-0.6839999999999999 0.7750513327885172 
-0.6819999999999999 0.7763135783963615 
-0.6799999999999999 0.7775727187509274 
-0.6779999999999999 0.7788287488156547 
-0.6759999999999999 0.7800816635664252 
-0.6739999999999999 0.7813314579915815 
-0.6719999999999999 0.7825781270919479 
-0.6699999999999999 0.7838216658808493 
-0.6679999999999999 0.7850620693841319 
-0.6659999999999999 0.7862993326401844 
-0.6639999999999999 0.7875334506999541 
-0.6619999999999999 0.788764418626971 
-0.6599999999999999 0.7899922314973655 
-0.6579999999999999 0.7912168843998871 
-0.6559999999999999 0.792438372435926 
-0.6539999999999999 0.7936566907195318 
-0.6519999999999999 0.7948718343774331 
-0.6499999999999999 0.7960837985490566 
-0.648 0.7972925783865473 
-0.646 0.7984981690547872 
-0.644 0.799700565731416 
-0.642 0.800899763606848 
-0.64 0.8020957578842931 
-0.638 0.8032885437797764 
-0.636 0.8044781165221557 
-0.634 0.8056644713531413 
-0.632 0.8068476035273158 
-0.63 0.8080275083121524 
-0.628 0.8092041809880326 
-0.626 0.8103776168482676 
-0.624 0.8115478111991165 
-0.622 0.812714759359802 
-0.62 0.8138784566625339 
-0.618 0.8150388984525242 
-0.616 0.8161960800880071 
-0.614 0.8173499969402587 
-0.612 0.8185006443936123 
-0.61 0.8196480178454789 
-0.608 0.8207921127063672 
-0.606 0.8219329243998995 
-0.604 0.8230704483628298 
-0.602 0.8242046800450641 
-0.6 0.8253356149096772 
-0.598 0.8264632484329311 
-0.596 0.8275875761042933 
-0.594 0.8287085934264541 
-0.592 0.8298262959153465 
-0.59 0.8309406791001618 
-0.588 0.8320517385233686 
-0.586 0.8331594697407303 
-0.584 0.8342638683213245 
-0.5820000000000001 0.8353649298475571 
-0.5800000000000001 0.8364626499151848 
-0.5780000000000001 0.8375570241333278 
-0.5760000000000001 0.8386480481244909 
-0.5740000000000001 0.8397357175245797 
-0.5720000000000001 0.8408200279829188 
-0.5700000000000001 0.8419009751622665 
-0.5680000000000001 0.842978554738836 
-0.5660000000000001 0.8440527624023108 
-0.5640000000000001 0.8451235938558609 
-0.562 0.8461910448161629 
-0.56 0.8472551110134139 
-0.558 0.8483157881913505 
-0.556 0.8493730721072652 
-0.554 0.850426958532024 
-0.552 0.8514774432500826 
-0.55 0.8525245220595035 
-0.548 0.8535681907719733 
-0.546 0.854608445212818 
-0.544 0.8556452812210208 
-0.542 0.85667869464924 
-0.54 0.8577086813638226 
-0.538 0.8587352372448236 
-0.536 0.8597583581860206 
-0.534 0.8607780400949311 
-0.532 0.8617942788928289 
-0.53 0.8628070705147607 
-0.528 0.8638164109095602 
-0.526 0.8648222960398682 
-0.524 0.8658247218821447 
-0.522 0.8668236844266884 
-0.52 0.8678191796776504 
-0.518 0.8688112036530506 
-0.516 0.8697997523847946 
-0.514 0.8707848219186888 
-0.512 0.8717664083144563 
-0.51 0.8727445076457526 
-0.508 0.8737191160001825 
-0.506 0.874690229479313 
-0.504 0.8756578441986923 
-0.502 0.8766219562878621 
-0.5 0.8775825618903753 
-0.498 0.878539657163811 
-0.496 0.8794932382797902 
-0.494 0.8804433014239883 
-0.492 0.8813898427961546 
-0.49 0.8823328586101251 
-0.488 0.8832723450938378 
-0.486 0.8842082984893472 
-0.484 0.8851407150528422 
-0.482 0.8860695910546569 
-0.48 0.8869949227792887 
-0.478 0.8879167065254122 
-0.476 0.888834938605893 
-0.474 0.8897496153478052 
-0.472 0.8906607330924421 
-0.47 0.891568288195334 
-0.46799999999999997 0.8924722770262619 
-0.46599999999999997 0.8933726959692715 
-0.46399999999999997 0.8942695414226887 
-0.46199999999999997 0.8951628097991324 
-0.45999999999999996 0.8960524975255304 
-0.45799999999999996 0.8969386010431332 
-0.45599999999999996 0.8978211168075279 
-0.45399999999999996 0.8987000412886519 
-0.45199999999999996 0.8995753709708093 
-0.44999999999999996 0.9004471023526822 
-0.44799999999999995 0.9013152319473464 
-0.44599999999999995 0.9021797562822844 
-0.44399999999999995 0.9030406718994001 
-0.44199999999999995 0.9038979753550325 
-0.43999999999999995 0.9047516632199684 
-0.43799999999999994 0.9056017320794577 
-0.43599999999999994 0.9064481785332265 
-0.43399999999999994 0.9072909991954895 
-0.43199999999999994 0.9081301906949656 
-0.42999999999999994 0.9089657496748895 
-0.42799999999999994 0.9097976727930266 
-0.42599999999999993 0.9106259567216857 
-0.42399999999999993 0.9114505981477323 
-0.42200000000000004 0.9122715937726014 
-0.42000000000000004 0.9130889403123117 
-0.41800000000000004 0.9139026344974784 
-0.41600000000000004 0.9147126730733256 
-0.41400000000000003 0.9155190527996996 
-0.41200000000000003 0.9163217704510835 
-0.41000000000000003 0.9171208228166073 
-0.40800000000000003 0.9179162067000629 
-0.406 0.9187079189199155 
-0.404 0.9194959563093174 
-0.402 0.9202803157161199 
-0.4 0.9210609940028863 
-0.398 0.921837988046905 
-0.396 0.9226112947402009 
-0.394 0.9233809109895478 
-0.392 0.9241468337164817 
-0.39 0.9249090598573134 
-0.388 0.9256675863631384 
-0.386 0.9264224101998526 
-0.384 0.9271735283481602 
-0.382 0.9279209378035921 
-0.38 0.928664635576509 
-0.378 0.9294046186921225 
-0.376 0.9301408841905 
-0.374 0.9308734291265812 
-0.372 0.9316022505701868 
-0.37 0.9323273456060327 
-0.368 0.9330487113337387 
-0.366 0.9337663448678439 
-0.364 0.9344802433378141 
-0.362 0.9351904038880574 
-0.36 0.9358968236779321 
-0.358 0.93659949988176 
-0.356 0.9372984296888367 
-0.354 0.937993610303445 
-0.352 0.9386850389448623 
-0.35 0.9393727128473754 
-0.348 0.9400566292602899 
-0.346 0.9407367854479408 
-0.344 0.941413178689704 
-0.34199999999999997 0.9420858062800078 
-0.33999999999999997 0.9427546655283429 
-0.33799999999999997 0.9434197537592727 
-0.33599999999999997 0.9440810683124452 
-0.33399999999999996 0.9447386065426033 
-0.33199999999999996 0.9453923658195947 
-0.32999999999999996 0.9460423435283831 
-0.32799999999999996 0.9466885370690592 
-0.32599999999999996 0.9473309438568496 
-0.32399999999999995 0.9479695613221274 
-0.32199999999999995 0.9486043869104236 
-0.31999999999999995 0.9492354180824376 
-0.31799999999999995 0.9498626523140444 
-0.31599999999999995 0.9504860870963088 
-0.31399999999999995 0.9511057199354919 
-0.31199999999999994 0.9517215483530631 
-0.30999999999999994 0.9523335698857103 
-0.30799999999999994 0.9529417820853477 
-0.30599999999999994 0.9535461825191272 
-0.30399999999999994 0.9541467687694483 
-0.30199999999999994 0.9547435384339664 
-0.29999999999999993 0.9553364891256038 
-0.29799999999999993 0.9559256184725584 
-0.29600000000000004 0.9565109241183134 
-0.29400000000000004 0.9570924037216475 
-0.29200000000000004 0.957670054956643 
-0.29000000000000004 0.9582438755126955 
-0.28800000000000003 0.9588138630945238 
-0.28600000000000003 0.9593800154221778 
-0.28400000000000003 0.9599423302310492 
-0.28200000000000003 0.96050080527188 
-0.28 0.9610554383107702 
-0.278 0.9616062271291884 
-0.276 0.9621531695239803 
-0.274 0.9626962633073771 
-0.272 0.9632355063070042 
-0.27 0.9637708963658905 
-0.268 0.9643024313424758 
-0.266 0.9648301091106225 
-0.264 0.9653539275596185 
-0.262 0.9658738845941918 
-0.26 0.9663899781345139 
-0.258 0.9669022061162121 
-0.256 0.9674105664903755 
-0.254 0.9679150572235623 
-0.252 0.9684156762978111 
-0.25 0.9689124217106461 
-0.248 0.9694052914750857 
-0.246 0.9698942836196522 
-0.244 0.9703793961883773 
-0.242 0.9708606272408116 
-0.24 0.9713379748520312 
-0.238 0.9718114371126466 
-0.236 0.9722810121288095 
-0.23399999999999999 0.97274669802222 
-0.23199999999999998 0.9732084929301351 
-0.22999999999999998 0.9736663950053768 
-0.22799999999999998 0.974120402416336 
-0.22599999999999998 0.974570513346985 
-0.22399999999999998 0.9750167259968796 
-0.22199999999999998 0.9754590385811701 
-0.21999999999999997 0.9758974493306074 
-0.21799999999999997 0.9763319564915484 
-0.21599999999999997 0.9767625583259648 
-0.21399999999999997 0.9771892531114503 
-0.21199999999999997 0.977612039141227 
-0.20999999999999996 0.97803091472415 
-0.20799999999999996 0.9784458781847184 
-0.20599999999999996 0.9788569278630784 
-0.20399999999999996 0.9792640621150321 
-0.20199999999999996 0.979667279312043 
-0.19999999999999996 0.9800665778412432 
-0.19799999999999995 0.9804619561054387 
-0.19599999999999995 0.9808534125231166 
-0.19399999999999995 0.9812409455284522 
-0.19199999999999995 0.9816245535713147 
-0.18999999999999995 0.9820042351172714 
-0.18799999999999994 0.982379988647597 
-0.18599999999999994 0.9827518126592777 
-0.18399999999999994 0.9831197056650184 
-0.18199999999999994 0.9834836661932468 
-0.17999999999999994 0.9838436927881217 
-0.17799999999999994 0.9841997840095376 
-0.17599999999999993 0.9845519384331297 
-0.17399999999999993 0.9849001546502808 
-0.17199999999999993 0.9852444312681263 
-0.16999999999999993 0.9855847669095605 
-0.16799999999999993 0.9859211602132415 
-0.16600000000000004 0.9862536098335958 
-0.16400000000000003 0.9865821144408259 
-0.16200000000000003 0.9869066727209134 
-0.16000000000000003 0.9872272833756263 
-0.15800000000000003 0.9875439451225219 
-0.15600000000000003 0.9878566566949541 
-0.15400000000000003 0.9881654168420758 
-0.15200000000000002 0.9884702243288481 
-0.15000000000000002 0.988771077936041 
-0.14800000000000002 0.9890679764602404 
-0.14600000000000002 0.9893609187138532 
-0.14400000000000002 0.9896499035251101 
-0.14200000000000002 0.9899349297380723 
-0.14 0.9902159962126357 
-0.138 0.9904931018245343 
-0.136 0.990766245465346 
-0.134 0.9910354260424972 
-0.132 0.9913006424792659 
-0.13 0.9915618937147859 
-0.128 0.9918191787040536 
-0.126 0.9920724964179287 
-0.124 0.9923218458431408 
-0.122 0.9925672259822927 
-0.12 0.9928086358538644 
-0.118 0.993046074492216 
-0.11599999999999999 0.9932795409475939 
-0.11399999999999999 0.993509034286132 
-0.11199999999999999 0.9937345535898582 
-0.10999999999999999 0.9939560979566949 
-0.10799999999999998 0.9941736665004647 
-0.10599999999999998 0.9943872583508944 
-0.10399999999999998 0.9945968726536167 
-0.10199999999999998 0.9948025085701743 
-0.09999999999999998 0.9950041652780237 
-0.09799999999999998 0.9952018419705391 
-0.09599999999999997 0.9953955378570133 
-0.09399999999999997 0.9955852521626637 
-0.09199999999999997 0.9957709841286324 
-0.08999999999999997 0.9959527330119928 
-0.08799999999999997 0.9961304980857487 
-0.08599999999999997 0.9963042786388405 
-0.08399999999999996 0.9964740739761465 
-0.08199999999999996 0.9966398834184848 
-0.07999999999999996 0.9968017063026182 
-0.07799999999999996 0.9969595419812557 
-0.07599999999999996 0.9971133898230546 
-0.07399999999999995 0.9972632492126238 
-0.07199999999999995 0.9974091195505257 
-0.06999999999999995 0.9975510002532791 
-0.06799999999999995 0.9976888907533616 
-0.06599999999999995 0.9978227904992116 
-0.06399999999999995 0.99795269895523 
-0.061999999999999944 0.998078615601783 
-0.05999999999999994 0.9982005399352045 
-0.05799999999999994 0.9983184714677971 
-0.05599999999999994 0.9984324097278349 
-0.05399999999999994 0.998542354259565 
-0.051999999999999935 0.9986483046232096 
-0.04999999999999993 0.9987502603949672 
-0.04799999999999993 0.9988482211670151 
-0.04599999999999993 0.9989421865475098 
-0.04399999999999993 0.9990321561605903 
-0.041999999999999926 0.9991181296463783 
-0.040000000000000036 0.9992001066609796 
-0.038000000000000034 0.9992780868764866 
-0.03600000000000003 0.9993520699809788 
-0.03400000000000003 0.9994220556785233 
-0.03200000000000003 0.9994880436891778 
-0.030000000000000027 0.9995500337489901 
-0.028000000000000025 0.99960802561 
-0.026000000000000023 0.9996620190402402 
-0.02400000000000002 0.9997120138237373 
-0.02200000000000002 0.999758009760512 
-0.020000000000000018 0.9998000066665805 
-0.018000000000000016 0.9998380043739558 
-0.016000000000000014 0.9998720027306465 
-0.014000000000000012 0.9999020016006591 
-0.01200000000000001 0.9999280008639989 
-0.010000000000000009 0.9999500004166687 
-0.008000000000000007 0.9999680001706698 
-0.006000000000000005 0.9999820000540035 
-0.0040000000000000036 0.9999920000106702 
-0.0020000000000000018 0.9999980000006703 
0.0 1.0000000000000038 
0.0020000000000000018 0.9999980000006703 
0.0040000000000000036 0.9999920000106705 
0.006000000000000005 0.9999820000540037 
0.008000000000000007 0.99996800017067 
0.010000000000000009 0.9999500004166689 
0.01200000000000001 0.9999280008639994 
0.014000000000000012 0.9999020016006598 
0.016000000000000014 0.9998720027306467 
0.018000000000000016 0.9998380043739562 
0.020000000000000018 0.9998000066665816 
0.02200000000000002 0.9997580097605129 
0.02400000000000002 0.9997120138237382 
0.026000000000000023 0.9996620190402409 
0.028000000000000025 0.9996080256100008 
0.030000000000000027 0.9995500337489908 
0.03200000000000003 0.9994880436891787 
0.03400000000000003 0.9994220556785246 
0.03600000000000003 0.9993520699809799 
0.038000000000000034 0.9992780868764881 
0.040000000000000036 0.9992001066609809 
0.04200000000000004 0.9991181296463796 
0.04400000000000004 0.9990321561605914 
0.04600000000000004 0.9989421865475109 
0.04800000000000004 0.9988482211670164 
0.050000000000000044 0.998750260394969 
0.052000000000000046 0.9986483046232114 
0.05400000000000005 0.9985423542595666 
0.05600000000000005 0.9984324097278366 
0.05800000000000005 0.9983184714677988 
0.06000000000000005 0.9982005399352063 
0.062000000000000055 0.9980786156017846 
0.06400000000000006 0.9979526989552315 
0.06600000000000006 0.9978227904992134 
0.06800000000000006 0.9976888907533636 
0.07000000000000006 0.9975510002532809 
0.07200000000000006 0.9974091195505274 
0.07400000000000007 0.9972632492126255 
0.07600000000000007 0.9971133898230564 
0.07800000000000007 0.9969595419812575 
0.08000000000000007 0.9968017063026202 
0.08200000000000007 0.9966398834184865 
0.08400000000000007 0.9964740739761481 
0.08600000000000008 0.996304278638842 
0.08800000000000008 0.9961304980857503 
0.09000000000000008 0.9959527330119944 
0.09200000000000008 0.995770984128634 
0.09400000000000008 0.9955852521626652 
0.09600000000000009 0.9953955378570151 
0.09800000000000009 0.9952018419705408 
0.10000000000000009 0.9950041652780253 
0.10200000000000009 0.9948025085701756 
0.10400000000000009 0.9945968726536181 
0.1060000000000001 0.9943872583508959 
0.1080000000000001 0.9941736665004658 
0.1100000000000001 0.993956097956696 
0.1120000000000001 0.9937345535898594 
0.1140000000000001 0.9935090342861331 
0.1160000000000001 0.9932795409475947 
0.1180000000000001 0.9930460744922167 
0.1200000000000001 0.9928086358538648 
0.12200000000000011 0.9925672259822932 
0.12400000000000011 0.9923218458431413 
0.1260000000000001 0.9920724964179292 
0.1280000000000001 0.991819178704054 
0.13000000000000012 0.9915618937147865 
0.13200000000000012 0.9913006424792663 
0.13400000000000012 0.9910354260424974 
0.13600000000000012 0.9907662454653462 
0.13800000000000012 0.9904931018245343 
0.14000000000000012 0.9902159962126355 
0.14200000000000013 0.9899349297380722 
0.14400000000000013 0.9896499035251096 
0.14600000000000013 0.9893609187138528 
0.14800000000000013 0.9890679764602401 
0.15000000000000013 0.9887710779360406 
0.15200000000000014 0.9884702243288477 
0.15399999999999991 0.9881654168420752 
0.15599999999999992 0.987856656694953 
0.15799999999999992 0.987543945122521 
0.15999999999999992 0.9872272833756254 
0.16199999999999992 0.9869066727209125 
0.16399999999999992 0.9865821144408246 
0.16599999999999993 0.9862536098335947 
0.16799999999999993 0.9859211602132402 
0.16999999999999993 0.9855847669095591 
0.17199999999999993 0.985244431268125 
0.17399999999999993 0.9849001546502797 
0.17599999999999993 0.9845519384331286 
0.17799999999999994 0.9841997840095362 
0.17999999999999994 0.9838436927881203 
0.18199999999999994 0.983483666193245 
0.18399999999999994 0.9831197056650165 
0.18599999999999994 0.9827518126592761 
0.18799999999999994 0.982379988647595 
0.18999999999999995 0.9820042351172696 
0.19199999999999995 0.9816245535713127 
0.19399999999999995 0.9812409455284508 
0.19599999999999995 0.9808534125231148 
0.19799999999999995 0.9804619561054367 
0.19999999999999996 0.9800665778412414 
0.20199999999999996 0.979667279312041 
0.20399999999999996 0.9792640621150304 
0.20599999999999996 0.9788569278630767 
0.20799999999999996 0.9784458781847166 
0.20999999999999996 0.9780309147241482 
0.21199999999999997 0.9776120391412253 
0.21399999999999997 0.9771892531114488 
0.21599999999999997 0.9767625583259635 
0.21799999999999997 0.9763319564915466 
0.21999999999999997 0.9758974493306056 
0.22199999999999998 0.9754590385811686 
0.22399999999999998 0.9750167259968783 
0.22599999999999998 0.9745705133469836 
0.22799999999999998 0.9741204024163349 
0.22999999999999998 0.9736663950053754 
0.23199999999999998 0.973208492930134 
0.23399999999999999 0.9727466980222189 
0.236 0.9722810121288081 
0.238 0.9718114371126453 
0.24 0.9713379748520301 
0.242 0.9708606272408106 
0.244 0.9703793961883764 
0.246 0.9698942836196514 
0.248 0.969405291475085 
0.25 0.9689124217106454 
0.252 0.9684156762978107 
0.254 0.9679150572235623 
0.256 0.9674105664903755 
0.258 0.9669022061162121 
0.26 0.966389978134514 
0.262 0.9658738845941915 
0.264 0.9653539275596186 
0.266 0.9648301091106226 
0.268 0.9643024313424765 
0.27 0.9637708963658912 
0.272 0.9632355063070048 
0.274 0.9626962633073776 
0.276 0.9621531695239813 
0.278 0.9616062271291895 
0.28 0.9610554383107714 
0.28200000000000003 0.9605008052718809 
0.28400000000000003 0.9599423302310505 
0.28600000000000003 0.9593800154221791 
0.28800000000000003 0.9588138630945251 
0.29000000000000004 0.9582438755126972 
0.29200000000000004 0.9576700549566448 
0.29400000000000004 0.9570924037216494 
0.29600000000000004 0.9565109241183153 
0.29800000000000004 0.9559256184725602 
0.30000000000000004 0.9553364891256056 
0.30200000000000005 0.9547435384339683 
0.30400000000000005 0.9541467687694505 
0.30600000000000005 0.9535461825191293 
0.30800000000000005 0.9529417820853497 
0.31000000000000005 0.9523335698857122 
0.31200000000000006 0.9517215483530652 
0.31400000000000006 0.9511057199354941 
0.31600000000000006 0.9504860870963108 
0.31800000000000006 0.9498626523140467 
0.32000000000000006 0.9492354180824396 
0.32200000000000006 0.9486043869104258 
0.32400000000000007 0.9479695613221296 
0.32600000000000007 0.947330943856852 
0.32800000000000007 0.9466885370690616 
0.33000000000000007 0.9460423435283853 
0.3320000000000001 0.9453923658195965 
0.3340000000000001 0.9447386065426046 
0.3360000000000001 0.9440810683124465 
0.3380000000000001 0.9434197537592739 
0.3400000000000001 0.9427546655283442 
0.3420000000000001 0.9420858062800096 
0.3440000000000001 0.9414131786897055 
0.3460000000000001 0.940736785447942 
0.3480000000000001 0.9400566292602912 
0.3500000000000001 0.9393727128473767 
0.3520000000000001 0.9386850389448629 
0.3540000000000001 0.9379936103034453 
0.3560000000000001 0.9372984296888376 
0.3580000000000001 0.9365994998817603 
0.3600000000000001 0.9358968236779325 
0.3620000000000001 0.9351904038880577 
0.3640000000000001 0.9344802433378142 
0.3660000000000001 0.9337663448678434 
0.3680000000000001 0.9330487113337381 
0.3700000000000001 0.9323273456060321 
0.3720000000000001 0.9316022505701861 
0.3740000000000001 0.9308734291265802 
0.3760000000000001 0.9301408841904988 
0.3780000000000001 0.9294046186921212 
0.3800000000000001 0.9286646355765077 
0.3820000000000001 0.9279209378035905 
0.3840000000000001 0.9271735283481589 
0.3860000000000001 0.9264224101998503 
0.3880000000000001 0.9256675863631361 
0.3900000000000001 0.9249090598573109 
0.3920000000000001 0.9241468337164791 
0.39400000000000013 0.9233809109895447 
0.39600000000000013 0.9226112947401978 
0.39800000000000013 0.9218379880469019 
0.40000000000000013 0.9210609940028831 
0.40200000000000014 0.9202803157161165 
0.40400000000000014 0.9194959563093135 
0.40600000000000014 0.9187079189199117 
0.4079999999999999 0.9179162067000591 
0.4099999999999999 0.9171208228166036 
0.4119999999999999 0.9163217704510797 
0.4139999999999999 0.9155190527996955 
0.4159999999999999 0.9147126730733212 
0.4179999999999999 0.9139026344974738 
0.41999999999999993 0.913088940312307 
0.42199999999999993 0.9122715937725968 
0.42399999999999993 0.9114505981477276 
0.42599999999999993 0.9106259567216808 
0.42799999999999994 0.9097976727930217 
0.42999999999999994 0.9089657496748842 
0.43199999999999994 0.9081301906949605 
0.43399999999999994 0.9072909991954842 
0.43599999999999994 0.9064481785332213 
0.43799999999999994 0.9056017320794528 
0.43999999999999995 0.9047516632199628 
0.44199999999999995 0.9038979753550271 
0.44399999999999995 0.9030406718993947 
0.44599999999999995 0.9021797562822791 
0.44799999999999995 0.9013152319473413 
0.44999999999999996 0.9004471023526772 
0.45199999999999996 0.8995753709708044 
0.45399999999999996 0.898700041288647 
0.45599999999999996 0.897821116807523 
0.45799999999999996 0.8969386010431287 
0.45999999999999996 0.8960524975255262 
0.46199999999999997 0.895162809799128 
0.46399999999999997 0.8942695414226843 
0.46599999999999997 0.8933726959692674 
0.46799999999999997 0.8924722770262576 
0.47 0.8915682881953301 
0.472 0.8906607330924385 
0.474 0.8897496153478017 
0.476 0.8888349386058898 
0.478 0.8879167065254087 
0.48 0.8869949227792853 
0.482 0.8860695910546537 
0.484 0.8851407150528395 
0.486 0.8842082984893448 
0.488 0.8832723450938353 
0.49 0.8823328586101229 
0.492 0.8813898427961526 
0.494 0.8804433014239863 
0.496 0.8794932382797884 
0.498 0.8785396571638097 
0.5 0.8775825618903742 
0.502 0.876621956287861 
0.504 0.8756578441986915 
0.506 0.8746902294793125 
0.508 0.8737191160001825 
0.51 0.8727445076457528 
0.512 0.8717664083144563 
0.514 0.870784821918689 
0.516 0.8697997523847953 
0.518 0.8688112036530514 
0.52 0.8678191796776514 
0.522 0.8668236844266899 
0.524 0.8658247218821464 
0.526 0.8648222960398698 
0.528 0.8638164109095622 
0.53 0.8628070705147624 
0.532 0.861794278892831 
0.534 0.8607780400949333 
0.536 0.8597583581860229 
0.538 0.8587352372448263 
0.54 0.8577086813638255 
0.542 0.8566786946492424 
0.544 0.8556452812210232 
0.546 0.8546084452128204 
0.548 0.8535681907719758 
0.55 0.8525245220595066 
0.552 0.8514774432500857 
0.554 0.850426958532027 
0.556 0.8493730721072681 
0.558 0.8483157881913528 
0.56 0.8472551110134167 
0.562 0.8461910448161658 
0.5640000000000001 0.8451235938558636 
0.5660000000000001 0.8440527624023134 
0.5680000000000001 0.8429785547388388 
0.5700000000000001 0.841900975162269 
0.5720000000000001 0.8408200279829212 
0.5740000000000001 0.8397357175245823 
0.5760000000000001 0.8386480481244936 
0.5780000000000001 0.8375570241333302 
0.5800000000000001 0.836462649915187 
0.5820000000000001 0.8353649298475593 
0.5840000000000001 0.8342638683213267 
0.5860000000000001 0.8331594697407323 
0.5880000000000001 0.8320517385233702 
0.5900000000000001 0.8309406791001632 
0.5920000000000001 0.8298262959153483 
0.5940000000000001 0.8287085934264556 
0.5960000000000001 0.8275875761042946 
0.5980000000000001 0.8264632484329321 
0.6000000000000001 0.8253356149096781 
0.6020000000000001 0.824204680045065 
0.6040000000000001 0.8230704483628306 
0.6060000000000001 0.8219329243999003 
0.6080000000000001 0.8207921127063682 
0.6100000000000001 0.8196480178454796 
0.6120000000000001 0.8185006443936124 
0.6140000000000001 0.8173499969402591 
0.6160000000000001 0.8161960800880078 
0.6180000000000001 0.8150388984525244 
0.6200000000000001 0.8138784566625341 
0.6220000000000001 0.8127147593598018 
0.6240000000000001 0.8115478111991162 
0.6260000000000001 0.8103776168482676 
0.6280000000000001 0.8092041809880323 
0.6300000000000001 0.8080275083121521 
0.6320000000000001 0.8068476035273157 
0.6340000000000001 0.8056644713531411 
0.6360000000000001 0.8044781165221555 
0.6380000000000001 0.8032885437797764 
0.6400000000000001 0.8020957578842931 
0.6420000000000001 0.8008997636068482 
0.6440000000000001 0.7997005657314161 
0.6460000000000001 0.7984981690547874 
0.6480000000000001 0.7972925783865473 
0.6500000000000001 0.7960837985490563 
0.6520000000000001 0.7948718343774333 
0.6540000000000001 0.793656690719532 
0.6560000000000001 0.7924383724359264 
0.6580000000000001 0.7912168843998876 
0.6600000000000001 0.789992231497366 
0.6620000000000001 0.7887644186269718 
0.6640000000000001 0.7875334506999548 
0.6659999999999999 0.7862993326401854 
0.6679999999999999 0.7850620693841331 
0.6699999999999999 0.7838216658808503 
0.6719999999999999 0.7825781270919493 
0.6739999999999999 0.781331457991583 
0.6759999999999999 0.7800816635664265 
0.6779999999999999 0.7788287488156564 
0.6799999999999999 0.777572718750929 
0.6819999999999999 0.7763135783963637 
0.6839999999999999 0.7750513327885193 
0.6859999999999999 0.7737859869763777 
0.688 0.7725175460213195 
0.69 0.7712460149971075 
0.692 0.769971398989864 
0.694 0.7686937030980506 
0.696 0.7674129324324501 
0.698 0.7661290921161432 
0.7 0.7648421872844888 
0.702 0.7635522230851056 
0.704 0.762259204677848 
0.706 0.7609631372347884 
0.708 0.7596640259401938 
0.71 0.7583618759905084 
0.712 0.7570566925943306 
0.714 0.7557484809723916 
0.716 0.7544372463575358 
0.718 0.7531229939947014 
0.72 0.751805729140895 
0.722 0.7504854570651743 
0.724 0.7491621830486259 
0.726 0.7478359123843443 
0.728 0.7465066503774103 
0.73 0.7451744023448698 
0.732 0.7438391736157139 
0.734 0.7425009695308548 
0.736 0.7411597954431082 
0.738 0.7398156567171676 
0.74 0.738468558729587 
0.742 0.737118506868756 
0.744 0.7357655065348802 
0.746 0.7344095631399592 
0.748 0.7330506821077648 
0.75 0.7316888688738197 
0.752 0.7303241288853747 
0.754 0.7289564676013874 
0.756 0.7275858904925023 
0.758 0.7262124030410253 
0.76 0.7248360107409039 
0.762 0.7234567190977063 
0.764 0.7220745336285967 
0.766 0.720689459862316 
0.768 0.7193015033391563 
0.77 0.7179106696109421 
0.772 0.7165169642410069 
0.774 0.71512039280417 
0.776 0.7137209608867155 
0.778 0.7123186740863692 
0.78 0.7109135380122764 
0.782 0.7095055582849793 
0.784 0.708094740536395 
0.786 0.706681090409793 
0.788 0.7052646135597712 
0.79 0.7038453156522354 
0.792 0.7024232023643757 
0.794 0.7009982793846435 
0.796 0.6995705524127277 
0.798 0.6981400271595355 
0.8 0.6967067093471654 
0.802 0.6952706047088868 
0.804 0.6938317189891164 
0.806 0.6923900579433954 
0.808 0.6909456273383652 
0.81 0.6894984329517474 
0.812 0.6880484805723173 
0.8140000000000001 0.6865957759998819 
0.8160000000000001 0.685140325045258 
0.8180000000000001 0.6836821335302474 
0.8200000000000001 0.6822212072876144 
0.8220000000000001 0.680757552161062 
0.8240000000000001 0.6792911740052083 
0.8260000000000001 0.6778220786855642 
0.8280000000000001 0.6763502720785094 
0.8300000000000001 0.674875760071268 
0.8320000000000001 0.6733985485618862 
0.8340000000000001 0.671918643459208 
0.8360000000000001 0.6704360506828522 
0.8380000000000001 0.6689507761631865 
0.8400000000000001 0.6674628258413092 
0.8420000000000001 0.6659722056690175 
0.8440000000000001 0.6644789216087917 
0.8460000000000001 0.6629829796337653 
0.8480000000000001 0.6614843857277045 
0.8500000000000001 0.6599831458849829 
0.8520000000000001 0.6584792661105571 
0.8540000000000001 0.6569727524199455 
0.8560000000000001 0.6554636108391998 
0.8580000000000001 0.6539518474048841 
0.8600000000000001 0.6524374681640519 
0.8620000000000001 0.6509204791742161 
0.8640000000000001 0.6494008865033323 
0.8660000000000001 0.6478786962297675 
0.8680000000000001 0.6463539144422822 
0.8700000000000001 0.6448265472400003 
0.8720000000000001 0.6432966007323897 
0.8740000000000001 0.6417640810392342 
0.8760000000000001 0.6402289942906099 
0.8780000000000001 0.638691346626862 
0.8800000000000001 0.6371511441985794 
0.8820000000000001 0.6356083931665693 
0.8840000000000001 0.6340630997018342 
0.8860000000000001 0.6325152699855456 
0.8880000000000001 0.6309649102090202 
0.8900000000000001 0.6294120265736959 
0.8920000000000001 0.6278566252911041 
0.8940000000000001 0.6262987125828482 
0.8960000000000001 0.6247382946805776 
0.8980000000000001 0.6231753778259608 
0.9000000000000001 0.6216099682706637 
0.9020000000000001 0.6200420722763221 
0.9040000000000001 0.6184716961145186 
0.9060000000000001 0.6168988460667555 
0.9080000000000001 0.6153235284244298 
0.9100000000000001 0.6137457494888113 
0.9120000000000001 0.6121655155710134 
0.9140000000000001 0.6105828329919689 
0.9160000000000001 0.6089977080824072 
0.9180000000000001 0.6074101471828246 
0.9199999999999999 0.605820156643464 
0.9219999999999999 0.6042277428242835 
0.9239999999999999 0.6026329120949376 
0.9259999999999999 0.6010356708347472 
0.9279999999999999 0.5994360254326747 
0.9299999999999999 0.5978339822872991 
0.9319999999999999 0.5962295478067923 
0.9339999999999999 0.5946227284088887 
0.9359999999999999 0.593013530520864 
0.938 0.5914019605795082 
0.94 0.5897880250310986 
0.942 0.588171730331375 
0.944 0.5865530829455146 
0.946 0.5849320893481044 
0.948 0.5833087560231167 
0.95 0.5816830894638827 
0.952 0.5800550961730658 
0.954 0.5784247826626382 
0.956 0.5767921554538509 
0.958 0.575157221077211 
0.96 0.5735199860724539 
0.962 0.571880456988517 
0.964 0.570238640383515 
0.966 0.5685945428247118 
0.968 0.5669481708884954 
0.97 0.5652995311603518 
0.972 0.563648630234837 
0.974 0.5619954747155531 
0.976 0.5603400712151201 
0.978 0.5586824263551494 
0.98 0.5570225467662182 
0.982 0.5553604390878426 
0.984 0.5536961099684515 
0.986 0.5520295660653586 
0.988 0.5503608140447372 
0.99 0.548689860581593 
0.992 0.547016712359738 
0.994 0.5453413760717616 
0.996 0.5436638584190074 
0.998 0.5419841661115424 
