-1.0 0.5403023058681395 
-0.998 0.5419841661115428 
-0.996 0.543663858419004 
-0.994 0.5453413760717565 
-0.992 0.5470167123597318 
-0.99 0.5486898605815868 
-0.988 0.5503608140447315 
-0.986 0.5520295660653539 
-0.984 0.5536961099684478 
-0.982 0.5553604390878403 
-0.98 0.5570225467662169 
-0.978 0.5586824263551489 
-0.976 0.5603400712151207 
-0.974 0.5619954747155547 
-0.972 0.563648630234839 
-0.97 0.565299531160354 
-0.968 0.5669481708884982 
-0.966 0.5685945428247148 
-0.964 0.570238640383518 
-0.962 0.57188045698852 
-0.96 0.5735199860724569 
-0.958 0.575157221077214 
-0.956 0.5767921554538535 
-0.954 0.5784247826626404 
-0.952 0.5800550961730679 
-0.95 0.5816830894638841 
-0.948 0.5833087560231178 
-0.946 0.5849320893481054 
-0.944 0.5865530829455156 
-0.942 0.5881717303313759 
-0.94 0.5897880250310991 
-0.938 0.5914019605795087 
-0.9359999999999999 0.5930135305208641 
-0.9339999999999999 0.5946227284088885 
-0.9319999999999999 0.5962295478067918 
-0.9299999999999999 0.5978339822872991 
-0.9279999999999999 0.5994360254326743 
-0.926 0.6010356708347467 
-0.924 0.6026329120949375 
-0.922 0.6042277428242835 
-0.92 0.6058201566434636 
-0.918 0.6074101471828249 
-0.916 0.6089977080824076 
-0.914 0.6105828329919695 
-0.912 0.612165515571014 
-0.91 0.6137457494888121 
-0.908 0.6153235284244308 
-0.906 0.616898846066756 
-0.904 0.6184716961145199 
-0.902 0.6200420722763238 
-0.9 0.6216099682706652 
-0.898 0.6231753778259623 
-0.896 0.6247382946805791 
-0.894 0.62629871258285 
-0.892 0.6278566252911055 
-0.89 0.6294120265736969 
-0.888 0.6309649102090217 
-0.886 0.6325152699855471 
-0.884 0.6340630997018355 
-0.882 0.6356083931665705 
-0.88 0.6371511441985801 
-0.878 0.638691346626863 
-0.876 0.6402289942906106 
-0.874 0.641764081039235 
-0.872 0.6432966007323907 
-0.87 0.644826547240001 
-0.868 0.6463539144422824 
-0.866 0.6478786962297677 
-0.864 0.6494008865033322 
-0.862 0.6509204791742166 
-0.86 0.6524374681640516 
-0.858 0.6539518474048842 
-0.856 0.6554636108391992 
-0.854 0.6569727524199447 
-0.852 0.6584792661105564 
-0.85 0.6599831458849819 
-0.848 0.6614843857277034 
-0.846 0.6629829796337643 
-0.844 0.6644789216087907 
-0.842 0.6659722056690168 
-0.84 0.6674628258413076 
-0.838 0.6689507761631854 
-0.836 0.6704360506828502 
-0.834 0.6719186434592064 
-0.832 0.6733985485618849 
-0.83 0.6748757600712666 
-0.828 0.676350272078508 
-0.826 0.6778220786855628 
-0.8240000000000001 0.6792911740052064 
-0.8220000000000001 0.6807575521610603 
-0.8200000000000001 0.6822212072876128 
-0.8180000000000001 0.6836821335302463 
-0.8160000000000001 0.6851403250452566 
-0.8140000000000001 0.6865957759998806 
-0.812 0.6880484805723158 
-0.81 0.6894984329517464 
-0.808 0.6909456273383645 
-0.806 0.692390057943394 
-0.804 0.6938317189891154 
-0.802 0.695270604708886 
-0.8 0.6967067093471647 
-0.798 0.6981400271595353 
-0.796 0.6995705524127276 
-0.794 0.7009982793846432 
-0.792 0.7024232023643757 
-0.79 0.7038453156522354 
-0.788 0.7052646135597711 
-0.786 0.7066810904097928 
-0.784 0.7080947405363953 
-0.782 0.7095055582849796 
-0.78 0.7109135380122771 
-0.778 0.7123186740863701 
-0.776 0.7137209608867167 
-0.774 0.7151203928041708 
-0.772 0.7165169642410079 
-0.77 0.7179106696109427 
-0.768 0.7193015033391572 
-0.766 0.7206894598623166 
-0.764 0.7220745336285977 
-0.762 0.7234567190977071 
-0.76 0.7248360107409049 
-0.758 0.7262124030410261 
-0.756 0.7275858904925032 
-0.754 0.7289564676013885 
-0.752 0.7303241288853752 
-0.75 0.7316888688738208 
-0.748 0.7330506821077661 
-0.746 0.7344095631399601 
-0.744 0.7357655065348812 
-0.742 0.7371185068687567 
-0.74 0.7384685587295878 
-0.738 0.7398156567171684 
-0.736 0.7411597954431088 
-0.734 0.7425009695308556 
-0.732 0.7438391736157144 
-0.73 0.7451744023448703 
-0.728 0.7465066503774106 
-0.726 0.7478359123843448 
-0.724 0.7491621830486264 
-0.722 0.7504854570651744 
-0.72 0.7518057291408954 
-0.718 0.7531229939947018 
-0.716 0.7544372463575365 
-0.714 0.7557484809723916 
-0.712 0.7570566925943305 
-0.71 0.7583618759905084 
-0.708 0.7596640259401934 
-0.706 0.7609631372347879 
-0.704 0.7622592046778476 
-0.702 0.7635522230851053 
-0.7 0.7648421872844889 
-0.698 0.7661290921161428 
-0.696 0.7674129324324498 
-0.694 0.7686937030980503 
-0.692 0.7699713989898632 
-0.69 0.771246014997107 
-0.688 0.772517546021319 
-0.6859999999999999 0.7737859869763769 
-0.6839999999999999 0.775051332788519 
-0.6819999999999999 0.7763135783963628 
-0.6799999999999999 0.7775727187509285 
-0.6779999999999999 0.7788287488156558 
-0.6759999999999999 0.7800816635664262 
-0.6739999999999999 0.7813314579915823 
-0.6719999999999999 0.7825781270919482 
-0.6699999999999999 0.7838216658808499 
-0.6679999999999999 0.7850620693841326 
-0.6659999999999999 0.7862993326401844 
-0.6639999999999999 0.7875334506999541 
-0.6619999999999999 0.7887644186269712 
-0.6599999999999999 0.7899922314973654 
-0.6579999999999999 0.7912168843998872 
-0.6559999999999999 0.7924383724359261 
-0.6539999999999999 0.793656690719532 
-0.6519999999999999 0.7948718343774331 
-0.6499999999999999 0.7960837985490564 
-0.648 0.7972925783865472 
-0.646 0.7984981690547872 
-0.644 0.7997005657314158 
-0.642 0.8008997636068477 
-0.64 0.8020957578842931 
-0.638 0.8032885437797765 
-0.636 0.8044781165221558 
-0.634 0.8056644713531415 
-0.632 0.8068476035273161 
-0.63 0.8080275083121524 
-0.628 0.8092041809880326 
-0.626 0.810377616848268 
-0.624 0.8115478111991166 
-0.622 0.8127147593598023 
-0.62 0.8138784566625344 
-0.618 0.815038898452525 
-0.616 0.8161960800880084 
-0.614 0.8173499969402599 
-0.612 0.8185006443936133 
-0.61 0.8196480178454801 
-0.608 0.8207921127063689 
-0.606 0.821932924399901 
-0.604 0.8230704483628313 
-0.602 0.8242046800450658 
-0.6 0.8253356149096793 
-0.598 0.8264632484329331 
-0.596 0.8275875761042953 
-0.594 0.8287085934264564 
-0.592 0.8298262959153488 
-0.59 0.8309406791001643 
-0.588 0.832051738523371 
-0.586 0.8331594697407331 
-0.584 0.8342638683213272 
-0.5820000000000001 0.8353649298475603 
-0.5800000000000001 0.8364626499151876 
-0.5780000000000001 0.8375570241333307 
-0.5760000000000001 0.8386480481244941 
-0.5740000000000001 0.8397357175245831 
-0.5720000000000001 0.8408200279829219 
-0.5700000000000001 0.8419009751622695 
-0.5680000000000001 0.8429785547388389 
-0.5660000000000001 0.8440527624023136 
-0.5640000000000001 0.8451235938558642 
-0.562 0.8461910448161659 
-0.56 0.8472551110134169 
-0.558 0.8483157881913532 
-0.556 0.8493730721072682 
-0.554 0.8504269585320269 
-0.552 0.8514774432500858 
-0.55 0.8525245220595066 
-0.548 0.853568190771976 
-0.546 0.8546084452128203 
-0.544 0.8556452812210235 
-0.542 0.8566786946492424 
-0.54 0.8577086813638248 
-0.538 0.8587352372448255 
-0.536 0.8597583581860222 
-0.534 0.8607780400949326 
-0.532 0.8617942788928303 
-0.53 0.8628070705147617 
-0.528 0.8638164109095611 
-0.526 0.8648222960398689 
-0.524 0.8658247218821455 
-0.522 0.8668236844266888 
-0.52 0.8678191796776505 
-0.518 0.8688112036530505 
-0.516 0.8697997523847942 
-0.514 0.8707848219186882 
-0.512 0.8717664083144554 
-0.51 0.8727445076457517 
-0.508 0.8737191160001809 
-0.506 0.8746902294793115 
-0.504 0.8756578441986904 
-0.502 0.87662195628786 
-0.5 0.877582561890373 
-0.498 0.8785396571638089 
-0.496 0.8794932382797875 
-0.494 0.8804433014239854 
-0.492 0.8813898427961517 
-0.49 0.8823328586101219 
-0.488 0.8832723450938342 
-0.486 0.8842082984893437 
-0.484 0.8851407150528383 
-0.482 0.8860695910546529 
-0.48 0.8869949227792846 
-0.478 0.8879167065254078 
-0.476 0.8888349386058889 
-0.474 0.8897496153478007 
-0.472 0.8906607330924374 
-0.47 0.8915682881953293 
-0.46799999999999997 0.8924722770262572 
-0.46599999999999997 0.8933726959692665 
-0.46399999999999997 0.8942695414226834 
-0.46199999999999997 0.8951628097991274 
-0.45999999999999996 0.8960524975255253 
-0.45799999999999996 0.8969386010431282 
-0.45599999999999996 0.8978211168075225 
-0.45399999999999996 0.8987000412886468 
-0.45199999999999996 0.899575370970804 
-0.44999999999999996 0.9004471023526769 
-0.44799999999999995 0.9013152319473411 
-0.44599999999999995 0.9021797562822792 
-0.44399999999999995 0.9030406718993951 
-0.44199999999999995 0.9038979753550274 
-0.43999999999999995 0.9047516632199633 
-0.43799999999999994 0.9056017320794527 
-0.43599999999999994 0.9064481785332215 
-0.43399999999999994 0.9072909991954847 
-0.43199999999999994 0.9081301906949608 
-0.42999999999999994 0.908965749674885 
-0.42799999999999994 0.9097976727930224 
-0.42599999999999993 0.9106259567216816 
-0.42399999999999993 0.9114505981477281 
-0.42200000000000004 0.9122715937725976 
-0.42000000000000004 0.9130889403123081 
-0.41800000000000004 0.9139026344974749 
-0.41600000000000004 0.9147126730733222 
-0.41400000000000003 0.9155190527996965 
-0.41200000000000003 0.9163217704510807 
-0.41000000000000003 0.9171208228166048 
-0.40800000000000003 0.9179162067000606 
-0.406 0.9187079189199132 
-0.404 0.919495956309315 
-0.402 0.9202803157161179 
-0.4 0.9210609940028847 
-0.398 0.9218379880469036 
-0.396 0.9226112947401995 
-0.394 0.9233809109895466 
-0.392 0.9241468337164809 
-0.39 0.9249090598573128 
-0.388 0.9256675863631381 
-0.386 0.9264224101998522 
-0.384 0.9271735283481607 
-0.382 0.9279209378035922 
-0.38 0.9286646355765095 
-0.378 0.9294046186921231 
-0.376 0.9301408841905012 
-0.374 0.9308734291265823 
-0.372 0.9316022505701881 
-0.37 0.9323273456060341 
-0.368 0.9330487113337403 
-0.366 0.9337663448678457 
-0.364 0.9344802433378164 
-0.362 0.9351904038880596 
-0.36 0.9358968236779345 
-0.358 0.936599499881762 
-0.356 0.9372984296888394 
-0.354 0.9379936103034475 
-0.352 0.9386850389448651 
-0.35 0.9393727128473784 
-0.348 0.940056629260293 
-0.346 0.9407367854479437 
-0.344 0.9414131786897071 
-0.34199999999999997 0.9420858062800108 
-0.33999999999999997 0.9427546655283457 
-0.33799999999999997 0.9434197537592757 
-0.33599999999999997 0.944081068312448 
-0.33399999999999996 0.9447386065426063 
-0.33199999999999996 0.9453923658195976 
-0.32999999999999996 0.9460423435283866 
-0.32799999999999996 0.9466885370690626 
-0.32599999999999996 0.9473309438568527 
-0.32399999999999995 0.9479695613221305 
-0.32199999999999995 0.9486043869104268 
-0.31999999999999995 0.9492354180824403 
-0.31799999999999995 0.9498626523140472 
-0.31599999999999995 0.9504860870963114 
-0.31399999999999995 0.9511057199354944 
-0.31199999999999994 0.9517215483530659 
-0.30999999999999994 0.952333569885713 
-0.30799999999999994 0.9529417820853502 
-0.30599999999999994 0.9535461825191298 
-0.30399999999999994 0.9541467687694505 
-0.30199999999999994 0.9547435384339685 
-0.29999999999999993 0.9553364891256055 
-0.29799999999999993 0.9559256184725601 
-0.29600000000000004 0.9565109241183151 
-0.29400000000000004 0.9570924037216493 
-0.29200000000000004 0.9576700549566448 
-0.29000000000000004 0.958243875512697 
-0.28800000000000003 0.9588138630945249 
-0.28600000000000003 0.9593800154221788 
-0.28400000000000003 0.95994233023105 
-0.28200000000000003 0.9605008052718805 
-0.28 0.9610554383107707 
-0.278 0.9616062271291889 
-0.276 0.9621531695239806 
-0.274 0.9626962633073773 
-0.272 0.9632355063070044 
-0.27 0.9637708963658904 
-0.268 0.9643024313424761 
-0.266 0.9648301091106221 
-0.264 0.9653539275596181 
-0.262 0.9658738845941909 
-0.26 0.966389978134513 
-0.258 0.9669022061162114 
-0.256 0.9674105664903745 
-0.254 0.9679150572235615 
-0.252 0.9684156762978101 
-0.25 0.9689124217106447 
-0.248 0.9694052914750845 
-0.246 0.9698942836196509 
-0.244 0.970379396188376 
-0.242 0.9708606272408101 
-0.24 0.9713379748520299 
-0.238 0.9718114371126451 
-0.236 0.9722810121288077 
-0.23399999999999999 0.9727466980222182 
-0.23199999999999998 0.9732084929301338 
-0.22999999999999998 0.9736663950053749 
-0.22799999999999998 0.9741204024163345 
-0.22599999999999998 0.9745705133469832 
-0.22399999999999998 0.9750167259968779 
-0.22199999999999998 0.9754590385811687 
-0.21999999999999997 0.9758974493306057 
-0.21799999999999997 0.9763319564915467 
-0.21599999999999997 0.9767625583259633 
-0.21399999999999997 0.977189253111449 
-0.21199999999999997 0.9776120391412252 
-0.20999999999999996 0.9780309147241484 
-0.20799999999999996 0.9784458781847168 
-0.20599999999999996 0.9788569278630771 
-0.20399999999999996 0.9792640621150308 
-0.20199999999999996 0.979667279312042 
-0.19999999999999996 0.980066577841242 
-0.19799999999999995 0.9804619561054373 
-0.19599999999999995 0.9808534125231154 
-0.19399999999999995 0.9812409455284512 
-0.19199999999999995 0.9816245535713137 
-0.18999999999999995 0.9820042351172704 
-0.18799999999999994 0.9823799886475962 
-0.18599999999999994 0.982751812659277 
-0.18399999999999994 0.9831197056650176 
-0.18199999999999994 0.9834836661932466 
-0.17999999999999994 0.9838436927881218 
-0.17799999999999994 0.9841997840095374 
-0.17599999999999993 0.9845519384331297 
-0.17399999999999993 0.9849001546502809 
-0.17199999999999993 0.9852444312681267 
-0.16999999999999993 0.9855847669095609 
-0.16799999999999993 0.9859211602132417 
-0.16600000000000004 0.9862536098335963 
-0.16400000000000003 0.9865821144408263 
-0.16200000000000003 0.9869066727209141 
-0.16000000000000003 0.9872272833756272 
-0.15800000000000003 0.9875439451225226 
-0.15600000000000003 0.9878566566949547 
-0.15400000000000003 0.9881654168420767 
-0.15200000000000002 0.9884702243288493 
-0.15000000000000002 0.9887710779360424 
-0.14800000000000002 0.989067976460242 
-0.14600000000000002 0.9893609187138548 
-0.14400000000000002 0.9896499035251116 
-0.14200000000000002 0.9899349297380738 
-0.14 0.9902159962126375 
-0.138 0.9904931018245359 
-0.136 0.9907662454653482 
-0.134 0.9910354260424993 
-0.132 0.9913006424792676 
-0.13 0.9915618937147882 
-0.128 0.9918191787040557 
-0.126 0.9920724964179306 
-0.124 0.992321845843143 
-0.122 0.9925672259822947 
-0.12 0.9928086358538663 
-0.118 0.993046074492218 
-0.11599999999999999 0.993279540947596 
-0.11399999999999999 0.9935090342861342 
-0.11199999999999999 0.9937345535898603 
-0.10999999999999999 0.9939560979566967 
-0.10799999999999998 0.9941736665004668 
-0.10599999999999998 0.9943872583508964 
-0.10399999999999998 0.9945968726536185 
-0.10199999999999998 0.9948025085701762 
-0.09999999999999998 0.9950041652780256 
-0.09799999999999998 0.9952018419705412 
-0.09599999999999997 0.9953955378570152 
-0.09399999999999997 0.9955852521626654 
-0.09199999999999997 0.9957709841286341 
-0.08999999999999997 0.9959527330119939 
-0.08799999999999997 0.9961304980857499 
-0.08599999999999997 0.9963042786388417 
-0.08399999999999996 0.9964740739761474 
-0.08199999999999996 0.9966398834184856 
-0.07999999999999996 0.9968017063026192 
-0.07799999999999996 0.9969595419812564 
-0.07599999999999996 0.9971133898230551 
-0.07399999999999995 0.997263249212624 
-0.07199999999999995 0.9974091195505258 
-0.06999999999999995 0.9975510002532791 
-0.06799999999999995 0.9976888907533619 
-0.06599999999999995 0.9978227904992114 
-0.06399999999999995 0.9979526989552298 
-0.061999999999999944 0.9980786156017826 
-0.05999999999999994 0.9982005399352039 
-0.05799999999999994 0.9983184714677964 
-0.05599999999999994 0.9984324097278342 
-0.05399999999999994 0.9985423542595642 
-0.051999999999999935 0.9986483046232083 
-0.04999999999999993 0.998750260394966 
-0.04799999999999993 0.9988482211670134 
-0.04599999999999993 0.998942186547508 
-0.04399999999999993 0.9990321561605885 
-0.041999999999999926 0.9991181296463764 
-0.040000000000000036 0.9992001066609777 
-0.038000000000000034 0.9992780868764845 
-0.03600000000000003 0.9993520699809764 
-0.03400000000000003 0.9994220556785207 
-0.03200000000000003 0.9994880436891749 
-0.030000000000000027 0.9995500337489871 
-0.028000000000000025 0.999608025609997 
-0.026000000000000023 0.9996620190402371 
-0.02400000000000002 0.9997120138237341 
-0.02200000000000002 0.9997580097605085 
-0.020000000000000018 0.9998000066665771 
-0.018000000000000016 0.9998380043739525 
-0.016000000000000014 0.9998720027306429 
-0.014000000000000012 0.9999020016006558 
-0.01200000000000001 0.9999280008639955 
-0.010000000000000009 0.9999500004166649 
-0.008000000000000007 0.999968000170666 
-0.006000000000000005 0.9999820000539996 
-0.0040000000000000036 0.9999920000106663 
-0.0020000000000000018 0.9999980000006663 
0.0 0.9999999999999996 
0.0020000000000000018 0.9999980000006663 
0.0040000000000000036 0.9999920000106663 
0.006000000000000005 0.9999820000539996 
0.008000000000000007 0.999968000170666 
0.010000000000000009 0.9999500004166649 
0.01200000000000001 0.9999280008639955 
0.014000000000000012 0.9999020016006558 
0.016000000000000014 0.9998720027306429 
0.018000000000000016 0.9998380043739525 
0.020000000000000018 0.9998000066665775 
0.02200000000000002 0.999758009760509 
0.02400000000000002 0.9997120138237345 
0.026000000000000023 0.9996620190402373 
0.028000000000000025 0.9996080256099972 
0.030000000000000027 0.9995500337489873 
0.03200000000000003 0.9994880436891751 
0.03400000000000003 0.9994220556785209 
0.03600000000000003 0.9993520699809766 
0.038000000000000034 0.9992780868764847 
0.040000000000000036 0.9992001066609779 
0.04200000000000004 0.9991181296463766 
0.04400000000000004 0.9990321561605887 
0.04600000000000004 0.9989421865475082 
0.04800000000000004 0.9988482211670137 
0.050000000000000044 0.9987502603949662 
0.052000000000000046 0.9986483046232085 
0.05400000000000005 0.9985423542595643 
0.05600000000000005 0.9984324097278342 
0.05800000000000005 0.9983184714677966 
0.06000000000000005 0.9982005399352043 
0.062000000000000055 0.998078615601783 
0.06400000000000006 0.9979526989552302 
0.06600000000000006 0.9978227904992119 
0.06800000000000006 0.9976888907533623 
0.07000000000000006 0.9975510002532798 
0.07200000000000006 0.9974091195505264 
0.07400000000000007 0.9972632492126247 
0.07600000000000007 0.9971133898230558 
0.07800000000000007 0.996959541981257 
0.08000000000000007 0.9968017063026199 
0.08200000000000007 0.9966398834184863 
0.08400000000000007 0.9964740739761481 
0.08600000000000008 0.9963042786388423 
0.08800000000000008 0.9961304980857506 
0.09000000000000008 0.9959527330119946 
0.09200000000000008 0.9957709841286345 
0.09400000000000008 0.9955852521626658 
0.09600000000000009 0.9953955378570156 
0.09800000000000009 0.9952018419705416 
0.10000000000000009 0.995004165278026 
0.10200000000000009 0.9948025085701766 
0.10400000000000009 0.994596872653619 
0.1060000000000001 0.9943872583508968 
0.1080000000000001 0.9941736665004675 
0.1100000000000001 0.9939560979566974 
0.1120000000000001 0.9937345535898608 
0.1140000000000001 0.9935090342861349 
0.1160000000000001 0.9932795409475964 
0.1180000000000001 0.9930460744922185 
0.1200000000000001 0.9928086358538667 
0.12200000000000011 0.9925672259822954 
0.12400000000000011 0.9923218458431435 
0.1260000000000001 0.9920724964179313 
0.1280000000000001 0.9918191787040563 
0.13000000000000012 0.9915618937147889 
0.13200000000000012 0.9913006424792683 
0.13400000000000012 0.9910354260425 
0.13600000000000012 0.9907662454653489 
0.13800000000000012 0.9904931018245365 
0.14000000000000012 0.9902159962126381 
0.14200000000000013 0.9899349297380746 
0.14400000000000013 0.9896499035251125 
0.14600000000000013 0.9893609187138557 
0.14800000000000013 0.9890679764602429 
0.15000000000000013 0.9887710779360432 
0.15200000000000014 0.9884702243288502 
0.15399999999999991 0.9881654168420776 
0.15599999999999992 0.9878566566949556 
0.15799999999999992 0.9875439451225235 
0.15999999999999992 0.987227283375628 
0.16199999999999992 0.986906672720915 
0.16399999999999992 0.9865821144408272 
0.16599999999999993 0.986253609833597 
0.16799999999999993 0.9859211602132424 
0.16999999999999993 0.9855847669095614 
0.17199999999999993 0.9852444312681273 
0.17399999999999993 0.9849001546502816 
0.17599999999999993 0.9845519384331304 
0.17799999999999994 0.9841997840095379 
0.17999999999999994 0.9838436927881222 
0.18199999999999994 0.983483666193247 
0.18399999999999994 0.9831197056650179 
0.18599999999999994 0.9827518126592777 
0.18799999999999994 0.9823799886475969 
0.18999999999999995 0.9820042351172713 
0.19199999999999995 0.9816245535713146 
0.19399999999999995 0.9812409455284522 
0.19599999999999995 0.9808534125231163 
0.19799999999999995 0.980461956105438 
0.19999999999999996 0.9800665778412426 
0.20199999999999996 0.9796672793120424 
0.20399999999999996 0.9792640621150313 
0.20599999999999996 0.9788569278630775 
0.20799999999999996 0.9784458781847173 
0.20999999999999996 0.9780309147241489 
0.21199999999999997 0.977612039141226 
0.21399999999999997 0.9771892531114496 
0.21599999999999997 0.9767625583259639 
0.21799999999999997 0.976331956491547 
0.21999999999999997 0.9758974493306062 
0.22199999999999998 0.9754590385811691 
0.22399999999999998 0.9750167259968784 
0.22599999999999998 0.9745705133469836 
0.22799999999999998 0.9741204024163349 
0.22999999999999998 0.9736663950053756 
0.23199999999999998 0.9732084929301345 
0.23399999999999999 0.9727466980222189 
0.236 0.9722810121288084 
0.238 0.9718114371126457 
0.24 0.9713379748520301 
0.242 0.9708606272408102 
0.244 0.9703793961883762 
0.246 0.9698942836196514 
0.248 0.9694052914750849 
0.25 0.9689124217106454 
0.252 0.9684156762978106 
0.254 0.967915057223562 
0.256 0.9674105664903749 
0.258 0.9669022061162118 
0.26 0.9663899781345135 
0.262 0.9658738845941913 
0.264 0.9653539275596187 
0.266 0.9648301091106222 
0.268 0.9643024313424763 
0.27 0.9637708963658909 
0.272 0.9632355063070048 
0.274 0.9626962633073778 
0.276 0.9621531695239811 
0.278 0.9616062271291893 
0.28 0.9610554383107712 
0.28200000000000003 0.960500805271881 
0.28400000000000003 0.9599423302310506 
0.28600000000000003 0.9593800154221792 
0.28800000000000003 0.9588138630945251 
0.29000000000000004 0.9582438755126971 
0.29200000000000004 0.957670054956645 
0.29400000000000004 0.9570924037216496 
0.29600000000000004 0.9565109241183156 
0.29800000000000004 0.9559256184725607 
0.30000000000000004 0.9553364891256061 
0.30200000000000005 0.9547435384339689 
0.30400000000000005 0.9541467687694509 
0.30600000000000005 0.9535461825191301 
0.30800000000000005 0.9529417820853506 
0.31000000000000005 0.9523335698857134 
0.31200000000000006 0.9517215483530662 
0.31400000000000006 0.9511057199354949 
0.31600000000000006 0.9504860870963119 
0.31800000000000006 0.9498626523140479 
0.32000000000000006 0.9492354180824409 
0.32200000000000006 0.9486043869104273 
0.32400000000000007 0.947969561322131 
0.32600000000000007 0.9473309438568529 
0.32800000000000007 0.9466885370690631 
0.33000000000000007 0.946042343528387 
0.3320000000000001 0.9453923658195981 
0.3340000000000001 0.9447386065426067 
0.3360000000000001 0.9440810683124484 
0.3380000000000001 0.943419753759276 
0.3400000000000001 0.9427546655283462 
0.3420000000000001 0.9420858062800113 
0.3440000000000001 0.9414131786897075 
0.3460000000000001 0.9407367854479443 
0.3480000000000001 0.9400566292602934 
0.3500000000000001 0.9393727128473788 
0.3520000000000001 0.9386850389448654 
0.3540000000000001 0.9379936103034481 
0.3560000000000001 0.93729842968884 
0.3580000000000001 0.9365994998817626 
0.3600000000000001 0.9358968236779348 
0.3620000000000001 0.93519040388806 
0.3640000000000001 0.9344802433378168 
0.3660000000000001 0.933766344867846 
0.3680000000000001 0.9330487113337407 
0.3700000000000001 0.9323273456060345 
0.3720000000000001 0.9316022505701885 
0.3740000000000001 0.9308734291265827 
0.3760000000000001 0.9301408841905016 
0.3780000000000001 0.9294046186921238 
0.3800000000000001 0.9286646355765104 
0.3820000000000001 0.9279209378035931 
0.3840000000000001 0.9271735283481614 
0.3860000000000001 0.9264224101998527 
0.3880000000000001 0.9256675863631386 
0.3900000000000001 0.9249090598573133 
0.3920000000000001 0.9241468337164814 
0.39400000000000013 0.9233809109895472 
0.39600000000000013 0.9226112947402 
0.39800000000000013 0.9218379880469043 
0.40000000000000013 0.9210609940028852 
0.40200000000000014 0.9202803157161182 
0.40400000000000014 0.9194959563093154 
0.40600000000000014 0.9187079189199137 
0.4079999999999999 0.917916206700061 
0.4099999999999999 0.9171208228166052 
0.4119999999999999 0.9163217704510812 
0.4139999999999999 0.915519052799697 
0.4159999999999999 0.9147126730733224 
0.4179999999999999 0.9139026344974753 
0.41999999999999993 0.9130889403123086 
0.42199999999999993 0.9122715937725981 
0.42399999999999993 0.9114505981477287 
0.42599999999999993 0.9106259567216822 
0.42799999999999994 0.909797672793023 
0.42999999999999994 0.9089657496748856 
0.43199999999999994 0.9081301906949615 
0.43399999999999994 0.9072909991954854 
0.43599999999999994 0.9064481785332223 
0.43799999999999994 0.9056017320794534 
0.43999999999999995 0.9047516632199639 
0.44199999999999995 0.9038979753550278 
0.44399999999999995 0.9030406718993955 
0.44599999999999995 0.9021797562822796 
0.44799999999999995 0.9013152319473415 
0.44999999999999996 0.9004471023526774 
0.45199999999999996 0.8995753709708044 
0.45399999999999996 0.8987000412886472 
0.45599999999999996 0.897821116807523 
0.45799999999999996 0.8969386010431286 
0.45999999999999996 0.896052497525526 
0.46199999999999997 0.8951628097991281 
0.46399999999999997 0.8942695414226842 
0.46599999999999997 0.8933726959692673 
0.46799999999999997 0.8924722770262574 
0.47 0.8915682881953296 
0.472 0.8906607330924377 
0.474 0.8897496153478006 
0.476 0.888834938605889 
0.478 0.8879167065254078 
0.48 0.8869949227792845 
0.482 0.886069591054653 
0.484 0.8851407150528383 
0.486 0.8842082984893437 
0.488 0.8832723450938342 
0.49 0.8823328586101219 
0.492 0.8813898427961517 
0.494 0.8804433014239852 
0.496 0.8794932382797873 
0.498 0.8785396571638089 
0.5 0.8775825618903732 
0.502 0.87662195628786 
0.504 0.8756578441986903 
0.506 0.8746902294793115 
0.508 0.8737191160001809 
0.51 0.8727445076457515 
0.512 0.871766408314455 
0.514 0.8707848219186876 
0.516 0.8697997523847937 
0.518 0.8688112036530498 
0.52 0.86781917967765 
0.522 0.8668236844266882 
0.524 0.8658247218821449 
0.526 0.8648222960398682 
0.528 0.8638164109095604 
0.53 0.8628070705147609 
0.532 0.8617942788928298 
0.534 0.860778040094932 
0.536 0.8597583581860215 
0.538 0.8587352372448248 
0.54 0.8577086813638237 
0.542 0.8566786946492411 
0.544 0.8556452812210219 
0.546 0.8546084452128188 
0.548 0.8535681907719744 
0.55 0.852524522059505 
0.552 0.8514774432500842 
0.554 0.8504269585320254 
0.556 0.8493730721072666 
0.558 0.8483157881913518 
0.56 0.8472551110134154 
0.562 0.8461910448161644 
0.5640000000000001 0.8451235938558627 
0.5660000000000001 0.8440527624023121 
0.5680000000000001 0.8429785547388374 
0.5700000000000001 0.8419009751622678 
0.5720000000000001 0.84082002798292 
0.5740000000000001 0.8397357175245813 
0.5760000000000001 0.8386480481244923 
0.5780000000000001 0.8375570241333289 
0.5800000000000001 0.8364626499151856 
0.5820000000000001 0.8353649298475583 
0.5840000000000001 0.8342638683213249 
0.5860000000000001 0.8331594697407309 
0.5880000000000001 0.8320517385233687 
0.5900000000000001 0.8309406791001621 
0.5920000000000001 0.8298262959153466 
0.5940000000000001 0.8287085934264544 
0.5960000000000001 0.827587576104293 
0.5980000000000001 0.8264632484329307 
0.6000000000000001 0.8253356149096769 
0.6020000000000001 0.8242046800450633 
0.6040000000000001 0.8230704483628289 
0.6060000000000001 0.8219329243998986 
0.6080000000000001 0.8207921127063665 
0.6100000000000001 0.8196480178454779 
0.6120000000000001 0.8185006443936109 
0.6140000000000001 0.8173499969402575 
0.6160000000000001 0.8161960800880059 
0.6180000000000001 0.8150388984525225 
0.6200000000000001 0.813878456662532 
0.6220000000000001 0.8127147593598003 
0.6240000000000001 0.8115478111991146 
0.6260000000000001 0.810377616848266 
0.6280000000000001 0.8092041809880305 
0.6300000000000001 0.8080275083121505 
0.6320000000000001 0.8068476035273142 
0.6340000000000001 0.8056644713531395 
0.6360000000000001 0.8044781165221536 
0.6380000000000001 0.8032885437797743 
0.6400000000000001 0.8020957578842911 
0.6420000000000001 0.8008997636068457 
0.6440000000000001 0.7997005657314137 
0.6460000000000001 0.7984981690547852 
0.6480000000000001 0.797292578386545 
0.6500000000000001 0.7960837985490543 
0.6520000000000001 0.794871834377431 
0.6540000000000001 0.7936566907195298 
0.6560000000000001 0.7924383724359241 
0.6580000000000001 0.7912168843998855 
0.6600000000000001 0.7899922314973639 
0.6620000000000001 0.7887644186269698 
0.6640000000000001 0.7875334506999526 
0.6659999999999999 0.7862993326401829 
0.6679999999999999 0.7850620693841311 
0.6699999999999999 0.7838216658808485 
0.6719999999999999 0.7825781270919472 
0.6739999999999999 0.7813314579915811 
0.6759999999999999 0.780081663566425 
0.6779999999999999 0.7788287488156547 
0.6799999999999999 0.7775727187509273 
0.6819999999999999 0.7763135783963617 
0.6839999999999999 0.7750513327885178 
0.6859999999999999 0.7737859869763761 
0.688 0.7725175460213184 
0.69 0.7712460149971064 
0.692 0.7699713989898627 
0.694 0.7686937030980499 
0.696 0.7674129324324493 
0.698 0.7661290921161423 
0.7 0.7648421872844884 
0.702 0.7635522230851052 
0.704 0.7622592046778478 
0.706 0.760963137234788 
0.708 0.7596640259401937 
0.71 0.7583618759905086 
0.712 0.7570566925943306 
0.714 0.7557484809723918 
0.716 0.7544372463575366 
0.718 0.7531229939947021 
0.72 0.7518057291408958 
0.722 0.7504854570651753 
0.724 0.7491621830486274 
0.726 0.7478359123843458 
0.728 0.7465066503774117 
0.73 0.7451744023448715 
0.732 0.7438391736157159 
0.734 0.7425009695308571 
0.736 0.7411597954431104 
0.738 0.7398156567171703 
0.74 0.7384685587295895 
0.742 0.7371185068687586 
0.744 0.7357655065348829 
0.746 0.734409563139962 
0.748 0.7330506821077678 
0.75 0.7316888688738228 
0.752 0.7303241288853776 
0.754 0.7289564676013907 
0.756 0.7275858904925052 
0.758 0.7262124030410281 
0.76 0.7248360107409071 
0.762 0.7234567190977094 
0.764 0.7220745336286001 
0.766 0.720689459862319 
0.768 0.7193015033391593 
0.77 0.717910669610945 
0.772 0.71651696424101 
0.774 0.715120392804173 
0.776 0.7137209608867189 
0.778 0.7123186740863723 
0.78 0.7109135380122794 
0.782 0.7095055582849823 
0.784 0.7080947405363979 
0.786 0.7066810904097955 
0.788 0.7052646135597735 
0.79 0.7038453156522378 
0.792 0.7024232023643779 
0.794 0.7009982793846454 
0.796 0.6995705524127298 
0.798 0.6981400271595375 
0.8 0.6967067093471669 
0.802 0.6952706047088882 
0.804 0.6938317189891179 
0.806 0.6923900579433964 
0.808 0.6909456273383664 
0.81 0.6894984329517483 
0.812 0.6880484805723176 
0.8140000000000001 0.6865957759998824 
0.8160000000000001 0.6851403250452583 
0.8180000000000001 0.6836821335302478 
0.8200000000000001 0.6822212072876145 
0.8220000000000001 0.6807575521610618 
0.8240000000000001 0.6792911740052079 
0.8260000000000001 0.6778220786855642 
0.8280000000000001 0.6763502720785092 
0.8300000000000001 0.6748757600712676 
0.8320000000000001 0.6733985485618857 
0.8340000000000001 0.6719186434592074 
0.8360000000000001 0.6704360506828511 
0.8380000000000001 0.6689507761631858 
0.8400000000000001 0.667462825841308 
0.8420000000000001 0.6659722056690168 
0.8440000000000001 0.664478921608791 
0.8460000000000001 0.6629829796337645 
0.8480000000000001 0.6614843857277035 
0.8500000000000001 0.6599831458849817 
0.8520000000000001 0.6584792661105563 
0.8540000000000001 0.6569727524199444 
0.8560000000000001 0.6554636108391989 
0.8580000000000001 0.6539518474048838 
0.8600000000000001 0.6524374681640511 
0.8620000000000001 0.6509204791742157 
0.8640000000000001 0.6494008865033315 
0.8660000000000001 0.6478786962297672 
0.8680000000000001 0.646353914442282 
0.8700000000000001 0.6448265472400004 
0.8720000000000001 0.6432966007323897 
0.8740000000000001 0.641764081039234 
0.8760000000000001 0.6402289942906095 
0.8780000000000001 0.6386913466268619 
0.8800000000000001 0.637151144198579 
0.8820000000000001 0.635608393166569 
0.8840000000000001 0.634063099701834 
0.8860000000000001 0.6325152699855456 
0.8880000000000001 0.6309649102090206 
0.8900000000000001 0.6294120265736958 
0.8920000000000001 0.6278566252911044 
0.8940000000000001 0.6262987125828481 
0.8960000000000001 0.6247382946805772 
0.8980000000000001 0.6231753778259604 
0.9000000000000001 0.6216099682706634 
0.9020000000000001 0.6200420722763221 
0.9040000000000001 0.6184716961145184 
0.9060000000000001 0.6168988460667549 
0.9080000000000001 0.6153235284244295 
0.9100000000000001 0.613745749488811 
0.9120000000000001 0.6121655155710128 
0.9140000000000001 0.6105828329919686 
0.9160000000000001 0.6089977080824064 
0.9180000000000001 0.6074101471828238 
0.9199999999999999 0.6058201566434627 
0.9219999999999999 0.6042277428242825 
0.9239999999999999 0.6026329120949369 
0.9259999999999999 0.6010356708347462 
0.9279999999999999 0.5994360254326736 
0.9299999999999999 0.5978339822872984 
0.9319999999999999 0.5962295478067917 
0.9339999999999999 0.5946227284088883 
0.9359999999999999 0.5930135305208639 
0.938 0.5914019605795083 
0.94 0.5897880250310992 
0.942 0.5881717303313757 
0.944 0.5865530829455153 
0.946 0.5849320893481054 
0.948 0.5833087560231182 
0.95 0.5816830894638845 
0.952 0.5800550961730682 
0.954 0.5784247826626409 
0.956 0.5767921554538542 
0.958 0.5751572210772145 
0.96 0.5735199860724575 
0.962 0.5718804569885209 
0.964 0.5702386403835189 
0.966 0.5685945428247157 
0.968 0.5669481708884989 
0.97 0.5652995311603547 
0.972 0.5636486302348396 
0.974 0.5619954747155556 
0.976 0.5603400712151213 
0.978 0.5586824263551493 
0.98 0.5570225467662171 
0.982 0.5553604390878407 
0.984 0.5536961099684483 
0.986 0.5520295660653541 
0.988 0.5503608140447319 
0.99 0.548689860581587 
0.992 0.5470167123597316 
0.994 0.5453413760717563 
0.996 0.5436638584190038 
0.998 0.5419841661115423 
