-1.0 5.026334348734451e-10 
-0.998 4.0545039547978945e-10 
-0.996 3.146203852999463e-10 
-0.994 2.2990187531490847e-10 
-0.992 1.5105883210964066e-10 
-0.99 7.786199462955778e-11 
-0.988 1.0087652935197866e-11 
-0.986 -5.248190770856809e-11 
-0.984 -1.1005873989944348e-10 
-0.982 -1.6284895654194997e-10 
-0.98 -2.1105306391433487e-10 
-0.978 -2.5486673882468835e-10 
-0.976 -2.9447966287676763e-10 
-0.974 -3.300763551372654e-10 
-0.972 -3.6183667173617096e-10 
-0.97 -3.8993464013259427e-10 
-0.968 -4.1453990240469807e-10 
-0.966 -4.358175487162441e-10 
-0.964 -4.5392689607126613e-10 
-0.962 -4.690237642712702e-10 
-0.96 -4.812581999580345e-10 
-0.958 -4.907769191042632e-10 
-0.956 -4.977215306567473e-10 
-0.954 -5.022295912482377e-10 
-0.952 -5.044346051974458e-10 
-0.95 -5.044653583752279e-10 
-0.948 -5.02447361494518e-10 
-0.946 -4.985017398873026e-10 
-0.944 -4.92745677593831e-10 
-0.942 -4.852933055410347e-10 
-0.94 -4.762535366076293e-10 
-0.938 -4.657334518043399e-10 
-0.9359999999999999 -4.5383508062712963e-10 
-0.9339999999999999 -4.406579545701561e-10 
-0.9319999999999999 -4.262979413915957e-10 
-0.9299999999999999 -4.1084724511364357e-10 
-0.9279999999999999 -3.9439534971208445e-10 
-0.926 -3.7702785338211697e-10 
-0.924 -3.5882841142864663e-10 
-0.922 -3.3987640479793413e-10 
-0.92 -3.202488274567372e-10 
-0.918 -3.0001962025849593e-10 
-0.916 -2.7926050361060106e-10 
-0.914 -2.580397007179158e-10 
-0.912 -2.364225482054394e-10 
-0.91 -2.1447249531902912e-10 
-0.908 -1.9225016023582953e-10 
-0.906 -1.698130525085162e-10 
-0.904 -1.4721734942213516e-10 
-0.902 -1.2451589759265858e-10 
-0.9 -1.0175954523461428e-10 
-0.898 -7.899703113878331e-11 
-0.896 -5.6274596094141316e-11 
-0.894 -3.363614942131221e-11 
-0.892 -1.1124268173290375e-11 
-0.89 1.1221468199096307e-11 
-0.888 3.336259046804457e-11 
-0.886 5.526334945216149e-11 
-0.884 7.688949477113738e-11 
-0.882 9.820877444610687e-11 
-0.88 1.1919076836619524e-10 
-0.878 1.3980633317700608e-10 
-0.876 1.6002843494788976e-10 
-0.874 1.79832038149641e-10 
-0.872 1.9919266236456679e-10 
-0.87 2.180885472213845e-10 
-0.868 2.364988760383824e-10 
-0.866 2.5440427542378075e-10 
-0.864 2.7178670425342943e-10 
-0.862 2.886298977600177e-10 
-0.86 3.049189234438643e-10 
-0.858 3.2063940391680035e-10 
-0.856 3.357792932590087e-10 
-0.854 3.503268786175795e-10 
-0.852 3.642724455410473e-10 
-0.85 3.7760655713370284e-10 
-0.848 3.903216638789786e-10 
-0.846 4.024104938160633e-10 
-0.844 4.1386777338559e-10 
-0.842 4.2468828453934293e-10 
-0.84 4.3486853007479453e-10 
-0.838 4.444056234120808e-10 
-0.836 4.532972885940012e-10 
-0.834 4.6154258193098485e-10 
-0.832 4.691413924007293e-10 
-0.83 4.760939975589906e-10 
-0.828 4.824021182514571e-10 
-0.826 4.880673643015143e-10 
-0.8240000000000001 4.930925667778752e-10 
-0.8220000000000001 4.974815004388233e-10 
-0.8200000000000001 5.012378290203401e-10 
-0.8180000000000001 5.043666595483387e-10 
-0.8160000000000001 5.068734321156398e-10 
-0.8140000000000001 5.087636978373666e-10 
-0.812 5.10044395607423e-10 
-0.81 5.10722020230503e-10 
-0.808 5.108046208235351e-10 
-0.806 5.103001354811454e-10 
-0.804 5.092166133202625e-10 
-0.802 5.075632691919907e-10 
-0.8 5.053493179474344e-10 
-0.798 5.025845850603616e-10 
-0.796 4.992789515156915e-10 
-0.794 4.954431309656115e-10 
-0.792 4.910875039954021e-10 
-0.79 4.862232838576119e-10 
-0.788 4.808616282936384e-10 
-0.786 4.750145832232988e-10 
-0.784 4.686935839437467e-10 
-0.782 4.619107873971018e-10 
-0.78 4.5467851705893736e-10 
-0.778 4.4700937396058293e-10 
-0.776 4.389157925999143e-10 
-0.774 4.3041104014207576e-10 
-0.772 4.2150749557379186e-10 
-0.77 4.1221875912711425e-10 
-0.768 4.0255776490027984e-10 
-0.766 3.9253789108073533e-10 
-0.764 3.8217284892283487e-10 
-0.762 3.7147557252481533e-10 
-0.76 3.604602172302407e-10 
-0.758 3.4913999469310397e-10 
-0.756 3.37528782701213e-10 
-0.754 3.256397373974096e-10 
-0.752 3.134873471921651e-10 
-0.75 3.010846016948676e-10 
-0.748 2.8844532318217375e-10 
-0.746 2.7558344495304254e-10 
-0.744 2.6251240070607196e-10 
-0.742 2.492453465841038e-10 
-0.74 2.357963824195508e-10 
-0.738 2.2217855333295233e-10 
-0.736 2.0840551506751126e-10 
-0.734 1.9449003518801078e-10 
-0.732 1.804461580157124e-10 
-0.73 1.662862625373407e-10 
-0.728 1.5202367142919115e-10 
-0.726 1.3767109674489575e-10 
-0.724 1.2324141707154013e-10 
-0.722 1.0874739997390748e-10 
-0.72 9.420125790526868e-11 
-0.718 7.961553638580199e-11 
-0.716 6.500217031302213e-11 
-0.714 5.0373538673653684e-11 
-0.712 3.57412988094552e-11 
-0.71 2.1117552151395103e-11 
-0.708 6.513400929719637e-12 
-0.706 -8.059553024963861e-12 
-0.704 -2.259015197125791e-11 
-0.702 -3.706729367891626e-11 
-0.7 -5.148026449575127e-11 
-0.698 -6.581829525842409e-11 
-0.696 -8.007117191510815e-11 
-0.694 -9.422856939167445e-11 
-0.692 -1.0828016261399398e-10 
-0.69 -1.2221657019750864e-10 
-0.688 -1.3602796666845052e-10 
-0.6859999999999999 -1.497045820642029e-10 
-0.6839999999999999 -1.6323831175668602e-10 
-0.6819999999999999 -1.7661883067177087e-10 
-0.6799999999999999 -1.898382562259826e-10 
-0.6779999999999999 -2.0288792867972916e-10 
-0.6759999999999999 -2.1575907727111598e-10 
-0.6739999999999999 -2.284442635058781e-10 
-0.6719999999999999 -2.409354937782382e-10 
-0.6699999999999999 -2.5322488550472144e-10 
-0.6679999999999999 -2.653051112133653e-10 
-0.6659999999999999 -2.7716917649911466e-10 
-0.6639999999999999 -2.888099759346119e-10 
-0.6619999999999999 -3.002207371594068e-10 
-0.6599999999999999 -3.1139557599146883e-10 
-0.6579999999999999 -3.2232738700344044e-10 
-0.6559999999999999 -3.3301095214710585e-10 
-0.6539999999999999 -3.4344016519582965e-10 
-0.6519999999999999 -3.5360936401218623e-10 
-0.6499999999999999 -3.6351310850335494e-10 
-0.648 -3.7314706879953974e-10 
-0.646 -3.825056937856175e-10 
-0.644 -3.915846535917922e-10 
-0.642 -4.0037984039287267e-10 
-0.64 -4.088863692075506e-10 
-0.638 -4.1710113141135707e-10 
-0.636 -4.2502024122370585e-10 
-0.634 -4.3263981286401076e-10 
-0.632 -4.3995740384161763e-10 
-0.63 -4.4696912837594027e-10 
-0.628 -4.536723219317196e-10 
-0.626 -4.6006520815211616e-10 
-0.624 -4.661451225018709e-10 
-0.622 -4.719097335126321e-10 
-0.62 -4.773570427829554e-10 
-0.618 -4.82485384978304e-10 
-0.616 -4.872935388533506e-10 
-0.614 -4.917803941850707e-10 
-0.612 -4.959443966612298e-10 
-0.61 -4.997848801480131e-10 
-0.608 -5.033018446454207e-10 
-0.606 -5.06493957885823e-10 
-0.604 -5.093611088469174e-10 
-0.602 -5.119036305956115e-10 
-0.6 -5.141218561988126e-10 
-0.598 -5.160154525896132e-10 
-0.596 -5.175851969241307e-10 
-0.594 -5.188320884030873e-10 
-0.592 -5.197566821379951e-10 
-0.59 -5.203605324410887e-10 
-0.588 -5.206445274907878e-10 
-0.586 -5.206101105770244e-10 
-0.584 -5.20258836012033e-10 
-0.5820000000000001 -5.195929242418629e-10 
-0.5800000000000001 -5.18613818556446e-10 
-0.5780000000000001 -5.173239614464364e-10 
-0.5760000000000001 -5.157255733578836e-10 
-0.5740000000000001 -5.138212078037441e-10 
-0.5720000000000001 -5.116130852300671e-10 
-0.5700000000000001 -5.091043142613216e-10 
-0.5680000000000001 -5.062973373881618e-10 
-0.5660000000000001 -5.031957073242666e-10 
-0.5640000000000001 -4.998023106494998e-10 
-0.562 -4.961204780329354e-10 
-0.56 -4.921537621882521e-10 
-0.558 -4.879056048068264e-10 
-0.556 -4.833796696246395e-10 
-0.554 -4.7857995344458e-10 
-0.552 -4.735106751141416e-10 
-0.55 -4.681752763247005e-10 
-0.548 -4.625781979683552e-10 
-0.546 -4.567235478702969e-10 
-0.544 -4.506162110118339e-10 
-0.542 -4.4426062828506474e-10 
-0.54 -4.376612405820879e-10 
-0.538 -4.3082282186190923e-10 
-0.536 -4.237497019943248e-10 
-0.534 -4.164470990275504e-10 
-0.532 -4.08920786121314e-10 
-0.53 -4.0117453803389935e-10 
-0.528 -3.932144609919419e-10 
-0.526 -3.8504499588754015e-10 
-0.524 -3.766720269027246e-10 
-0.522 -3.68100772085711e-10 
-0.52 -3.593367825516225e-10 
-0.518 -3.503852763486748e-10 
-0.516 -3.41251804591991e-10 
-0.514 -3.3194236248590414e-10 
-0.512 -3.224625011455373e-10 
-0.51 -3.1281754964140873e-10 
-0.508 -3.030136142001538e-10 
-0.506 -2.9305669002610557e-10 
-0.504 -2.829523282343871e-10 
-0.502 -2.72706190962424e-10 
-0.5 -2.623246064814566e-10 
-0.498 -2.518140140850278e-10 
-0.496 -2.411791877321434e-10 
-0.494 -2.3042712182785863e-10 
-0.492 -2.1956358953190147e-10 
-0.49 -2.0859447502630246e-10 
-0.488 -1.9752610658230196e-10 
-0.486 -1.8636425735962803e-10 
-0.484 -1.7511547767412594e-10 
-0.482 -1.6378520761861637e-10 
-0.48 -1.5238021955354952e-10 
-0.478 -1.4090595357174607e-10 
-0.476 -1.2936907101135375e-10 
-0.474 -1.1777578912131048e-10 
-0.472 -1.0613154799443691e-10 
-0.47 -9.444311999118327e-11 
-0.46799999999999997 -8.271605622667266e-11 
-0.46599999999999997 -7.095635190523808e-11 
-0.46399999999999997 -5.91705573427248e-11 
-0.46199999999999997 -4.736477876576828e-11 
-0.45999999999999996 -3.5544123200281774e-11 
-0.45799999999999996 -2.3715363006715506e-11 
-0.45599999999999996 -1.1883938277890138e-11 
-0.45399999999999996 -5.6288307348495437e-14 
-0.45199999999999996 1.1762479878996146e-11 
-0.44999999999999996 2.3565593920693573e-11 
-0.44799999999999995 3.5347724747225584e-11 
-0.44599999999999995 4.710321022116659e-11 
-0.44399999999999995 5.882638820509101e-11 
-0.44199999999999995 7.051126349466585e-11 
-0.43999999999999995 8.215250701937293e-11 
-0.43799999999999994 9.374423459718173e-11 
-0.43599999999999994 1.0528111715757404e-10 
-0.43399999999999994 1.1675815869693906e-10 
-0.43199999999999994 1.281688088994315e-10 
-0.42999999999999994 1.395087378952553e-10 
-0.42799999999999994 1.5077206150237998e-10 
-0.42599999999999993 1.6195400576179964e-10 
-0.42399999999999993 1.730491305806936e-10 
-0.42200000000000004 1.8405210688854368e-10 
-0.42000000000000004 1.9495827174864644e-10 
-0.41800000000000004 2.057625181350886e-10 
-0.41600000000000004 2.1646029413346923e-10 
-0.41400000000000003 2.2704593760636271e-10 
-0.41200000000000003 2.375154517508804e-10 
-0.41000000000000003 2.478638405634115e-10 
-0.40800000000000003 2.5808666315185746e-10 
-0.406 2.681793676018174e-10 
-0.404 2.781372909765878e-10 
-0.402 2.8795621442867514e-10 
-0.4 2.976320301328883e-10 
-0.398 3.071602971971288e-10 
-0.396 3.1653701881850793e-10 
-0.394 3.2575830921643956e-10 
-0.392 3.34820171588035e-10 
-0.39 3.437183870858007e-10 
-0.388 3.5244973606296526e-10 
-0.386 3.6101033273894245e-10 
-0.384 3.6939640235544857e-10 
-0.382 3.776047252657122e-10 
-0.38 3.856321928452644e-10 
-0.378 3.934748082912165e-10 
-0.376 4.011299070683094e-10 
-0.374 4.0859426952977174e-10 
-0.372 4.158647870511345e-10 
-0.37 4.229384620302312e-10 
-0.368 4.2981285197640773e-10 
-0.366 4.3648551439900984e-10 
-0.364 4.4295300760666123e-10 
-0.362 4.492128891087077e-10 
-0.36 4.552639376598222e-10 
-0.358 4.61102378501721e-10 
-0.356 4.667265462998671e-10 
-0.354 4.72135108786631e-10 
-0.352 4.773249573375438e-10 
-0.35 4.822947596849758e-10 
-0.348 4.870425174274828e-10 
-0.346 4.915667872751328e-10 
-0.344 4.958657928710863e-10 
-0.34199999999999997 4.99937979903109e-10 
-0.33999999999999997 5.037825712150834e-10 
-0.33799999999999997 5.073975684055654e-10 
-0.33599999999999997 5.107818612515302e-10 
-0.33399999999999996 5.139347836191632e-10 
-0.33199999999999996 5.168552252854397e-10 
-0.32999999999999996 5.195421870496375e-10 
-0.32799999999999996 5.219951138002443e-10 
-0.32599999999999996 5.24213006336538e-10 
-0.32399999999999995 5.261958646585185e-10 
-0.32199999999999995 5.279430226323711e-10 
-0.31999999999999995 5.294537031019786e-10 
-0.31799999999999995 5.307280170896433e-10 
-0.31599999999999995 5.317660756176679e-10 
-0.31399999999999995 5.325675456191448e-10 
-0.31199999999999994 5.331325381163765e-10 
-0.30999999999999994 5.334611641316656e-10 
-0.30799999999999994 5.335535346873144e-10 
-0.30599999999999994 5.334107600063476e-10 
-0.30399999999999994 5.330319519103455e-10 
-0.30199999999999994 5.324188867561475e-10 
-0.29999999999999993 5.31571675566056e-10 
-0.29799999999999993 5.304913175407933e-10 
-0.29600000000000004 5.291781457472666e-10 
-0.29400000000000004 5.276336034754081e-10 
-0.29200000000000004 5.258589119705448e-10 
-0.29000000000000004 5.238542932772816e-10 
-0.28800000000000003 5.216220788639703e-10 
-0.28600000000000003 5.19163045886728e-10 
-0.28400000000000003 5.164784155908819e-10 
-0.28200000000000003 5.135697422886665e-10 
-0.28 5.104389133592235e-10 
-0.278 5.070872610701826e-10 
-0.276 5.035168948452906e-10 
-0.274 4.997294800190843e-10 
-0.272 4.957266819261008e-10 
-0.27 4.915109430569942e-10 
-0.268 4.870840397686038e-10 
-0.266 4.824484145515839e-10 
-0.264 4.776059547850764e-10 
-0.262 4.725598801158526e-10 
-0.26 4.673111897446347e-10 
-0.258 4.6186365842970645e-10 
-0.256 4.562191735502097e-10 
-0.254 4.5038062168600845e-10 
-0.252 4.4435066737236184e-10 
-0.25 4.381321971891339e-10 
-0.248 4.3172754260467627e-10 
-0.246 4.2514014531036537e-10 
-0.244 4.183732249529726e-10 
-0.242 4.1142922402315207e-10 
-0.24 4.043115842122802e-10 
-0.238 3.970236361894308e-10 
-0.236 3.895684885790729e-10 
-0.23399999999999999 3.819494720502803e-10 
-0.23199999999999998 3.7416947318291705e-10 
-0.22999999999999998 3.662328218467792e-10 
-0.22799999999999998 3.581425156440332e-10 
-0.22599999999999998 3.4990232933296284e-10 
-0.22399999999999998 3.415157046049444e-10 
-0.22199999999999998 3.3298575008444686e-10 
-0.21999999999999997 3.243166846189638e-10 
-0.21799999999999997 3.1551272705598876e-10 
-0.21599999999999997 3.0657665295308334e-10 
-0.21399999999999997 2.975135693361608e-10 
-0.21199999999999997 2.883260297181778e-10 
-0.20999999999999996 2.790186970358377e-10 
-0.20799999999999996 2.695955680920292e-10 
-0.20599999999999996 2.6006052866733853e-10 
-0.20399999999999996 2.504172424977469e-10 
-0.20199999999999996 2.4067048354226017e-10 
-0.19999999999999996 2.3082358246995227e-10 
-0.19799999999999995 2.2088142426213153e-10 
-0.19599999999999995 2.1084789469938414e-10 
-0.19399999999999995 2.0072732365150614e-10 
-0.19199999999999995 1.905230417875714e-10 
-0.18999999999999995 1.8024082226730798e-10 
-0.18799999999999994 1.698841067820922e-10 
-0.18599999999999994 1.5945711417941766e-10 
-0.18399999999999994 1.4896428535138284e-10 
-0.18199999999999994 1.3841028323469118e-10 
-0.17999999999999994 1.2779932667683624e-10 
-0.17799999999999994 1.1713530145840423e-10 
-0.17599999999999993 1.064233146053084e-10 
-0.17399999999999993 9.566725189813496e-11 
-0.17199999999999993 8.487199831819225e-11 
-0.16999999999999993 7.4041328623764e-11 
-0.16799999999999993 6.318034984076348e-11 
-0.16600000000000004 5.2293280816684273e-11 
-0.16400000000000003 4.138456244362487e-11 
-0.16200000000000003 3.045841356907886e-11 
-0.16000000000000003 1.9519608152052115e-11 
-0.15800000000000003 8.572142995433296e-12 
-0.15600000000000003 -2.378652830259398e-12 
-0.15400000000000003 -1.332933763364963e-11 
-0.15200000000000002 -2.4274804388824123e-11 
-0.15000000000000002 -3.5210945270591765e-11 
-0.14800000000000002 -4.613354143145898e-11 
-0.14600000000000002 -5.703726380090757e-11 
-0.14400000000000002 -6.791867068756119e-11 
-0.14200000000000002 -7.87728771101115e-11 
-0.14 -8.959588626566983e-11 
-0.138 -1.0038281317292785e-10 
-0.136 -1.1113021614050922e-10 
-0.134 -1.2183298814250065e-10 
-0.132 -1.3248702135371104e-10 
-0.13 -1.430878748820419e-10 
-0.128 -1.5363188499151192e-10 
-0.126 -1.641141667008128e-10 
-0.124 -1.7453083422935833e-10 
-0.122 -1.8487800179656233e-10 
-0.12 -1.9515111748802383e-10 
-0.118 -2.053458514339468e-10 
-0.11599999999999999 -2.1545887296525734e-10 
-0.11399999999999999 -2.2548585221215944e-10 
-0.11199999999999999 -2.354225703271595e-10 
-0.10999999999999999 -2.4526558561888123e-10 
-0.10799999999999998 -2.550103461729236e-10 
-0.10599999999999998 -2.6465341029791034e-10 
-0.10399999999999998 -2.7419078119095275e-10 
-0.10199999999999998 -2.836187951160696e-10 
-0.09999999999999998 -2.929333442480697e-10 
-0.09799999999999998 -3.021309868955768e-10 
-0.09599999999999997 -3.112081703449121e-10 
-0.09399999999999997 -3.201615639270017e-10 
-0.09199999999999997 -3.289868377720495e-10 
-0.08999999999999997 -3.3768121632249404e-10 
-0.08799999999999997 -3.4624092482005153e-10 
-0.08599999999999997 -3.546627436179506e-10 
-0.08399999999999996 -3.629430089802099e-10 
-0.08199999999999996 -3.710786122823606e-10 
-0.07999999999999996 -3.7906655592223615e-10 
-0.07799999999999996 -3.8690362025306513e-10 
-0.07599999999999996 -3.945861415388663e-10 
-0.07399999999999995 -4.0211201035589283e-10 
-0.07199999999999995 -4.094773409235586e-10 
-0.06999999999999995 -4.1667946870660444e-10 
-0.06799999999999995 -4.237159512143762e-10 
-0.06599999999999995 -4.3058401288931236e-10 
-0.06399999999999995 -4.3728010101773407e-10 
-0.061999999999999944 -4.43802217198197e-10 
-0.05999999999999994 -4.501480299623495e-10 
-0.05799999999999994 -4.5631431966342006e-10 
-0.05599999999999994 -4.6229897687766197e-10 
-0.05399999999999994 -4.680996701367235e-10 
-0.051999999999999935 -4.737140679722529e-10 
-0.04999999999999993 -4.791398389158985e-10 
-0.04799999999999993 -4.843750955885184e-10 
-0.04599999999999993 -4.89417506521761e-10 
-0.04399999999999993 -4.942646292249719e-10 
-0.041999999999999926 -4.989154644974292e-10 
-0.040000000000000036 -5.033674588261761e-10 
-0.038000000000000034 -5.076190578989781e-10 
-0.03600000000000003 -5.116681522920885e-10 
-0.03400000000000003 -5.155138538270876e-10 
-0.03200000000000003 -5.19154164102531e-10 
-0.030000000000000027 -5.225876398284868e-10 
-0.028000000000000025 -5.258130597596278e-10 
-0.026000000000000023 -5.288287585614171e-10 
-0.02400000000000002 -5.31633848055435e-10 
-0.02200000000000002 -5.342267739294471e-10 
-0.020000000000000018 -5.366070920942434e-10 
-0.018000000000000016 -5.387728041483797e-10 
-0.016000000000000014 -5.407242431587633e-10 
-0.014000000000000012 -5.424597437908574e-10 
-0.01200000000000001 -5.439787509331495e-10 
-0.010000000000000009 -5.45280598451825e-10 
-0.008000000000000007 -5.463645091907665e-10 
-0.006000000000000005 -5.472304831499741e-10 
-0.0040000000000000036 -5.478778541956331e-10 
-0.0020000000000000018 -5.483061782385334e-10 
0.0 -5.485152332340704e-10 
0.0020000000000000018 -5.485050191822438e-10 
0.0040000000000000036 -5.482756471053563e-10 
0.006000000000000005 -5.478257847357781e-10 
0.008000000000000007 -5.471578745641636e-10 
0.010000000000000009 -5.462701402336734e-10 
0.01200000000000001 -5.451636919673319e-10 
0.014000000000000012 -5.438385297651394e-10 
0.016000000000000014 -5.422950977163055e-10 
0.018000000000000016 -5.4053428399925e-10 
0.020000000000000018 -5.385560886139729e-10 
0.02200000000000002 -5.363622879173136e-10 
0.02400000000000002 -5.339522157754573e-10 
0.026000000000000023 -5.313278705898483e-10 
0.028000000000000025 -5.284892523604867e-10 
0.030000000000000027 -5.254379153996069e-10 
0.03200000000000003 -5.221754140194435e-10 
0.03400000000000003 -5.187021923092061e-10 
0.03600000000000003 -5.150191384473146e-10 
0.038000000000000034 -5.11129139013633e-10 
0.040000000000000036 -5.070313058297415e-10 
0.04200000000000004 -5.027291916093191e-10 
0.04400000000000004 -4.982239065753902e-10 
0.04600000000000004 -4.935165609509795e-10 
0.04800000000000004 -4.886091531375314e-10 
0.050000000000000044 -4.835036815364901e-10 
0.052000000000000046 -4.782014784154853e-10 
0.05400000000000005 -4.72705430354381e-10 
0.05600000000000005 -4.670168696208066e-10 
0.05800000000000005 -4.611384607500213e-10 
0.06000000000000005 -4.5507153600965466e-10 
0.062000000000000055 -4.488196481133855e-10 
0.06400000000000006 -4.423839072842384e-10 
0.06600000000000006 -4.3576720010207737e-10 
0.06800000000000006 -4.289726351913714e-10 
0.07000000000000006 -4.22001766864355e-10 
0.07200000000000006 -4.1485792579010194e-10 
0.07400000000000007 -4.075437765038714e-10 
0.07600000000000007 -4.0006153945171263e-10 
0.07800000000000007 -3.924145453026995e-10 
0.08000000000000007 -3.8460523654748613e-10 
0.08200000000000007 -3.7663783203356616e-10 
0.08400000000000007 -3.6851321993935926e-10 
0.08600000000000008 -3.6023672933538364e-10 
0.08800000000000008 -3.5181035862308363e-10 
0.09000000000000008 -3.43237660516138e-10 
0.09200000000000008 -3.3452174363901577e-10 
0.09400000000000008 -3.256657166161858e-10 
0.09600000000000009 -3.166735762505368e-10 
0.09800000000000009 -3.075482091219328e-10 
0.10000000000000009 -2.9829361203326243e-10 
0.10200000000000009 -2.889133376982045e-10 
0.10400000000000009 -2.7941071678583285e-10 
0.1060000000000001 -2.697899681436411e-10 
0.1080000000000001 -2.6005397835149324e-10 
0.1100000000000001 -2.502071883014878e-10 
0.1120000000000001 -2.402531507073036e-10 
0.1140000000000001 -2.3019608441643413e-10 
0.1160000000000001 -2.2003954214255828e-10 
0.1180000000000001 -2.097879647777745e-10 
0.1200000000000001 -1.994446829911567e-10 
0.12200000000000011 -1.8901391563019843e-10 
0.12400000000000011 -1.7850076972081297e-10 
0.1260000000000001 -1.6790790979825942e-10 
0.1280000000000001 -1.572397767546363e-10 
0.13000000000000012 -1.4650147761585686e-10 
0.13200000000000012 -1.356974532740196e-10 
0.13400000000000012 -1.2483059030898858e-10 
0.13600000000000012 -1.1390599574667704e-10 
0.13800000000000012 -1.0292766638997364e-10 
0.14000000000000012 -9.190093130939658e-11 
0.14200000000000013 -8.082912117401975e-11 
0.14400000000000013 -6.971689892054656e-11 
0.14600000000000013 -5.856892748568043e-11 
0.14800000000000013 -4.738898162770511e-11 
0.15000000000000013 -3.61835006401634e-11 
0.15200000000000014 -2.495470496910457e-11 
0.15399999999999991 -1.3707923685046808e-11 
0.15599999999999992 -2.4487079031132453e-12 
0.15799999999999992 8.820055796832094e-12 
0.15999999999999992 2.0092372210456233e-11 
0.16199999999999992 3.136468862408037e-11 
0.16399999999999992 4.263123187797646e-11 
0.16599999999999993 5.38893374368854e-11 
0.16799999999999993 6.513278805186928e-11 
0.16999999999999993 7.635714283082962e-11 
0.17199999999999993 8.75588490600876e-11 
0.17399999999999993 9.87314674461004e-11 
0.17599999999999993 1.0987233345360892e-10 
0.17799999999999994 1.2097545187828018e-10 
0.17999999999999994 1.320372700064354e-10 
0.18199999999999994 1.430520146783465e-10 
0.18399999999999994 1.5401591113572977e-10 
0.18599999999999994 1.649245184864867e-10 
0.18799999999999994 1.7577272970470403e-10 
0.18999999999999995 1.865565479874931e-10 
0.19199999999999995 1.972704222197308e-10 
0.19399999999999995 2.0791124377694814e-10 
0.19599999999999995 2.1847368358862695e-10 
0.19799999999999995 2.289530787180638e-10 
0.19999999999999996 2.393458764515799e-10 
0.20199999999999996 2.49646747718657e-10 
0.20399999999999996 2.5985080753798684e-10 
0.20599999999999996 2.699549472851004e-10 
0.20799999999999996 2.79955170157109e-10 
0.20999999999999996 2.8984525890507484e-10 
0.21199999999999997 2.9962254899373875e-10 
0.21399999999999997 3.0928193339718746e-10 
0.21599999999999997 3.1881941531253233e-10 
0.21799999999999997 3.2823121998148963e-10 
0.21999999999999997 3.3751268446735594e-10 
0.22199999999999998 3.4666025605645245e-10 
0.22399999999999998 3.5566927181207575e-10 
0.22599999999999998 3.645359569759421e-10 
0.22799999999999998 3.7325631474516285e-10 
0.22999999999999998 3.8182634831684936e-10 
0.23199999999999998 3.9024294906653267e-10 
0.23399999999999999 3.9850123201290444e-10 
0.236 4.0659853262070556e-10 
0.238 4.145295218194178e-10 
0.24 4.2229175711838707e-10 
0.242 4.298819078485394e-10 
0.244 4.372959772069862e-10 
0.246 4.4453041248004865e-10 
0.248 4.51581438909443e-10 
0.25 4.58447058093725e-10 
0.252 4.6512260709619113e-10 
0.254 4.716058654707922e-10 
0.256 4.778928364146395e-10 
0.258 4.83980855392474e-10 
0.26 4.898677019582465e-10 
0.262 4.955489352198583e-10 
0.264 5.010225567758653e-10 
0.266 5.062852359571934e-10 
0.268 5.113358625408182e-10 
0.27 5.161706617684558e-10 
0.272 5.207860809264275e-10 
0.274 5.251821200147333e-10 
0.276 5.293541160966697e-10 
0.278 5.33301403038422e-10 
0.28 5.37021316304731e-10 
0.28200000000000003 5.405111913603378e-10 
0.28400000000000003 5.437690298037978e-10 
0.28600000000000003 5.467939434566915e-10 
0.28800000000000003 5.495837118729696e-10 
0.29000000000000004 5.521358925619779e-10 
0.29200000000000004 5.544493753006918e-10 
0.29400000000000004 5.565228278214818e-10 
0.29600000000000004 5.583538076336936e-10 
0.29800000000000004 5.59942980871142e-10 
0.30000000000000004 5.612870168647532e-10 
0.30200000000000005 5.623854715253174e-10 
0.30400000000000005 5.632374566744147e-10 
0.30600000000000005 5.638414179998108e-10 
0.30800000000000005 5.641975775461106e-10 
0.31000000000000005 5.643046030456844e-10 
0.31200000000000006 5.641616063201127e-10 
0.31400000000000006 5.637681432801855e-10 
0.31600000000000006 5.631246580151128e-10 
0.31800000000000006 5.622287080342403e-10 
0.32000000000000006 5.610822917390124e-10 
0.32200000000000006 5.596845209510093e-10 
0.32400000000000007 5.580347295364163e-10 
0.32600000000000007 5.561338056736531e-10 
0.32800000000000007 5.539815273181148e-10 
0.33000000000000007 5.515785606036161e-10 
0.3320000000000001 5.489246834855521e-10 
0.3340000000000001 5.460212282315524e-10 
0.3360000000000001 5.428686389308268e-10 
0.3380000000000001 5.394673596725852e-10 
0.3400000000000001 5.358180565906423e-10 
0.3420000000000001 5.319218399080228e-10 
0.3440000000000001 5.277811521153808e-10 
0.3460000000000001 5.233946609450868e-10 
0.3480000000000001 5.187661411554245e-10 
0.3500000000000001 5.138958147909989e-10 
0.3520000000000001 5.087843479856247e-10 
0.3540000000000001 5.034355154975856e-10 
0.3560000000000001 4.978490952822767e-10 
0.3580000000000001 4.92028195964167e-10 
0.3600000000000001 4.85974149810886e-10 
0.3620000000000001 4.796896213576929e-10 
0.3640000000000001 4.731763869614269e-10 
0.3660000000000001 4.664366670681375e-10 
0.3680000000000001 4.5947290416847864e-10 
0.3700000000000001 4.5228887302073417e-10 
0.3720000000000001 4.44884795669509e-10 
0.3740000000000001 4.372657791407164e-10 
0.3760000000000001 4.294338218358007e-10 
0.3780000000000001 4.2139114420081114e-10 
0.3800000000000001 4.1314152099403145e-10 
0.3820000000000001 4.0468850492914044e-10 
0.3840000000000001 3.960349825860021e-10 
0.3860000000000001 3.87185394856715e-10 
0.3880000000000001 3.7814129605351354e-10 
0.3900000000000001 3.689075711577061e-10 
0.3920000000000001 3.594875508383666e-10 
0.39400000000000013 3.498852318983836e-10 
0.39600000000000013 3.401043890960409e-10 
0.39800000000000013 3.3014924127883205e-10 
0.40000000000000013 3.200240072942506e-10 
0.40200000000000014 3.0973268394518527e-10 
0.40400000000000014 2.9927949007912957e-10 
0.40600000000000014 2.886695327219968e-10 
0.4079999999999999 2.7790614254286083e-10 
0.4099999999999999 2.6699553679065957e-10 
0.4119999999999999 2.559419343128866e-10 
0.4139999999999999 2.4474844373401083e-10 
0.4159999999999999 2.3342239252599484e-10 
0.4179999999999999 2.2196711135791247e-10 
0.41999999999999993 2.1038792930028194e-10 
0.42199999999999993 1.98691507691251e-10 
0.42399999999999993 1.8688051106607872e-10 
0.42599999999999993 1.749624889413326e-10 
0.42799999999999994 1.629418822091111e-10 
0.42999999999999994 1.5082379789532752e-10 
0.43199999999999994 1.3861467529352467e-10 
0.43399999999999994 1.2631984347422076e-10 
0.43599999999999994 1.1394507559714384e-10 
0.43799999999999994 1.0149503459899734e-10 
0.43999999999999995 8.89772699963487e-11 
0.44199999999999995 7.639644472590135e-11 
0.44399999999999995 6.376077443803752e-11 
0.44599999999999995 5.1072701623411376e-11 
0.44799999999999995 3.8340886021615006e-11 
0.44999999999999996 2.5570656703166605e-11 
0.45199999999999996 1.2768675006213925e-11 
0.45399999999999996 -5.950795411990839e-14 
0.45599999999999996 -1.2907230839687145e-11 
0.45799999999999996 -2.5767832312340033e-11 
0.45999999999999996 -3.86353171677456e-11 
0.46199999999999997 -5.150257997854624e-11 
0.46399999999999997 -6.43638475850139e-11 
0.46599999999999997 -7.721223660439591e-11 
0.46799999999999997 -9.004130774314945e-11 
0.47 -1.0284462170773168e-10 
0.472 -1.1561485102618008e-10 
0.474 -1.2834644458337152e-10 
0.476 -1.4103207490734349e-10 
0.478 -1.536648586153433e-10 
0.48 -1.6623791232461826e-10 
0.482 -1.7874524083083543e-10 
0.484 -1.911799607512421e-10 
0.486 -2.0353518870308562e-10 
0.488 -2.1580337516979853e-10 
0.49 -2.279789690362577e-10 
0.492 -2.4005419874129075e-10 
0.494 -2.520237352143795e-10 
0.496 -2.6387914076053676e-10 
0.498 -2.7561486426463944e-10 
0.5 -2.8722335621012007e-10 
0.502 -2.986986213926457e-10 
0.504 -3.100335543848587e-10 
0.506 -3.2122171589321624e-10 
0.508 -3.3225688866878045e-10 
0.51 -3.431308570611691e-10 
0.512 -3.538387360890738e-10 
0.514 -3.643743085035567e-10 
0.516 -3.7472869252042074e-10 
0.518 -3.8489811338138225e-10 
0.52 -3.948745774806639e-10 
0.522 -4.046527557477475e-10 
0.524 -4.142257647998804e-10 
0.526 -4.2358672125430985e-10 
0.528 -4.3273140626354234e-10 
0.53 -4.416516041771956e-10 
0.532 -4.5034265205856627e-10 
0.534 -4.5879877674792624e-10 
0.536 -4.670133169071278e-10 
0.538 -4.749809434656527e-10 
0.54 -4.826952171299581e-10 
0.542 -4.901516970079456e-10 
0.544 -4.973450540290969e-10 
0.546 -5.042684048106594e-10 
0.548 -5.109179745943493e-10 
0.55 -5.172875461312287e-10 
0.552 -5.233722344399894e-10 
0.554 -5.291682647623475e-10 
0.556 -5.346694198493651e-10 
0.558 -5.398717028981537e-10 
0.56 -5.447700068827999e-10 
0.562 -5.49360335000415e-10 
0.5640000000000001 -5.536380243142958e-10 
0.5660000000000001 -5.575997441553682e-10 
0.5680000000000001 -5.612406095423239e-10 
0.5700000000000001 -5.645568457168793e-10 
0.5720000000000001 -5.675451220099603e-10 
0.5740000000000001 -5.702014416186785e-10 
0.5760000000000001 -5.725233620523795e-10 
0.5780000000000001 -5.745059983297551e-10 
0.5800000000000001 -5.761477961385708e-10 
0.5820000000000001 -5.774447586759379e-10 
0.5840000000000001 -5.78395331629622e-10 
0.5860000000000001 -5.789959622859442e-10 
0.5880000000000001 -5.792444301988553e-10 
0.5900000000000001 -5.79138736966911e-10 
0.5920000000000001 -5.786773282778768e-10 
0.5940000000000001 -5.778577616410985e-10 
0.5960000000000001 -5.766782606997367e-10 
0.5980000000000001 -5.751379372753718e-10 
0.6000000000000001 -5.73235681144979e-10 
0.6020000000000001 -5.709701600409289e-10 
0.6040000000000001 -5.683409298740116e-10 
0.6060000000000001 -5.653462142873877e-10 
0.6080000000000001 -5.619877896378966e-10 
0.6100000000000001 -5.582641016133039e-10 
0.6120000000000001 -5.541747061243996e-10 
0.6140000000000001 -5.49721823617233e-10 
0.6160000000000001 -5.449045659133844e-10 
0.6180000000000001 -5.397238211912736e-10 
0.6200000000000001 -5.3418092171853e-10 
0.6220000000000001 -5.282769777181784e-10 
0.6240000000000001 -5.220135435024531e-10 
0.6260000000000001 -5.153928395174034e-10 
0.6280000000000001 -5.084157539414491e-10 
0.6300000000000001 -5.010851733544541e-10 
0.6320000000000001 -4.934033182024677e-10 
0.6340000000000001 -4.853735191545638e-10 
0.6360000000000001 -4.769986627906064e-10 
0.6380000000000001 -4.682816356904596e-10 
0.6400000000000001 -4.5922554647859215e-10 
0.6420000000000001 -4.4983505809170765e-10 
0.6440000000000001 -4.40113279154275e-10 
0.6460000000000001 -4.3006598282602226e-10 
0.6480000000000001 -4.1969605568681345e-10 
0.6500000000000001 -4.090090488517717e-10 
0.6520000000000001 -3.980102913914152e-10 
0.6540000000000001 -3.867037801086326e-10 
0.6560000000000001 -3.7509773065380614e-10 
0.6580000000000001 -3.631965839190343e-10 
0.6600000000000001 -3.5100611306404517e-10 
0.6620000000000001 -3.3853297942698646e-10 
0.6640000000000001 -3.2578406639061086e-10 
0.6659999999999999 -3.127667014268809e-10 
0.6679999999999999 -2.9948776791854925e-10 
0.6699999999999999 -2.8595570356060307e-10 
0.6719999999999999 -2.7217672560198025e-10 
0.6739999999999999 -2.581599378714827e-10 
0.6759999999999999 -2.4391288988567794e-10 
0.6779999999999999 -2.294453516071826e-10 
0.6799999999999999 -2.1476642686479863e-10 
0.6819999999999999 -1.9988366517509348e-10 
0.6839999999999999 -1.8480750263449863e-10 
0.6859999999999999 -1.6954770920563078e-10 
0.688 -1.541138328065017e-10 
0.69 -1.3851697566735766e-10 
0.692 -1.227666857062104e-10 
0.694 -1.0687406515330622e-10 
0.696 -9.084999419428641e-11 
0.698 -7.470646323781693e-11 
0.7 -5.845413042493419e-11 
0.702 -4.2103653896674587e-11 
0.704 -2.566968859696317e-11 
0.706 -9.162892666836342e-12 
0.708 7.403411217410394e-12 
0.71 2.4018564914740637e-11 
0.712 4.0667025302809634e-11 
0.714 5.7338578329790835e-11 
0.716 7.401723678412964e-11 
0.718 9.069101025716009e-11 
0.72 1.0734524380495714e-10 
0.722 1.2396617066201543e-10 
0.724 1.4054002406282962e-10 
0.726 1.5705214906347464e-10 
0.728 1.73489222987655e-10 
0.73 1.8983437044539642e-10 
0.732 2.060747128496132e-10 
0.734 2.2219515116717048e-10 
0.736 2.3817881000809393e-10 
0.738 2.5401147851766837e-10 
0.74 2.696793899303884e-10 
0.742 2.851647806778601e-10 
0.744 3.004525517269485e-10 
0.746 3.155280481337286e-10 
0.748 3.303748385974359e-10 
0.75 3.449760477280961e-10 
0.752 3.59317464670994e-10 
0.754 3.7338310221457505e-10 
0.756 3.871551967904452e-10 
0.758 4.0061953754388924e-10 
0.76 4.137592490849329e-10 
0.762 4.2655834420202154e-10 
0.764 4.3900216795123015e-10 
0.766 4.5107251267495485e-10 
0.768 4.6275516751848045e-10 
0.77 4.740323689134129e-10 
0.772 4.84890350094247e-10 
0.774 4.953131238494279e-10 
0.776 5.052842588781914e-10 
0.778 5.147882120581926e-10 
0.78 5.238107725347163e-10 
0.782 5.323372853638375e-10 
0.784 5.40350431066372e-10 
0.786 5.478368869660244e-10 
0.788 5.547833303864991e-10 
0.79 5.611719977594021e-10 
0.792 5.669931191221167e-10 
0.794 5.722298190846686e-10 
0.796 5.768696631491821e-10 
0.798 5.809002168177813e-10 
0.8 5.843086015033805e-10 
0.802 5.870819386188941e-10 
0.804 5.892086818448661e-10 
0.806 5.906772848618402e-10 
0.808 5.914766454395703e-10 
0.81 5.9159610543702e-10 
0.812 5.910263389807824e-10 
0.8140000000000001 5.897571320190309e-10 
0.8160000000000001 5.877787145891489e-10 
0.8180000000000001 5.850853135314082e-10 
0.8200000000000001 5.816676029724022e-10 
0.8220000000000001 5.77518477484773e-10 
0.8240000000000001 5.726317198195829e-10 
0.8260000000000001 5.670020009063137e-10 
0.8280000000000001 5.606248798528668e-10 
0.8300000000000001 5.534954716779339e-10 
0.8320000000000001 5.456102236678362e-10 
0.8340000000000001 5.369691358225737e-10 
0.8360000000000001 5.275677672500478e-10 
0.8380000000000001 5.174074502178883e-10 
0.8400000000000001 5.064890729045146e-10 
0.8420000000000001 4.948113030422974e-10 
0.8440000000000001 4.823803578801744e-10 
0.8460000000000001 4.691971255965655e-10 
0.8480000000000001 4.5526737935119854e-10 
0.8500000000000001 4.4059822457143127e-10 
0.8520000000000001 4.25194546238572e-10 
0.8540000000000001 4.090656702260276e-10 
0.8560000000000001 3.922213664964147e-10 
0.8580000000000001 3.7467362545839933e-10 
0.8600000000000001 3.564335493422277e-10 
0.8620000000000001 3.375157930918249e-10 
0.8640000000000001 3.179354557403258e-10 
0.8660000000000001 2.9770896858849483e-10 
0.8680000000000001 2.7685764791840484e-10 
0.8700000000000001 2.553992572984498e-10 
0.8720000000000001 2.3335511301070255e-10 
0.8740000000000001 2.1075230449696392e-10 
0.8760000000000001 1.876121480393067e-10 
0.8780000000000001 1.6396439761479087e-10 
0.8800000000000001 1.3983880720047637e-10 
0.8820000000000001 1.1526513077342315e-10 
0.8840000000000001 9.027711911357983e-11 
0.8860000000000001 6.490985526852455e-11 
0.8880000000000001 3.920241908872413e-11 
0.8900000000000001 1.319344633543551e-11 
0.8920000000000001 -1.3074430427195693e-11 
0.8940000000000001 -3.955724636739433e-11 
0.8960000000000001 -6.620881620733599e-11 
0.8980000000000001 -9.297806968788791e-11 
0.9000000000000001 -1.1981393654991734e-10 
0.9020000000000001 -1.4666268199903243e-10 
0.9040000000000001 -1.734652421703231e-10 
0.9060000000000001 -2.0016432955571872e-10 
0.9080000000000001 -2.2669377486295161e-10 
0.9100000000000001 -2.529900733350132e-10 
0.9120000000000001 -2.789843911443768e-10 
0.9140000000000001 -3.0460434174983675e-10 
0.9160000000000001 -3.2977487407492845e-10 
0.9180000000000001 -3.5441960477555767e-10 
0.9199999999999999 -3.7845460099106276e-10 
0.9219999999999999 -4.0179504168236235e-10 
0.9239999999999999 -4.2435566172116523e-10 
0.9259999999999999 -4.460405378381438e-10 
0.9279999999999999 -4.667568553884394e-10 
0.9299999999999999 -4.864051383890455e-10 
0.9319999999999999 -5.048810258756475e-10 
0.9339999999999999 -5.220792687055109e-10 
0.9359999999999999 -5.378866241301239e-10 
0.938 -5.521898494009747e-10 
0.94 -5.648694845206137e-10 
0.942 -5.757998522426533e-10 
0.944 -5.848557194099158e-10 
0.946 -5.919034151702363e-10 
0.948 -5.96806160046981e-10 
0.95 -5.994218454929978e-10 
0.952 -5.996030338906166e-10 
0.954 -5.97200067176118e-10 
0.956 -5.920557377692148e-10 
0.958 -5.840075090191021e-10 
0.96 -5.728897356505058e-10 
0.962 -5.585283346931647e-10 
0.964 -5.407492231768174e-10 
0.966 -5.193636631872778e-10 
0.968 -4.941882458808777e-10 
0.97 -4.650249074700241e-10 
0.972 -4.316729196318647e-10 
0.974 -3.939271131514488e-10 
0.976 -3.5157299294041877e-10 
0.978 -3.043911789291087e-10 
0.98 -2.5215651788812465e-10 
0.982 -1.9463630707150514e-10 
0.984 -1.3158985012751145e-10 
0.986 -6.277378616914575e-11 
0.988 1.2066347920836051e-11 
0.99 9.319078841940609e-11 
0.992 1.8086909747694335e-10 
0.994 2.7537083724382683e-10 
0.996 3.7698288934961965e-10 
0.998 4.859952440483539e-10 
