-1.0 2.4315262869833987e-07 
-0.998 7.334661233926454e-08 
-0.996 -5.29937844717665e-08 
-0.994 -1.425227456053335e-07 
-0.992 -2.0118118815304342e-07 
-0.99 -2.3425451178837875e-07 
-0.988 -2.464266382062874e-07 
-0.986 -2.4183056623883203e-07 
-0.984 -2.2409562472347488e-07 
-0.982 -1.9639158477247065e-07 
-0.98 -1.614698232899059e-07 
-0.978 -1.2170163277147594e-07 
-0.976 -7.911391719517269e-08 
-0.974 -3.542237081433086e-08 
-0.972 7.937755341913544e-09 
-0.97 4.978307899250467e-08 
-0.968 8.915565707923179e-08 
-0.966 1.2529852977394285e-07 
-0.964 1.5763316252304094e-07 
-0.962 1.8573864135618123e-07 
-0.96 2.0933252287136384e-07 
-0.958 2.2825326428943526e-07 
-0.956 2.4244411456209036e-07 
-0.954 2.5193836439285633e-07 
-0.952 2.568459223084574e-07 
-0.95 2.573410409212329e-07 
-0.948 2.536512297979243e-07 
-0.946 2.4604719683907206e-07 
-0.944 2.3483377020738772e-07 
-0.942 2.2034172619811443e-07 
-0.94 2.0292051416959112e-07 
-0.938 1.8293172310279715e-07 
-0.9359999999999999 1.6074333242244165e-07 
-0.9339999999999999 1.3672459786562285e-07 
-0.9319999999999999 1.1124159549069645e-07 
-0.9299999999999999 8.46533563247931e-08 
-0.9279999999999999 5.730852148388976e-08 
-0.926 2.9542504442758855e-08 
-0.924 1.6750760778450058e-09 
-0.922 -2.5991569785333013e-08 
-0.92 -5.3174451508652965e-08 
-0.918 -7.961101555764571e-08 
-0.916 -1.0506009040511799e-07 
-0.914 -1.2930252601961456e-07 
-0.912 -1.5214159532206395e-07 
-0.91 -1.7340313629432558e-07 
-0.908 -1.929355484264761e-07 
-0.906 -2.1060950849971505e-07 
-0.904 -2.263176348549223e-07 
-0.902 -2.3997393050478877e-07 
-0.9 -2.5151312943449966e-07 
-0.898 -2.608899398737208e-07 
-0.896 -2.6807819963892143e-07 
-0.894 -2.730699240061085e-07 
-0.892 -2.758743571362743e-07 
-0.89 -2.765168911622595e-07 
-0.888 -2.750380190263968e-07 
-0.886 -2.714922091584526e-07 
-0.884 -2.659467961407813e-07 
-0.882 -2.5848083895496643e-07 
-0.88 -2.491839898866033e-07 
-0.878 -2.3815536609461674e-07 
-0.876 -2.255024367237013e-07 
-0.874 -2.113399135694749e-07 
-0.872 -1.95788688817089e-07 
-0.87 -1.789747803293551e-07 
-0.868 -1.6102831557063269e-07 
-0.866 -1.4208255505465672e-07 
-0.864 -1.222729517635912e-07 
-0.862 -1.0173623765652451e-07 
-0.86 -8.060957856770301e-08 
-0.858 -5.9029756194206584e-08 
-0.856 -3.713239760116949e-08 
-0.854 -1.505125712952804e-08 
-0.852 7.082457731399927e-09 
-0.85 2.914071206561175e-08 
-0.848 5.0999222178660375e-08 
-0.846 7.253797296158382e-08 
-0.844 9.364171082992812e-08 
-0.842 1.1420037893117296e-07 
-0.84 1.3410948440650827e-07 
-0.838 1.5327045899127256e-07 
-0.836 1.71590949005207e-07 
-0.834 1.8898505649289632e-07 
-0.832 2.0537356704153353e-07 
-0.83 2.2068410165942964e-07 
-0.828 2.3485125177913346e-07 
-0.826 2.478166769570578e-07 
-0.8240000000000001 2.5952914128879456e-07 
-0.8220000000000001 2.699445560416791e-07 
-0.8200000000000001 2.790259427953856e-07 
-0.8180000000000001 2.867434019115933e-07 
-0.8160000000000001 2.930740361506423e-07 
-0.8140000000000001 2.9800184142558805e-07 
-0.812 3.015175882303822e-07 
-0.81 3.03618652885973e-07 
-0.808 3.0430885633592197e-07 
-0.806 3.035982611976351e-07 
-0.804 3.0150295460273924e-07 
-0.802 2.980448181588713e-07 
-0.8 2.932512783715424e-07 
-0.798 2.871550437433257e-07 
-0.796 2.797938241094755e-07 
-0.794 2.712100628521341e-07 
-0.792 2.614506167120112e-07 
-0.79 2.505664742358249e-07 
-0.788 2.386124395847844e-07 
-0.786 2.2564681811942933e-07 
-0.784 2.117310966553987e-07 
-0.782 1.9692963837414368e-07 
-0.78 1.8130934353877137e-07 
-0.778 1.6493934795747123e-07 
-0.776 1.4789069213705375e-07 
-0.774 1.3023601752593095e-07 
-0.772 1.120492396644579e-07 
-0.77 9.340526396783844e-08 
-0.768 7.437965132695012e-08 
-0.766 5.504836275704861e-08 
-0.764 3.548743743309046e-08 
-0.762 1.577272712438571e-08 
-0.76 -4.020375143909405e-09 
-0.758 -2.3817197991604644e-08 
-0.756 -4.35440496993067e-08 
-0.754 -6.312845934886013e-08 
-0.752 -8.249939975613074e-08 
-0.75 -1.0158752550282202e-07 
-0.748 -1.203253643389246e-07 
-0.746 -1.3864752412828807e-07 
-0.744 -1.5649088291880275e-07 
-0.742 -1.7379474659406924e-07 
-0.74 -1.905010358349557e-07 
-0.738 -2.065544024709709e-07 
-0.736 -2.2190239024055813e-07 
-0.734 -2.364955498102006e-07 
-0.732 -2.502875435794749e-07 
-0.73 -2.632352540388183e-07 
-0.728 -2.7529886414967564e-07 
-0.726 -2.8644192928695134e-07 
-0.724 -2.966314385233204e-07 
-0.722 -3.058378634790415e-07 
-0.72 -3.1403519873407504e-07 
-0.718 -3.212009804798299e-07 
-0.716 -3.273163065031781e-07 
-0.714 -3.323658295251164e-07 
-0.712 -3.3633776208574773e-07 
-0.71 -3.3922384146123363e-07 
-0.708 -3.410193150088503e-07 
-0.706 -3.4172289486988916e-07 
-0.704 -3.413367042348625e-07 
-0.702 -3.3986623071413646e-07 
-0.7 -3.373202521750329e-07 
-0.698 -3.33710757249861e-07 
-0.696 -3.290528822752492e-07 
-0.694 -3.2336479671712937e-07 
-0.692 -3.166676232346788e-07 
-0.69 -3.0898532799028544e-07 
-0.688 -3.0034461007133473e-07 
-0.6859999999999999 -2.9077478869155016e-07 
-0.6839999999999999 -2.8030768550735274e-07 
-0.6819999999999999 -2.6897748162113544e-07 
-0.6799999999999999 -2.568206172171017e-07 
-0.6779999999999999 -2.4387563302141757e-07 
-0.6759999999999999 -2.3018304062816242e-07 
-0.6739999999999999 -2.1578518927256596e-07 
-0.6719999999999999 -2.0072611173205246e-07 
-0.6699999999999999 -1.8505139331992382e-07 
-0.6679999999999999 -1.6880800801644114e-07 
-0.6659999999999999 -1.520441870184186e-07 
-0.6639999999999999 -1.3480926019937556e-07 
-0.6619999999999999 -1.1715351311281097e-07 
-0.6599999999999999 -9.912803200506914e-08 
-0.6579999999999999 -8.078456081861418e-08 
-0.6559999999999999 -6.217534398444968e-08 
-0.6539999999999999 -4.3352993639445e-08 
-0.6519999999999999 -2.437033197466576e-08 
-0.6499999999999999 -5.280251347272724e-09 
-0.648 1.3864428272114537e-08 
-0.646 3.301109474662667e-08 
-0.644 5.210748943440535e-08 
-0.642 7.110182975722523e-08 
-0.64 8.994294775632738e-08 
-0.638 1.085804157696657e-07 
-0.636 1.26964667224172e-07 
-0.634 1.450471169839318e-07 
-0.632 1.627802759252006e-07 
-0.63 1.8011786506733074e-07 
-0.628 1.970149177132896e-07 
-0.626 2.1342788203426721e-07 
-0.624 2.2931471432841022e-07 
-0.622 2.446349780527157e-07 
-0.62 2.593499206504646e-07 
-0.618 2.7342256636586626e-07 
-0.616 2.8681777619610216e-07 
-0.614 2.995023278273834e-07 
-0.612 3.114449835805999e-07 
-0.61 3.2261653615250907e-07 
-0.608 3.3298987434093874e-07 
-0.606 3.4254002301281616e-07 
-0.604 3.5124418795717816e-07 
-0.602 3.590817905241295e-07 
-0.6 3.660344987110875e-07 
-0.598 3.7208625336404566e-07 
-0.596 3.7722327839162517e-07 
-0.594 3.8143411273949823e-07 
-0.592 3.847095944031764e-07 
-0.59 3.870428808561144e-07 
-0.588 3.8842943972383637e-07 
-0.586 3.8886704167850894e-07 
-0.584 3.8835574311946175e-07 
-0.5820000000000001 3.868978715182436e-07 
-0.5800000000000001 3.844980005496268e-07 
-0.5780000000000001 3.811629212258083e-07 
-0.5760000000000001 3.769016085897192e-07 
-0.5740000000000001 3.7172518574379865e-07 
-0.5720000000000001 3.6564687810880514e-07 
-0.5700000000000001 3.586819703471633e-07 
-0.5680000000000001 3.508477572911062e-07 
-0.5660000000000001 3.421634764411152e-07 
-0.5640000000000001 3.3265026866402536e-07 
-0.562 3.223311015876362e-07 
-0.56 3.1123071564387317e-07 
-0.558 2.9937554280046186e-07 
-0.556 2.8679364239003746e-07 
-0.554 2.73514627835425e-07 
-0.552 2.59569584271091e-07 
-0.55 2.449909934920669e-07 
-0.548 2.2981265002108842e-07 
-0.546 2.1406957673164584e-07 
-0.544 1.9779793580809724e-07 
-0.542 1.8103495147414606e-07 
-0.54 1.6381880940663507e-07 
-0.538 1.461885723585965e-07 
-0.536 1.2818409378390072e-07 
-0.534 1.0984590970153363e-07 
-0.532 9.121516275634178e-08 
-0.53 7.233350229896018e-08 
-0.528 5.324299268139043e-08 
-0.526 3.398601200466089e-08 
-0.524 1.4605177955928639e-08 
-0.522 -4.8567738719640374e-09 
-0.52 -2.4357055261603477e-08 
-0.518 -4.3852931730370415e-08 
-0.516 -6.330180601921143e-08 
-0.514 -8.266132178746943e-08 
-0.512 -1.0188942889399755e-07 
-0.51 -1.2094449219901549e-07 
-0.508 -1.3978536417269538e-07 
-0.506 -1.583714801522973e-07 
-0.504 -1.7666292739804135e-07 
-0.502 -1.9462053124641443e-07 
-0.5 -2.1220593438009416e-07 
-0.498 -2.2938167654196207e-07 
-0.496 -2.461112549312361e-07 
-0.494 -2.623592041395284e-07 
-0.492 -2.780911654287621e-07 
-0.49 -2.93273945350947e-07 
-0.488 -3.078755885788098e-07 
-0.486 -3.218654194281356e-07 
-0.484 -3.3521412068360235e-07 
-0.482 -3.478937713463637e-07 
-0.48 -3.5987790392155716e-07 
-0.478 -3.711415448304223e-07 
-0.476 -3.8166126836713943e-07 
-0.474 -3.914152304496099e-07 
-0.472 -4.003831957088977e-07 
-0.47 -4.085465941106037e-07 
-0.46799999999999997 -4.158885329452744e-07 
-0.46599999999999997 -4.2239382835873585e-07 
-0.46399999999999997 -4.2804902711246484e-07 
-0.46199999999999997 -4.3284243189667393e-07 
-0.45999999999999996 -4.367641006641776e-07 
-0.45799999999999996 -4.398058850441089e-07 
-0.45599999999999996 -4.419614136885741e-07 
-0.45399999999999996 -4.432261135889348e-07 
-0.45199999999999996 -4.435972027483359e-07 
-0.44999999999999996 -4.430736939564639e-07 
-0.44799999999999995 -4.4165638968252097e-07 
-0.44599999999999995 -4.3934786075894294e-07 
-0.44399999999999995 -4.361524568174957e-07 
-0.44199999999999995 -4.32076270984183e-07 
-0.43999999999999995 -4.2712713144155146e-07 
-0.43799999999999994 -4.2131457145266893e-07 
-0.43599999999999994 -4.146498207013849e-07 
-0.43399999999999994 -4.0714575444411594e-07 
-0.43199999999999994 -3.9881688040921404e-07 
-0.42999999999999994 -3.89679293055778e-07 
-0.42799999999999994 -3.797506487046576e-07 
-0.42599999999999993 -3.6905011291388234e-07 
-0.42399999999999993 -3.57598327282993e-07 
-0.42200000000000004 -3.4541736404491985e-07 
-0.42000000000000004 -3.325306686674523e-07 
-0.41800000000000004 -3.1896302499223594e-07 
-0.41600000000000004 -3.0474049284023863e-07 
-0.41400000000000003 -2.898903602721603e-07 
-0.41200000000000003 -2.744410820820775e-07 
-0.41000000000000003 -2.584222266177605e-07 
-0.40800000000000003 -2.4186441160978234e-07 
-0.406 -2.247992473281002e-07 
-0.404 -2.0725927163400826e-07 
-0.402 -1.8927788392186784e-07 
-0.4 -1.7088928172537265e-07 
-0.398 -1.5212839421518964e-07 
-0.396 -1.3303081380922066e-07 
-0.394 -1.136327255624181e-07 
-0.392 -9.397084121953725e-08 
-0.39 -7.408232705063966e-08 
-0.388 -5.400473157557428e-08 
-0.386 -3.3775918617529044e-08 
-0.384 -1.3433992696043617e-08 
-0.382 6.982771250108044e-09 
-0.38 2.7435998473102075e-08 
-0.378 4.788728724669511e-08 
-0.376 6.829827881027484e-08 
-0.374 8.863073108766883e-08 
-0.372 1.0884658030452243e-07 
-0.37 1.2890802247866873e-07 
-0.368 1.4877757170683736e-07 
-0.366 1.684181343275526e-07 
-0.364 1.877930740912248e-07 
-0.362 2.0686627810739822e-07 
-0.36 2.2560222057155244e-07 
-0.358 2.439660248265696e-07 
-0.356 2.619235299761158e-07 
-0.354 2.794413496154391e-07 
-0.352 2.964869283417215e-07 
-0.35 3.130285966546076e-07 
-0.348 3.2903563723651885e-07 
-0.346 3.444783236439264e-07 
-0.344 3.5932798164717283e-07 
-0.34199999999999997 3.7355703896846393e-07 
-0.33999999999999997 3.871390648613193e-07 
-0.33799999999999997 4.0004882434496736e-07 
-0.33599999999999997 4.1226231278779224e-07 
-0.33399999999999996 4.23756802869768e-07 
-0.33199999999999996 4.3451088049817344e-07 
-0.32999999999999996 4.4450447717059305e-07 
-0.32799999999999996 4.5371890849965624e-07 
-0.32599999999999996 4.621369009139009e-07 
-0.32399999999999995 4.69742624853442e-07 
-0.32199999999999995 4.7652171303314006e-07 
-0.31999999999999995 4.824612865328426e-07 
-0.31799999999999995 4.875499767797997e-07 
-0.31599999999999995 4.917779426460989e-07 
-0.31399999999999995 4.951368804406719e-07 
-0.31199999999999994 4.976200417838861e-07 
-0.30999999999999994 4.99222239991326e-07 
-0.30799999999999994 4.999398579563774e-07 
-0.30599999999999994 4.997708480392049e-07 
-0.30399999999999994 4.98714737479089e-07 
-0.30199999999999994 4.967726265070471e-07 
-0.29999999999999993 4.939471809628504e-07 
-0.29799999999999993 4.902426253006187e-07 
-0.29600000000000004 4.856647363715716e-07 
-0.29400000000000004 4.802208279364173e-07 
-0.29200000000000004 4.7391973687083144e-07 
-0.29000000000000004 4.6677180132181917e-07 
-0.28800000000000003 4.58788848939351e-07 
-0.28600000000000003 4.4998416622032966e-07 
-0.28400000000000003 4.403724764984185e-07 
-0.28200000000000003 4.299699125423495e-07 
-0.28 4.1879398591376793e-07 
-0.278 4.068635531886966e-07 
-0.276 3.9419878761909333e-07 
-0.274 3.808211336484013e-07 
-0.272 3.6675327437247357e-07 
-0.27 3.520190896885017e-07 
-0.268 3.366436105330106e-07 
-0.266 3.206529786831114e-07 
-0.264 3.0407439818858073e-07 
-0.262 2.869360855584091e-07 
-0.26 2.6926722461462216e-07 
-0.258 2.510979105196931e-07 
-0.256 2.3245909898383932e-07 
-0.254 2.1338255412617357e-07 
-0.252 1.9390079061820664e-07 
-0.25 1.7404701738166217e-07 
-0.248 1.5385508034260198e-07 
-0.246 1.3335940562964055e-07 
-0.244 1.1259493878923443e-07 
-0.242 9.159708466710548e-08 
-0.24 7.040164679006367e-08 
-0.238 4.904476491596199e-08 
-0.236 2.7562855858809243e-08 
-0.23399999999999999 5.992549484412635e-09 
-0.23199999999999998 -1.5629375266223988e-08 
-0.22999999999999998 -3.726604821951973e-08 
-0.22799999999999998 -5.888057377778644e-08 
-0.22599999999999998 -8.043609572849775e-08 
-0.22399999999999998 -1.0189585292197378e-07 
-0.22199999999999998 -1.232232489933871e-07 
-0.21999999999999997 -1.4438190898413694e-07 
-0.21799999999999997 -1.6533573976573734e-07 
-0.21599999999999997 -1.8604899731933244e-07 
-0.21399999999999997 -2.0648633863862287e-07 
-0.21199999999999997 -2.2661288628933463e-07 
-0.20999999999999996 -2.4639428763961746e-07 
-0.20799999999999996 -2.657967661523486e-07 
-0.20599999999999996 -2.847871836686444e-07 
-0.20399999999999996 -3.0333309242180917e-07 
-0.20199999999999996 -3.2140279210279843e-07 
-0.19999999999999996 -3.3896537865452103e-07 
-0.19799999999999995 -3.559908002270795e-07 
-0.19599999999999995 -3.7244990236384723e-07 
-0.19399999999999995 -3.8831447818354903e-07 
-0.19199999999999995 -4.035573175631413e-07 
-0.18999999999999995 -4.1815224699481846e-07 
-0.18799999999999994 -4.3207417699253625e-07 
-0.18599999999999994 -4.452991437808862e-07 
-0.18399999999999994 -4.578043447112101e-07 
-0.18199999999999994 -4.695681774524729e-07 
-0.17999999999999994 -4.805702781274235e-07 
-0.17799999999999994 -4.907915512886163e-07 
-0.17599999999999993 -5.002142025034573e-07 
-0.17399999999999993 -5.08821768163692e-07 
-0.17199999999999993 -5.165991397992897e-07 
-0.16999999999999993 -5.235325928332202e-07 
-0.16799999999999993 -5.296098031237761e-07 
-0.16600000000000004 -5.348198738319709e-07 
-0.16400000000000003 -5.391533455245678e-07 
-0.16200000000000003 -5.426022182675183e-07 
-0.16000000000000003 -5.451599608408131e-07 
-0.15800000000000003 -5.468215191761772e-07 
-0.15600000000000003 -5.475833292356569e-07 
-0.15400000000000003 -5.474433188989991e-07 
-0.15200000000000002 -5.464009135147663e-07 
-0.15000000000000002 -5.44457031348422e-07 
-0.14800000000000002 -5.416140903546918e-07 
-0.14600000000000002 -5.378759949659084e-07 
-0.14400000000000002 -5.332481352038343e-07 
-0.14200000000000002 -5.277373750223191e-07 
-0.14 -5.213520413160921e-07 
-0.138 -5.141019097099075e-07 
-0.136 -5.059981881272435e-07 
-0.134 -4.970534995818454e-07 
-0.132 -4.872818596401984e-07 
-0.13 -4.7669865110844256e-07 
-0.128 -4.65320604714492e-07 
-0.126 -4.531657663564559e-07 
-0.124 -4.4025346790377284e-07 
-0.122 -4.2660429944163525e-07 
-0.12 -4.1224006674944746e-07 
-0.118 -3.971837673200085e-07 
-0.11599999999999999 -3.8145954150969885e-07 
-0.11399999999999999 -3.6509264011996834e-07 
-0.11199999999999999 -3.4810937910023654e-07 
-0.10999999999999999 -3.305371000239532e-07 
-0.10799999999999998 -3.1240412079469593e-07 
-0.10599999999999998 -2.9373969290258373e-07 
-0.10399999999999998 -2.7457395290753084e-07 
-0.10199999999999998 -2.549378714800099e-07 
-0.09999999999999998 -2.348632056614619e-07 
-0.09799999999999998 -2.1438244279803342e-07 
-0.09599999999999997 -1.9352875224587507e-07 
-0.09399999999999997 -1.7233592963794564e-07 
-0.09199999999999997 -1.5083833815321412e-07 
-0.08999999999999997 -1.290708585566236e-07 
-0.08799999999999997 -1.0706882713762411e-07 
-0.08599999999999997 -8.486798241946758e-08 
-0.08399999999999996 -6.250440187649531e-08 
-0.08199999999999996 -4.001444764423212e-08 
-0.07999999999999996 -1.7434706567343028e-08 
-0.07799999999999996 5.198071861833853e-09 
-0.07599999999999996 2.7847034567152207e-08 
-0.07399999999999995 5.047528073287566e-08 
-0.07199999999999995 7.304592941625998e-08 
-0.06999999999999995 9.552217417052589e-08 
-0.06799999999999995 1.1786734244179087e-07 
-0.06599999999999995 1.4004495851871468e-07 
-0.06399999999999995 1.6201880392863188e-07 
-0.061999999999999944 1.8375297117234624e-07 
-0.05999999999999994 2.0521192622968698e-07 
-0.05799999999999994 2.263605654029277e-07 
-0.05599999999999994 2.4716427338145053e-07 
-0.05399999999999994 2.675889774206297e-07 
-0.051999999999999935 2.876012055175181e-07 
-0.04999999999999993 3.0716813970155243e-07 
-0.04799999999999993 3.2625766865912453e-07 
-0.04599999999999993 3.44838444465978e-07 
-0.04399999999999993 3.6287992710715145e-07 
-0.041999999999999926 3.803524387668844e-07 
-0.040000000000000036 3.97227212900475e-07 
-0.038000000000000034 4.1347643819911184e-07 
-0.03600000000000003 4.2907330743968686e-07 
-0.03400000000000003 4.4399205856304746e-07 
-0.03200000000000003 4.582080187498505e-07 
-0.030000000000000027 4.71697643944502e-07 
-0.028000000000000025 4.84438558490119e-07 
-0.026000000000000023 4.964095922099787e-07 
-0.02400000000000002 5.075908141582985e-07 
-0.02200000000000002 5.179635639285252e-07 
-0.020000000000000018 5.275104891788729e-07 
-0.018000000000000016 5.362155647281597e-07 
-0.016000000000000014 5.440641289711223e-07 
-0.014000000000000012 5.510429018640295e-07 
-0.01200000000000001 5.571400086834544e-07 
-0.010000000000000009 5.623450008984676e-07 
-0.008000000000000007 5.66648874045228e-07 
-0.006000000000000005 5.700440828260156e-07 
-0.0040000000000000036 5.725245530996403e-07 
-0.0020000000000000018 5.740856944269623e-07 
0.0 5.747244060660961e-07 
0.0020000000000000018 5.744390867423732e-07 
0.0040000000000000036 5.732296322058517e-07 
0.006000000000000005 5.710974442241223e-07 
0.008000000000000007 5.680454215895026e-07 
0.010000000000000009 5.640779596749468e-07 
0.01200000000000001 5.592009462151992e-07 
0.014000000000000012 5.534217490943405e-07 
0.016000000000000014 5.467492081301373e-07 
0.018000000000000016 5.391936215293214e-07 
0.020000000000000018 5.307667274578876e-07 
0.02200000000000002 5.214816871657035e-07 
0.02400000000000002 5.11353069221343e-07 
0.026000000000000023 5.003968186478858e-07 
0.028000000000000025 4.886302404916165e-07 
0.030000000000000027 4.7607196673737917e-07 
0.03200000000000003 4.62741927442778e-07 
0.03400000000000003 4.486613234266912e-07 
0.03600000000000003 4.33852590298045e-07 
0.038000000000000034 4.183393620404985e-07 
0.040000000000000036 4.0214643681757423e-07 
0.04200000000000004 3.8529973012124685e-07 
0.04400000000000004 3.6782624723841195e-07 
0.04600000000000004 3.4975402352088736e-07 
0.04800000000000004 3.311120941873469e-07 
0.050000000000000044 3.1193043792399067e-07 
0.052000000000000046 2.922399364724271e-07 
0.05400000000000005 2.7207231889647687e-07 
0.05600000000000005 2.514601158409846e-07 
0.05800000000000005 2.3043660402066735e-07 
0.06000000000000005 2.0903575270736496e-07 
0.062000000000000055 1.8729217288182554e-07 
0.06400000000000006 1.6524105728166205e-07 
0.06600000000000006 1.4291812489020117e-07 
0.06800000000000006 1.2035956431510897e-07 
0.07000000000000006 9.760197428043682e-08 
0.07200000000000006 7.468230656115793e-08 
0.07400000000000007 5.163780114614269e-08 
0.07600000000000007 2.8505932947453516e-08 
0.07800000000000007 5.324344076740317e-09 
0.08000000000000007 -1.7869213664312156e-08 
0.08200000000000007 -4.1036939402161465e-08 
0.08400000000000007 -6.414104802843212e-08 
0.08600000000000008 -8.714382815355748e-08 
0.08800000000000008 -1.1000770672175975e-07 
0.09000000000000008 -1.3269531051740557e-07 
0.09200000000000008 -1.5516952378558102e-07 
0.09400000000000008 -1.773935532911608e-07 
0.09600000000000009 -1.9933098549529404e-07 
0.09800000000000009 -2.2094585105936204e-07 
0.10000000000000009 -2.422026775805719e-07 
0.10200000000000009 -2.630665537628474e-07 
0.10400000000000009 -2.835031837067348e-07 
0.1060000000000001 -3.034789476386024e-07 
0.1080000000000001 -3.2296095264783276e-07 
0.1100000000000001 -3.419170907514868e-07 
0.1120000000000001 -3.6031609196296444e-07 
0.1140000000000001 -3.781275759173752e-07 
0.1160000000000001 -3.953221031638421e-07 
0.1180000000000001 -4.118712234602029e-07 
0.1200000000000001 -4.2774752662122495e-07 
0.12200000000000011 -4.4292468603934765e-07 
0.12400000000000011 -4.5737750153929113e-07 
0.1260000000000001 -4.7108194889400323e-07 
0.1280000000000001 -4.840152140195286e-07 
0.13000000000000012 -4.961557346083723e-07 
0.13200000000000012 -5.074832387652606e-07 
0.13400000000000012 -5.179787767595201e-07 
0.13600000000000012 -5.276247566632364e-07 
0.13800000000000012 -5.364049752154543e-07 
0.14000000000000012 -5.443046426911735e-07 
0.14200000000000013 -5.513104149867942e-07 
0.14400000000000013 -5.574104126049306e-07 
0.14600000000000013 -5.625942451903398e-07 
0.14800000000000013 -5.668530300706465e-07 
0.15000000000000013 -5.701794066892418e-07 
0.15200000000000014 -5.725675561452093e-07 
0.15399999999999991 -5.740132072995507e-07 
0.15599999999999992 -5.745136519852423e-07 
0.15799999999999992 -5.740677463395016e-07 
0.15999999999999992 -5.72675916243881e-07 
0.16199999999999992 -5.703401629864047e-07 
0.16399999999999992 -5.67064057155342e-07 
0.16599999999999993 -5.628527389722748e-07 
0.16799999999999993 -5.57712908744179e-07 
0.16999999999999993 -5.516528214233318e-07 
0.17199999999999993 -5.446822748389479e-07 
0.17399999999999993 -5.368125911564547e-07 
0.17599999999999993 -5.280566081067306e-07 
0.17799999999999994 -5.184286532289306e-07 
0.17999999999999994 -5.079445298816765e-07 
0.18199999999999994 -4.966214833812543e-07 
0.18399999999999994 -4.844781834600909e-07 
0.18599999999999994 -4.7153469229233025e-07 
0.18799999999999994 -4.5781243140918804e-07 
0.18999999999999995 -4.4333415205599636e-07 
0.19199999999999995 -4.2812389544621965e-07 
0.19399999999999995 -4.1220696012089775e-07 
0.19599999999999995 -3.956098530988328e-07 
0.19799999999999995 -3.7836025945647833e-07 
0.19999999999999996 -3.604869857065651e-07 
0.20199999999999996 -3.420199240489197e-07 
0.20399999999999996 -3.2298999652624616e-07 
0.20599999999999996 -3.034291103931608e-07 
0.20799999999999996 -2.8337010149481756e-07 
0.20999999999999996 -2.628466836407384e-07 
0.21199999999999997 -2.418933949810409e-07 
0.21399999999999997 -2.2054553716621683e-07 
0.21599999999999997 -1.988391207241591e-07 
0.21799999999999997 -1.768108037758509e-07 
0.21999999999999997 -1.54497834525813e-07 
0.22199999999999998 -1.3193798276134316e-07 
0.22399999999999998 -1.091694861177217e-07 
0.22599999999999998 -8.623097769167032e-08 
0.22799999999999998 -6.31614281987325e-08 
0.22999999999999998 -4.0000076140245255e-08 
0.23199999999999998 -1.678636352142604e-08 
0.23399999999999999 6.440129429741148e-09 
0.236 2.9639754761667803e-08 
0.238 5.2772860859029436e-08 
0.24 7.579986038841469e-08 
0.242 9.868129957624205e-08 
0.244 1.2137792393396296e-07 
0.246 1.4385074631473316e-07 
0.248 1.6606111641337407e-07 
0.25 1.8797078138454992e-07 
0.252 2.095419586733982e-07 
0.254 2.3073739852108588e-07 
0.256 2.5152045091125785e-07 
0.258 2.7185512585514715e-07 
0.26 2.9170616255846937e-07 
0.262 3.110390881522207e-07 
0.264 3.298202763124536e-07 
0.266 3.480170154279705e-07 
0.268 3.655975567840031e-07 
0.27 3.825311797323039e-07 
0.272 3.987882460920744e-07 
0.274 4.1434024605768727e-07 
0.276 4.291598644234895e-07 
0.278 4.432210187754748e-07 
0.28 4.564989118938101e-07 
0.28200000000000003 4.6897007960344794e-07 
0.28400000000000003 4.806124341283358e-07 
0.28600000000000003 4.914053045035338e-07 
0.28800000000000003 5.013294777644894e-07 
0.29000000000000004 5.10367237471776e-07 
0.29200000000000004 5.18502393798137e-07 
0.29400000000000004 5.257203223862916e-07 
0.29600000000000004 5.320079887183304e-07 
0.29800000000000004 5.373539788133819e-07 
0.30000000000000004 5.4174852226474e-07 
0.30200000000000005 5.451835127789906e-07 
0.30400000000000005 5.476525307135383e-07 
0.30600000000000005 5.4915085528906e-07 
0.30800000000000005 5.49675478078715e-07 
0.31000000000000005 5.492251149430416e-07 
0.31200000000000006 5.478002147452088e-07 
0.31400000000000006 5.454029595175491e-07 
0.31600000000000006 5.420372671260942e-07 
0.31800000000000006 5.377087911040412e-07 
0.32000000000000006 5.324249153226823e-07 
0.32200000000000006 5.261947441104198e-07 
0.32400000000000007 5.190290925938257e-07 
0.32600000000000007 5.10940474596211e-07 
0.32800000000000007 5.01943082709122e-07 
0.33000000000000007 4.920527681140374e-07 
0.3320000000000001 4.812870191273078e-07 
0.3340000000000001 4.696649353597149e-07 
0.3360000000000001 4.5720719776820573e-07 
0.3380000000000001 4.4393603698678064e-07 
0.3400000000000001 4.2987519532911023e-07 
0.3420000000000001 4.150498958965798e-07 
0.3440000000000001 3.994867943946101e-07 
0.3460000000000001 3.8321394185691915e-07 
0.3480000000000001 3.6626073471324183e-07 
0.3500000000000001 3.48657867688118e-07 
0.3520000000000001 3.3043728545067985e-07 
0.3540000000000001 3.1163212015072883e-07 
0.3560000000000001 2.9227664721798163e-07 
0.3580000000000001 2.7240621841562174e-07 
0.3600000000000001 2.520572032482793e-07 
0.3620000000000001 2.3126692690056405e-07 
0.3640000000000001 2.1007360809233155e-07 
0.3660000000000001 1.8851628744154247e-07 
0.3680000000000001 1.6663476137823707e-07 
0.3700000000000001 1.4446951205476788e-07 
0.3720000000000001 1.2206163433822748e-07 
0.3740000000000001 9.945276464515262e-08 
0.3760000000000001 7.668500303682768e-08 
0.3780000000000001 5.3800841818066325e-08 
0.3800000000000001 3.084308200507202e-08 
0.3820000000000001 7.854760550318751e-09 
0.3840000000000001 -1.51209304175004e-08 
0.3860000000000001 -3.804072285645832e-08 
0.3880000000000001 -6.086135337368681e-08 
0.3900000000000001 -8.353964560392502e-08 
0.3920000000000001 -1.0603258715491393e-07 
0.39400000000000013 -1.2829741492803581e-07 
0.39600000000000013 -1.5029169299352052e-07 
0.39800000000000013 -1.7197339680086188e-07 
0.40000000000000013 -1.9330099121361854e-07 
0.40200000000000014 -2.1423351209692854e-07 
0.40400000000000014 -2.34730645337633e-07 
0.40600000000000014 -2.5475280782116805e-07 
0.4079999999999999 -2.7426122106710693e-07 
0.4099999999999999 -2.9321799480119815e-07 
0.4119999999999999 -3.1158619628879336e-07 
0.4139999999999999 -3.293299297713048e-07 
0.4159999999999999 -3.4641440668781165e-07 
0.4179999999999999 -3.6280601783955646e-07 
0.41999999999999993 -3.7847240580424213e-07 
0.42199999999999993 -3.933825258317647e-07 
0.42399999999999993 -4.075067192021997e-07 
0.42599999999999993 -4.2081677414929075e-07 
0.42799999999999994 -4.3328598375858007e-07 
0.42999999999999994 -4.448892100272772e-07 
0.43199999999999994 -4.556029346014512e-07 
0.43399999999999994 -4.6540531867256263e-07 
0.43599999999999994 -4.7427624660922874e-07 
0.43799999999999994 -4.821973773605492e-07 
0.43999999999999995 -4.891521915850738e-07 
0.44199999999999995 -4.951260263452717e-07 
0.44399999999999995 -5.001061197940082e-07 
0.44599999999999995 -5.040816386525648e-07 
0.44799999999999995 -5.070437192333799e-07 
0.44999999999999996 -5.089854842044161e-07 
0.45199999999999996 -5.099020757293182e-07 
0.45399999999999996 -5.097906707884903e-07 
0.45599999999999996 -5.086504950568838e-07 
0.45799999999999996 -5.064828439427238e-07 
0.45999999999999996 -5.032910819768865e-07 
0.46199999999999997 -4.99080655247397e-07 
0.46399999999999997 -4.938590830172451e-07 
0.46599999999999997 -4.876359637751015e-07 
0.46799999999999997 -4.80422960080773e-07 
0.47 -4.722337909601748e-07 
0.472 -4.630842126429613e-07 
0.474 -4.529920016871358e-07 
0.476 -4.419769271679641e-07 
0.478 -4.300607275853352e-07 
0.48 -4.1726706978550965e-07 
0.482 -4.036215202063431e-07 
0.484 -3.891514978038302e-07 
0.486 -3.738862340840754e-07 
0.488 -3.5785672070076657e-07 
0.49 -3.4109565483220194e-07 
0.492 -3.2363738788898644e-07 
0.494 -3.0551786134314085e-07 
0.496 -2.8677454022574267e-07 
0.498 -2.674463465135446e-07 
0.5 -2.4757359207150387e-07 
0.502 -2.271978917223194e-07 
0.504 -2.0636209796531801e-07 
0.506 -1.8511020749567564e-07 
0.508 -1.6348728859583161e-07 
0.51 -1.4153937921701498e-07 
0.512 -1.1931340504478527e-07 
0.514 -9.685708435291929e-08 
0.516 -7.421883174707489e-08 
0.518 -5.1447655691205796e-08 
0.52 -2.8593066581095172e-08 
0.522 -5.704963834674004e-09 
0.524 1.7166458921025196e-08 
0.526 3.997082753670611e-08 
0.528 6.265769258995135e-08 
0.53 8.517663585561053e-08 
0.532 1.0747738066196888e-07 
0.534 1.2950990813109797e-07 
0.536 1.5122455854221784e-07 
0.538 1.7257215223498434e-07 
0.54 1.9350409452556505e-07 
0.542 2.1397249239107907e-07 
0.544 2.3393026205020817e-07 
0.546 2.533312426500345e-07 
0.548 2.721302991837149e-07 
0.55 2.9028344439296916e-07 
0.552 3.07747930583524e-07 
0.554 3.244823681969322e-07 
0.556 3.4044682384326563e-07 
0.558 3.556029219975443e-07 
0.56 3.6991394547492007e-07 
0.562 3.833449357948382e-07 
0.5640000000000001 3.9586278144376763e-07 
0.5660000000000001 4.074363151307381e-07 
0.5680000000000001 4.1803639838633444e-07 
0.5700000000000001 4.276360061616913e-07 
0.5720000000000001 4.3621030654250603e-07 
0.5740000000000001 4.4373674201736435e-07 
0.5760000000000001 4.50195095869077e-07 
0.5780000000000001 4.5556756478326577e-07 
0.5800000000000001 4.5983881835631735e-07 
0.5820000000000001 4.6299606126787296e-07 
0.5840000000000001 4.6502908279677513e-07 
0.5860000000000001 4.659303052267916e-07 
0.5880000000000001 4.6569483025393765e-07 
0.5900000000000001 4.6432047096089946e-07 
0.5920000000000001 4.6180778534576916e-07 
0.5940000000000001 4.5816010008081776e-07 
0.5960000000000001 4.5338352894219724e-07 
0.5980000000000001 4.474869836901263e-07 
0.6000000000000001 4.404821869474773e-07 
0.6020000000000001 4.3238366131959083e-07 
0.6040000000000001 4.2320872917223085e-07 
0.6060000000000001 4.129774959782395e-07 
0.6080000000000001 4.01712827891032e-07 
0.6100000000000001 3.894403268756008e-07 
0.6120000000000001 3.7618829362706663e-07 
0.6140000000000001 3.619876858262927e-07 
0.6160000000000001 3.468720666255365e-07 
0.6180000000000001 3.308775542443243e-07 
0.6200000000000001 3.140427542458468e-07 
0.6220000000000001 2.964086867063287e-07 
0.6240000000000001 2.7801871493871033e-07 
0.6260000000000001 2.589184595613858e-07 
0.6280000000000001 2.391557030190228e-07 
0.6300000000000001 2.187802949915607e-07 
0.6320000000000001 1.9784404869938044e-07 
0.6340000000000001 1.7640062788260025e-07 
0.6360000000000001 1.5450542578676618e-07 
0.6380000000000001 1.3221544903352367e-07 
0.6400000000000001 1.0958918084114089e-07 
0.6420000000000001 8.668644957410265e-08 
0.6440000000000001 6.356828174958196e-08 
0.6460000000000001 4.029676037298202e-08 
0.6480000000000001 1.6934874391694166e-08 
0.6500000000000001 -6.453648282445101e-09 
0.6520000000000001 -2.9804490653262405e-08 
0.6540000000000001 -5.305291894686093e-08 
0.6560000000000001 -7.613395003325252e-08 
0.6580000000000001 -9.898252661955098e-08 
0.6600000000000001 -1.215336897786301e-07 
0.6620000000000001 -1.437227654665918e-07 
0.6640000000000001 -1.6548553527506726e-07 
0.6659999999999999 -1.867584293879787e-07 
0.6679999999999999 -2.0747870910220456e-07 
0.6699999999999999 -2.275846515686908e-07 
0.6719999999999999 -2.47015736309919e-07 
0.6739999999999999 -2.6571283462395456e-07 
0.6759999999999999 -2.836183943255577e-07 
0.6779999999999999 -3.00676626707741e-07 
0.6799999999999999 -3.1683368839630077e-07 
0.6819999999999999 -3.3203786653501766e-07 
0.6839999999999999 -3.462397553111174e-07 
0.6859999999999999 -3.5939244225069444e-07 
0.688 -3.7145166409402464e-07 
0.69 -3.8237599220281027e-07 
0.692 -3.9212698865753737e-07 
0.694 -4.006693672398143e-07 
0.696 -4.0797114686519365e-07 
0.698 -4.140037981326117e-07 
0.7 -4.1874237988182017e-07 
0.702 -4.2216567686104156e-07 
0.704 -4.2425631852083256e-07 
0.706 -4.250008929229665e-07 
0.708 -4.2439005820682496e-07 
0.71 -4.22418632961552e-07 
0.712 -4.190856812691379e-07 
0.714 -4.143945859791387e-07 
0.716 -4.0835311909681593e-07 
0.718 -4.00973479308675e-07 
0.72 -3.9227233705751985e-07 
0.722 -3.8227085896735957e-07 
0.724 -3.7099471494883574e-07 
0.726 -3.5847408108580225e-07 
0.728 -3.447436167647311e-07 
0.73 -3.2984243403255675e-07 
0.732 -3.138140549641122e-07 
0.734 -2.9670634016376596e-07 
0.736 -2.785714185993271e-07 
0.738 -2.5946558857015134e-07 
0.74 -2.3944920979346307e-07 
0.742 -2.185865781711982e-07 
0.744 -1.9694577657602963e-07 
0.746 -1.745985231949021e-07 
0.748 -1.5161998878632232e-07 
0.75 -1.2808860860857862e-07 
0.752 -1.0408587169941086e-07 
0.754 -7.969609572278102e-08 
0.756 -5.5006190269324406e-08 
0.758 -3.010538951464525e-08 
0.76 -5.084990428727565e-09 
0.762 1.9961940767032615e-08 
0.764 4.494086836004385e-08 
0.766 6.975609956327844e-08 
0.768 9.431112801827624e-08 
0.77 1.1850895798026784e-07 
0.772 1.4225247202404034e-07 
0.774 1.654447894239297e-07 
0.776 1.8798964962485343e-07 
0.778 2.0979179549129867e-07 
0.78 2.3075735988697943e-07 
0.782 2.5079428223051536e-07 
0.784 2.698127001821149e-07 
0.786 2.8772537508103824e-07 
0.788 3.0444810006358125e-07 
0.79 3.1990011928328954e-07 
0.792 3.340045497957078e-07 
0.794 3.466887958936127e-07 
0.796 3.578849634422454e-07 
0.798 3.675302666650282e-07 
0.8 3.7556744025835087e-07 
0.802 3.8194512752554033e-07 
0.804 3.866182667344731e-07 
0.806 3.8954846504068996e-07 
0.808 3.907043533146748e-07 
0.81 3.900619334196165e-07 
0.812 3.876048970674617e-07 
0.8140000000000001 3.8332492513504235e-07 
0.8160000000000001 3.772219732134374e-07 
0.8180000000000001 3.693045163011277e-07 
0.8200000000000001 3.5958977839811723e-07 
0.8220000000000001 3.4810392390838274e-07 
0.8240000000000001 3.3488221884425684e-07 
0.8260000000000001 3.199691600563881e-07 
0.8280000000000001 3.0341854939663904e-07 
0.8300000000000001 2.852935603314677e-07 
0.8320000000000001 2.656667286160541e-07 
0.8340000000000001 2.446199149908068e-07 
0.8360000000000001 2.2224421236671787e-07 
0.8380000000000001 1.9863981748358128e-07 
0.8400000000000001 1.739158337343838e-07 
0.8420000000000001 1.481900269162395e-07 
0.8440000000000001 1.215885303551545e-07 
0.8460000000000001 9.424547897651792e-08 
0.8480000000000001 6.630259630213686e-08 
0.8500000000000001 3.790871394571127e-08 
0.8520000000000001 9.21923293262239e-09 
0.8540000000000001 -1.9604493139979695e-08 
0.8560000000000001 -4.8395806917511663e-08 
0.8580000000000001 -7.698351067730869e-08 
0.8600000000000001 -1.051926448170093e-07 
0.8620000000000001 -1.3284537114799377e-07 
0.8640000000000001 -1.597618948245838e-07 
0.8660000000000001 -1.8576147287063804e-07 
0.8680000000000001 -2.1066347022369314e-07 
0.8700000000000001 -2.3428848372475386e-07 
0.8720000000000001 -2.564595327214647e-07 
0.8740000000000001 -2.7700329896518383e-07 
0.8760000000000001 -2.957514251278326e-07 
0.8780000000000001 -3.1254186083629065e-07 
0.8800000000000001 -3.2722026466203147e-07 
0.8820000000000001 -3.3964143719700246e-07 
0.8840000000000001 -3.4967079631798015e-07 
0.8860000000000001 -3.571858755435642e-07 
0.8880000000000001 -3.620778561419513e-07 
0.8900000000000001 -3.6425309746235257e-07 
0.8920000000000001 -3.636346814772651e-07 
0.8940000000000001 -3.6016394400206764e-07 
0.8960000000000001 -3.5380199481238606e-07 
0.8980000000000001 -3.4453120756339217e-07 
0.9000000000000001 -3.3235664265163223e-07 
0.9020000000000001 -3.173074429874134e-07 
0.9040000000000001 -2.994381360643672e-07 
0.9060000000000001 -2.7882982456262084e-07 
0.9080000000000001 -2.555913014568034e-07 
0.9100000000000001 -2.2985998082702963e-07 
0.9120000000000001 -2.0180270876579698e-07 
0.9140000000000001 -1.7161635712525936e-07 
0.9160000000000001 -1.3952823607610298e-07 
0.9180000000000001 -1.0579622866657701e-07 
0.9199999999999999 -7.070868557335075e-08 
0.9219999999999999 -3.4583983676839125e-08 
0.9239999999999999 2.2302288904541e-09 
0.9259999999999999 3.935820203082585e-08 
0.9279999999999999 7.639764953992767e-08 
0.9299999999999999 1.1292180035482602e-07 
0.9319999999999999 1.4848195473149417e-07 
0.9339999999999999 1.8261060974467114e-07 
0.9359999999999999 2.1482520651261439e-07 
0.938 2.4463254000295365e-07 
0.94 2.715339251224691e-07 
0.942 2.950311497329494e-07 
0.944 3.146332976378119e-07 
0.946 3.298645059324201e-07 
0.948 3.402727637435987e-07 
0.95 3.45439777227341e-07 
0.952 3.4499203849236437e-07 
0.954 3.3861316284244936e-07 
0.956 3.260575986985259e-07 
0.958 3.0716580079470646e-07 
0.96 2.8188098166737063e-07 
0.962 2.5026756311774534e-07 
0.964 2.125314222389818e-07 
0.966 1.6904207633672286e-07 
0.968 1.2035691776546287e-07 
0.97 6.724767276367061e-08 
0.972 1.0729183319568847e-08 
0.974 -4.790929963860435e-08 
0.976 -1.070701745042868e-07 
0.978 -1.648107197382842e-07 
0.98 -2.188033110250842e-07 
0.982 -2.662924702967473e-07 
0.984 -3.0404852191523446e-07 
0.986 -3.2831766638707904e-07 
0.988 -3.3476826333256327e-07 
0.99 -3.1843308345713695e-07 
0.992 -2.7364732346768506e-07 
0.994 -1.939821006047282e-07 
0.996 -7.217322339769794e-08 
0.998 9.995509131499603e-08 
