-1.0 1.1324274851176597e-14 
-0.998 5.329070518200751e-15 
-0.996 5.551115123125783e-16 
-0.994 -2.7755575615628914e-15 
-0.992 -5.10702591327572e-15 
-0.99 -6.994405055138486e-15 
-0.988 -7.549516567451064e-15 
-0.986 -7.771561172376096e-15 
-0.984 -7.216449660063518e-15 
-0.982 -7.105427357601002e-15 
-0.98 -6.217248937900877e-15 
-0.978 -5.329070518200751e-15 
-0.976 -4.440892098500626e-15 
-0.974 -3.4416913763379853e-15 
-0.972 -2.220446049250313e-15 
-0.97 -1.2212453270876722e-15 
-0.968 -3.3306690738754696e-16 
-0.966 3.3306690738754696e-16 
-0.964 1.4432899320127035e-15 
-0.962 1.9984014443252818e-15 
-0.96 2.1094237467877974e-15 
-0.958 2.4424906541753444e-15 
-0.956 2.7755575615628914e-15 
-0.954 2.7755575615628914e-15 
-0.952 2.886579864025407e-15 
-0.95 2.886579864025407e-15 
-0.948 2.7755575615628914e-15 
-0.946 2.6645352591003757e-15 
-0.944 1.9984014443252818e-15 
-0.942 1.6653345369377348e-15 
-0.94 1.3322676295501878e-15 
-0.938 6.661338147750939e-16 
-0.9359999999999999 6.661338147750939e-16 
-0.9339999999999999 2.220446049250313e-16 
-0.9319999999999999 -2.220446049250313e-16 
-0.9299999999999999 -3.3306690738754696e-16 
-0.9279999999999999 -9.992007221626409e-16 
-0.926 -9.992007221626409e-16 
-0.924 -1.7763568394002505e-15 
-0.922 -1.6653345369377348e-15 
-0.92 -1.887379141862766e-15 
-0.918 -2.220446049250313e-15 
-0.916 -2.1094237467877974e-15 
-0.914 -2.220446049250313e-15 
-0.912 -2.3314683517128287e-15 
-0.91 -2.220446049250313e-15 
-0.908 -2.1094237467877974e-15 
-0.906 -1.887379141862766e-15 
-0.904 -1.9984014443252818e-15 
-0.902 -1.6653345369377348e-15 
-0.9 -1.5543122344752192e-15 
-0.898 -1.5543122344752192e-15 
-0.896 -1.1102230246251565e-15 
-0.894 -8.881784197001252e-16 
-0.892 -5.551115123125783e-16 
-0.89 -3.3306690738754696e-16 
-0.888 4.440892098500626e-16 
-0.886 2.220446049250313e-16 
-0.884 6.661338147750939e-16 
-0.882 8.881784197001252e-16 
-0.88 9.992007221626409e-16 
-0.878 1.1102230246251565e-15 
-0.876 1.4432899320127035e-15 
-0.874 1.6653345369377348e-15 
-0.872 1.4432899320127035e-15 
-0.87 1.887379141862766e-15 
-0.868 1.6653345369377348e-15 
-0.866 2.220446049250313e-15 
-0.864 1.887379141862766e-15 
-0.862 1.887379141862766e-15 
-0.86 2.220446049250313e-15 
-0.858 2.220446049250313e-15 
-0.856 1.7763568394002505e-15 
-0.854 1.4432899320127035e-15 
-0.852 1.6653345369377348e-15 
-0.85 9.992007221626409e-16 
-0.848 1.3322676295501878e-15 
-0.846 1.3322676295501878e-15 
-0.844 1.2212453270876722e-15 
-0.842 6.661338147750939e-16 
-0.84 6.661338147750939e-16 
-0.838 5.551115123125783e-16 
-0.836 2.220446049250313e-16 
-0.834 -2.220446049250313e-16 
-0.832 -4.440892098500626e-16 
-0.83 -1.1102230246251565e-16 
-0.828 -7.771561172376096e-16 
-0.826 -7.771561172376096e-16 
-0.8240000000000001 -7.771561172376096e-16 
-0.8220000000000001 -1.4432899320127035e-15 
-0.8200000000000001 -1.2212453270876722e-15 
-0.8180000000000001 -1.7763568394002505e-15 
-0.8160000000000001 -1.887379141862766e-15 
-0.8140000000000001 -1.887379141862766e-15 
-0.812 -1.6653345369377348e-15 
-0.81 -2.1094237467877974e-15 
-0.808 -2.1094237467877974e-15 
-0.806 -2.3314683517128287e-15 
-0.804 -2.220446049250313e-15 
-0.802 -2.3314683517128287e-15 
-0.8 -2.6645352591003757e-15 
-0.798 -2.55351295663786e-15 
-0.796 -2.55351295663786e-15 
-0.794 -2.55351295663786e-15 
-0.792 -2.4424906541753444e-15 
-0.79 -2.220446049250313e-15 
-0.788 -2.4424906541753444e-15 
-0.786 -2.1094237467877974e-15 
-0.784 -2.220446049250313e-15 
-0.782 -1.7763568394002505e-15 
-0.78 -1.887379141862766e-15 
-0.778 -1.7763568394002505e-15 
-0.776 -1.6653345369377348e-15 
-0.774 -1.2212453270876722e-15 
-0.772 -1.2212453270876722e-15 
-0.77 -7.771561172376096e-16 
-0.768 -6.661338147750939e-16 
-0.766 -1.1102230246251565e-16 
-0.764 0.0 
-0.762 2.220446049250313e-16 
-0.76 0.0 
-0.758 3.3306690738754696e-16 
-0.756 4.440892098500626e-16 
-0.754 6.661338147750939e-16 
-0.752 1.2212453270876722e-15 
-0.75 7.771561172376096e-16 
-0.748 1.2212453270876722e-15 
-0.746 1.4432899320127035e-15 
-0.744 1.6653345369377348e-15 
-0.742 1.7763568394002505e-15 
-0.74 1.4432899320127035e-15 
-0.738 2.220446049250313e-15 
-0.736 2.220446049250313e-15 
-0.734 2.4424906541753444e-15 
-0.732 2.4424906541753444e-15 
-0.73 2.55351295663786e-15 
-0.728 2.55351295663786e-15 
-0.726 2.55351295663786e-15 
-0.724 2.55351295663786e-15 
-0.722 2.4424906541753444e-15 
-0.72 2.6645352591003757e-15 
-0.718 2.7755575615628914e-15 
-0.716 2.6645352591003757e-15 
-0.714 2.4424906541753444e-15 
-0.712 2.4424906541753444e-15 
-0.71 2.886579864025407e-15 
-0.708 2.220446049250313e-15 
-0.706 1.7763568394002505e-15 
-0.704 1.9984014443252818e-15 
-0.702 2.1094237467877974e-15 
-0.7 2.220446049250313e-15 
-0.698 1.6653345369377348e-15 
-0.696 1.7763568394002505e-15 
-0.694 1.9984014443252818e-15 
-0.692 1.2212453270876722e-15 
-0.69 1.2212453270876722e-15 
-0.688 1.3322676295501878e-15 
-0.6859999999999999 1.3322676295501878e-15 
-0.6839999999999999 1.2212453270876722e-15 
-0.6819999999999999 9.992007221626409e-16 
-0.6799999999999999 5.551115123125783e-16 
-0.6779999999999999 5.551115123125783e-16 
-0.6759999999999999 5.551115123125783e-16 
-0.6739999999999999 4.440892098500626e-16 
-0.6719999999999999 3.3306690738754696e-16 
-0.6699999999999999 0.0 
-0.6679999999999999 1.1102230246251565e-16 
-0.6659999999999999 -3.3306690738754696e-16 
-0.6639999999999999 -2.220446049250313e-16 
-0.6619999999999999 -1.1102230246251565e-16 
-0.6599999999999999 -3.3306690738754696e-16 
-0.6579999999999999 -4.440892098500626e-16 
-0.6559999999999999 -3.3306690738754696e-16 
-0.6539999999999999 -4.440892098500626e-16 
-0.6519999999999999 -6.661338147750939e-16 
-0.6499999999999999 -7.771561172376096e-16 
-0.648 -8.881784197001252e-16 
-0.646 -5.551115123125783e-16 
-0.644 -7.771561172376096e-16 
-0.642 -7.771561172376096e-16 
-0.64 -4.440892098500626e-16 
-0.638 -5.551115123125783e-16 
-0.636 -5.551115123125783e-16 
-0.634 -3.3306690738754696e-16 
-0.632 -2.220446049250313e-16 
-0.63 -5.551115123125783e-16 
-0.628 -3.3306690738754696e-16 
-0.626 1.1102230246251565e-16 
-0.624 -2.220446049250313e-16 
-0.622 0.0 
-0.62 0.0 
-0.618 2.220446049250313e-16 
-0.616 6.661338147750939e-16 
-0.614 4.440892098500626e-16 
-0.612 2.220446049250313e-16 
-0.61 5.551115123125783e-16 
-0.608 8.881784197001252e-16 
-0.606 7.771561172376096e-16 
-0.604 8.881784197001252e-16 
-0.602 9.992007221626409e-16 
-0.6 1.1102230246251565e-15 
-0.598 1.2212453270876722e-15 
-0.596 1.2212453270876722e-15 
-0.594 1.6653345369377348e-15 
-0.592 1.7763568394002505e-15 
-0.59 1.7763568394002505e-15 
-0.588 1.7763568394002505e-15 
-0.586 2.1094237467877974e-15 
-0.584 1.887379141862766e-15 
-0.5820000000000001 2.3314683517128287e-15 
-0.5800000000000001 2.1094237467877974e-15 
-0.5780000000000001 2.220446049250313e-15 
-0.5760000000000001 2.4424906541753444e-15 
-0.5740000000000001 2.7755575615628914e-15 
-0.5720000000000001 2.220446049250313e-15 
-0.5700000000000001 2.220446049250313e-15 
-0.5680000000000001 2.3314683517128287e-15 
-0.5660000000000001 2.220446049250313e-15 
-0.5640000000000001 2.55351295663786e-15 
-0.562 2.3314683517128287e-15 
-0.56 2.220446049250313e-15 
-0.558 2.1094237467877974e-15 
-0.556 2.1094237467877974e-15 
-0.554 2.220446049250313e-15 
-0.552 2.220446049250313e-15 
-0.55 2.220446049250313e-15 
-0.548 1.7763568394002505e-15 
-0.546 1.5543122344752192e-15 
-0.544 1.6653345369377348e-15 
-0.542 1.5543122344752192e-15 
-0.54 1.5543122344752192e-15 
-0.538 1.3322676295501878e-15 
-0.536 1.1102230246251565e-15 
-0.534 9.992007221626409e-16 
-0.532 8.881784197001252e-16 
-0.53 3.3306690738754696e-16 
-0.528 3.3306690738754696e-16 
-0.526 1.1102230246251565e-16 
-0.524 1.1102230246251565e-16 
-0.522 -1.1102230246251565e-16 
-0.52 -5.551115123125783e-16 
-0.518 -7.771561172376096e-16 
-0.516 -9.992007221626409e-16 
-0.514 -1.2212453270876722e-15 
-0.512 -1.4432899320127035e-15 
-0.51 -1.3322676295501878e-15 
-0.508 -1.7763568394002505e-15 
-0.506 -1.7763568394002505e-15 
-0.504 -2.3314683517128287e-15 
-0.502 -2.55351295663786e-15 
-0.5 -2.55351295663786e-15 
-0.498 -2.55351295663786e-15 
-0.496 -3.219646771412954e-15 
-0.494 -3.3306690738754696e-15 
-0.492 -3.3306690738754696e-15 
-0.49 -3.6637359812630166e-15 
-0.488 -3.9968028886505635e-15 
-0.486 -3.885780586188048e-15 
-0.484 -4.3298697960381105e-15 
-0.482 -4.440892098500626e-15 
-0.48 -4.551914400963142e-15 
-0.478 -4.6629367034256575e-15 
-0.476 -4.440892098500626e-15 
-0.474 -4.773959005888173e-15 
-0.472 -4.9960036108132044e-15 
-0.47 -4.9960036108132044e-15 
-0.46799999999999997 -4.9960036108132044e-15 
-0.46599999999999997 -4.9960036108132044e-15 
-0.46399999999999997 -5.10702591327572e-15 
-0.46199999999999997 -5.218048215738236e-15 
-0.45999999999999996 -5.10702591327572e-15 
-0.45799999999999996 -5.218048215738236e-15 
-0.45599999999999996 -5.551115123125783e-15 
-0.45399999999999996 -5.218048215738236e-15 
-0.45199999999999996 -5.329070518200751e-15 
-0.44999999999999996 -5.329070518200751e-15 
-0.44799999999999995 -5.329070518200751e-15 
-0.44599999999999995 -5.218048215738236e-15 
-0.44399999999999995 -5.10702591327572e-15 
-0.44199999999999995 -5.10702591327572e-15 
-0.43999999999999995 -4.884981308350689e-15 
-0.43799999999999994 -4.6629367034256575e-15 
-0.43599999999999994 -4.773959005888173e-15 
-0.43399999999999994 -4.6629367034256575e-15 
-0.43199999999999994 -4.6629367034256575e-15 
-0.42999999999999994 -4.3298697960381105e-15 
-0.42799999999999994 -3.9968028886505635e-15 
-0.42599999999999993 -3.774758283725532e-15 
-0.42399999999999993 -3.885780586188048e-15 
-0.42200000000000004 -3.6637359812630166e-15 
-0.42000000000000004 -3.4416913763379853e-15 
-0.41800000000000004 -3.4416913763379853e-15 
-0.41600000000000004 -3.3306690738754696e-15 
-0.41400000000000003 -2.6645352591003757e-15 
-0.41200000000000003 -2.55351295663786e-15 
-0.41000000000000003 -2.220446049250313e-15 
-0.40800000000000003 -2.220446049250313e-15 
-0.406 -2.1094237467877974e-15 
-0.404 -1.887379141862766e-15 
-0.402 -1.7763568394002505e-15 
-0.4 -1.2212453270876722e-15 
-0.398 -8.881784197001252e-16 
-0.396 -8.881784197001252e-16 
-0.394 -6.661338147750939e-16 
-0.392 -2.220446049250313e-16 
-0.39 -3.3306690738754696e-16 
-0.388 1.1102230246251565e-16 
-0.386 1.1102230246251565e-16 
-0.384 9.992007221626409e-16 
-0.382 6.661338147750939e-16 
-0.38 1.2212453270876722e-15 
-0.378 1.1102230246251565e-15 
-0.376 1.4432899320127035e-15 
-0.374 1.5543122344752192e-15 
-0.372 1.887379141862766e-15 
-0.37 1.7763568394002505e-15 
-0.368 2.220446049250313e-15 
-0.366 2.1094237467877974e-15 
-0.364 2.6645352591003757e-15 
-0.362 2.7755575615628914e-15 
-0.36 2.6645352591003757e-15 
-0.358 2.7755575615628914e-15 
-0.356 3.219646771412954e-15 
-0.354 2.9976021664879227e-15 
-0.352 3.219646771412954e-15 
-0.35 3.4416913763379853e-15 
-0.348 3.552713678800501e-15 
-0.346 3.4416913763379853e-15 
-0.344 3.6637359812630166e-15 
-0.34199999999999997 3.552713678800501e-15 
-0.33999999999999997 3.3306690738754696e-15 
-0.33799999999999997 3.219646771412954e-15 
-0.33599999999999997 3.3306690738754696e-15 
-0.33399999999999996 3.219646771412954e-15 
-0.33199999999999996 3.4416913763379853e-15 
-0.32999999999999996 3.885780586188048e-15 
-0.32799999999999996 3.885780586188048e-15 
-0.32599999999999996 3.552713678800501e-15 
-0.32399999999999995 3.4416913763379853e-15 
-0.32199999999999995 3.6637359812630166e-15 
-0.31999999999999995 3.219646771412954e-15 
-0.31799999999999995 3.3306690738754696e-15 
-0.31599999999999995 3.1086244689504383e-15 
-0.31399999999999995 3.1086244689504383e-15 
-0.31199999999999994 3.3306690738754696e-15 
-0.30999999999999994 3.1086244689504383e-15 
-0.30799999999999994 2.886579864025407e-15 
-0.30599999999999994 2.9976021664879227e-15 
-0.30399999999999994 2.6645352591003757e-15 
-0.30199999999999994 2.4424906541753444e-15 
-0.29999999999999993 2.3314683517128287e-15 
-0.29799999999999993 2.1094237467877974e-15 
-0.29600000000000004 2.220446049250313e-15 
-0.29400000000000004 2.1094237467877974e-15 
-0.29200000000000004 1.7763568394002505e-15 
-0.29000000000000004 1.6653345369377348e-15 
-0.28800000000000003 1.3322676295501878e-15 
-0.28600000000000003 1.2212453270876722e-15 
-0.28400000000000003 1.2212453270876722e-15 
-0.28200000000000003 8.881784197001252e-16 
-0.28 6.661338147750939e-16 
-0.278 6.661338147750939e-16 
-0.276 5.551115123125783e-16 
-0.274 4.440892098500626e-16 
-0.272 3.3306690738754696e-16 
-0.27 0.0 
-0.268 2.220446049250313e-16 
-0.266 -4.440892098500626e-16 
-0.264 -4.440892098500626e-16 
-0.262 -8.881784197001252e-16 
-0.26 -6.661338147750939e-16 
-0.258 -6.661338147750939e-16 
-0.256 -8.881784197001252e-16 
-0.254 -7.771561172376096e-16 
-0.252 -9.992007221626409e-16 
-0.25 -1.3322676295501878e-15 
-0.248 -1.2212453270876722e-15 
-0.246 -1.4432899320127035e-15 
-0.244 -1.4432899320127035e-15 
-0.242 -1.5543122344752192e-15 
-0.24 -1.5543122344752192e-15 
-0.238 -1.6653345369377348e-15 
-0.236 -1.887379141862766e-15 
-0.23399999999999999 -1.887379141862766e-15 
-0.23199999999999998 -1.5543122344752192e-15 
-0.22999999999999998 -1.887379141862766e-15 
-0.22799999999999998 -1.6653345369377348e-15 
-0.22599999999999998 -1.9984014443252818e-15 
-0.22399999999999998 -1.887379141862766e-15 
-0.22199999999999998 -1.6653345369377348e-15 
-0.21999999999999997 -1.887379141862766e-15 
-0.21799999999999997 -1.9984014443252818e-15 
-0.21599999999999997 -1.6653345369377348e-15 
-0.21399999999999997 -1.4432899320127035e-15 
-0.21199999999999997 -1.887379141862766e-15 
-0.20999999999999996 -1.7763568394002505e-15 
-0.20799999999999996 -1.887379141862766e-15 
-0.20599999999999996 -1.7763568394002505e-15 
-0.20399999999999996 -1.5543122344752192e-15 
-0.20199999999999996 -1.4432899320127035e-15 
-0.19999999999999996 -1.5543122344752192e-15 
-0.19799999999999995 -1.6653345369377348e-15 
-0.19599999999999995 -1.3322676295501878e-15 
-0.19399999999999995 -8.881784197001252e-16 
-0.19199999999999995 -1.1102230246251565e-15 
-0.18999999999999995 -1.1102230246251565e-15 
-0.18799999999999994 -1.1102230246251565e-15 
-0.18599999999999994 -8.881784197001252e-16 
-0.18399999999999994 -9.992007221626409e-16 
-0.18199999999999994 -6.661338147750939e-16 
-0.17999999999999994 -2.220446049250313e-16 
-0.17799999999999994 -2.220446049250313e-16 
-0.17599999999999993 -2.220446049250313e-16 
-0.17399999999999993 -1.1102230246251565e-16 
-0.17199999999999993 1.1102230246251565e-16 
-0.16999999999999993 2.220446049250313e-16 
-0.16799999999999993 0.0 
-0.16600000000000004 2.220446049250313e-16 
-0.16400000000000003 3.3306690738754696e-16 
-0.16200000000000003 6.661338147750939e-16 
-0.16000000000000003 6.661338147750939e-16 
-0.15800000000000003 7.771561172376096e-16 
-0.15600000000000003 3.3306690738754696e-16 
-0.15400000000000003 8.881784197001252e-16 
-0.15200000000000002 1.1102230246251565e-15 
-0.15000000000000002 1.2212453270876722e-15 
-0.14800000000000002 1.6653345369377348e-15 
-0.14600000000000002 1.3322676295501878e-15 
-0.14400000000000002 1.4432899320127035e-15 
-0.14200000000000002 1.5543122344752192e-15 
-0.14 1.4432899320127035e-15 
-0.138 1.5543122344752192e-15 
-0.136 1.9984014443252818e-15 
-0.134 2.1094237467877974e-15 
-0.132 1.887379141862766e-15 
-0.13 2.220446049250313e-15 
-0.128 1.9984014443252818e-15 
-0.126 1.9984014443252818e-15 
-0.124 2.1094237467877974e-15 
-0.122 2.1094237467877974e-15 
-0.12 1.887379141862766e-15 
-0.118 1.9984014443252818e-15 
-0.11599999999999999 1.9984014443252818e-15 
-0.11399999999999999 2.3314683517128287e-15 
-0.11199999999999999 2.1094237467877974e-15 
-0.10999999999999999 1.887379141862766e-15 
-0.10799999999999998 2.220446049250313e-15 
-0.10599999999999998 2.1094237467877974e-15 
-0.10399999999999998 1.7763568394002505e-15 
-0.10199999999999998 1.7763568394002505e-15 
-0.09999999999999998 2.1094237467877974e-15 
-0.09799999999999998 1.887379141862766e-15 
-0.09599999999999997 1.9984014443252818e-15 
-0.09399999999999997 1.6653345369377348e-15 
-0.09199999999999997 1.7763568394002505e-15 
-0.08999999999999997 1.4432899320127035e-15 
-0.08799999999999997 1.4432899320127035e-15 
-0.08599999999999997 1.4432899320127035e-15 
-0.08399999999999996 9.992007221626409e-16 
-0.08199999999999996 1.1102230246251565e-15 
-0.07999999999999996 1.2212453270876722e-15 
-0.07799999999999996 1.1102230246251565e-15 
-0.07599999999999996 8.881784197001252e-16 
-0.07399999999999995 6.661338147750939e-16 
-0.07199999999999995 4.440892098500626e-16 
-0.06999999999999995 4.440892098500626e-16 
-0.06799999999999995 4.440892098500626e-16 
-0.06599999999999995 1.1102230246251565e-16 
-0.06399999999999995 0.0 
-0.061999999999999944 -1.1102230246251565e-16 
-0.05999999999999994 -3.3306690738754696e-16 
-0.05799999999999994 -4.440892098500626e-16 
-0.05599999999999994 -4.440892098500626e-16 
-0.05399999999999994 -5.551115123125783e-16 
-0.051999999999999935 -7.771561172376096e-16 
-0.04999999999999993 -8.881784197001252e-16 
-0.04799999999999993 -1.3322676295501878e-15 
-0.04599999999999993 -1.3322676295501878e-15 
-0.04399999999999993 -1.4432899320127035e-15 
-0.041999999999999926 -1.6653345369377348e-15 
-0.040000000000000036 -1.6653345369377348e-15 
-0.038000000000000034 -1.6653345369377348e-15 
-0.03600000000000003 -1.9984014443252818e-15 
-0.03400000000000003 -2.1094237467877974e-15 
-0.03200000000000003 -2.3314683517128287e-15 
-0.030000000000000027 -2.55351295663786e-15 
-0.028000000000000025 -2.55351295663786e-15 
-0.026000000000000023 -2.55351295663786e-15 
-0.02400000000000002 -2.7755575615628914e-15 
-0.02200000000000002 -2.7755575615628914e-15 
-0.020000000000000018 -2.7755575615628914e-15 
-0.018000000000000016 -2.9976021664879227e-15 
-0.016000000000000014 -3.1086244689504383e-15 
-0.014000000000000012 -2.886579864025407e-15 
-0.01200000000000001 -3.1086244689504383e-15 
-0.010000000000000009 -3.4416913763379853e-15 
-0.008000000000000007 -3.4416913763379853e-15 
-0.006000000000000005 -3.552713678800501e-15 
-0.0040000000000000036 -3.552713678800501e-15 
-0.0020000000000000018 -3.6637359812630166e-15 
0.0 -3.774758283725532e-15 
0.0020000000000000018 -3.6637359812630166e-15 
0.0040000000000000036 -3.774758283725532e-15 
0.006000000000000005 -3.774758283725532e-15 
0.008000000000000007 -3.6637359812630166e-15 
0.010000000000000009 -3.6637359812630166e-15 
0.01200000000000001 -3.552713678800501e-15 
0.014000000000000012 -3.552713678800501e-15 
0.016000000000000014 -3.3306690738754696e-15 
0.018000000000000016 -3.4416913763379853e-15 
0.020000000000000018 -3.885780586188048e-15 
0.02200000000000002 -3.6637359812630166e-15 
0.02400000000000002 -3.6637359812630166e-15 
0.026000000000000023 -3.219646771412954e-15 
0.028000000000000025 -3.4416913763379853e-15 
0.030000000000000027 -3.219646771412954e-15 
0.03200000000000003 -3.219646771412954e-15 
0.03400000000000003 -3.4416913763379853e-15 
0.03600000000000003 -3.1086244689504383e-15 
0.038000000000000034 -3.219646771412954e-15 
0.040000000000000036 -2.9976021664879227e-15 
0.04200000000000004 -2.9976021664879227e-15 
0.04400000000000004 -2.55351295663786e-15 
0.04600000000000004 -2.4424906541753444e-15 
0.04800000000000004 -2.6645352591003757e-15 
0.050000000000000044 -2.6645352591003757e-15 
0.052000000000000046 -2.55351295663786e-15 
0.05400000000000005 -2.220446049250313e-15 
0.05600000000000005 -2.3314683517128287e-15 
0.05800000000000005 -2.220446049250313e-15 
0.06000000000000005 -2.1094237467877974e-15 
0.062000000000000055 -1.6653345369377348e-15 
0.06400000000000006 -1.5543122344752192e-15 
0.06600000000000006 -1.6653345369377348e-15 
0.06800000000000006 -1.5543122344752192e-15 
0.07000000000000006 -1.3322676295501878e-15 
0.07200000000000006 -1.2212453270876722e-15 
0.07400000000000007 -1.1102230246251565e-15 
0.07600000000000007 -8.881784197001252e-16 
0.07800000000000007 -6.661338147750939e-16 
0.08000000000000007 -8.881784197001252e-16 
0.08200000000000007 -6.661338147750939e-16 
0.08400000000000007 -5.551115123125783e-16 
0.08600000000000008 0.0 
0.08800000000000008 -1.1102230246251565e-16 
0.09000000000000008 -1.1102230246251565e-16 
0.09200000000000008 2.220446049250313e-16 
0.09400000000000008 1.1102230246251565e-16 
0.09600000000000009 2.220446049250313e-16 
0.09800000000000009 1.1102230246251565e-16 
0.10000000000000009 4.440892098500626e-16 
0.10200000000000009 4.440892098500626e-16 
0.10400000000000009 4.440892098500626e-16 
0.1060000000000001 5.551115123125783e-16 
0.1080000000000001 1.1102230246251565e-15 
0.1100000000000001 7.771561172376096e-16 
0.1120000000000001 8.881784197001252e-16 
0.1140000000000001 1.1102230246251565e-15 
0.1160000000000001 1.1102230246251565e-15 
0.1180000000000001 1.3322676295501878e-15 
0.1200000000000001 1.4432899320127035e-15 
0.12200000000000011 1.6653345369377348e-15 
0.12400000000000011 1.5543122344752192e-15 
0.1260000000000001 1.4432899320127035e-15 
0.1280000000000001 1.5543122344752192e-15 
0.13000000000000012 1.4432899320127035e-15 
0.13200000000000012 1.4432899320127035e-15 
0.13400000000000012 1.887379141862766e-15 
0.13600000000000012 1.7763568394002505e-15 
0.13800000000000012 1.5543122344752192e-15 
0.14000000000000012 1.6653345369377348e-15 
0.14200000000000013 1.6653345369377348e-15 
0.14400000000000013 1.887379141862766e-15 
0.14600000000000013 1.7763568394002505e-15 
0.14800000000000013 1.7763568394002505e-15 
0.15000000000000013 1.6653345369377348e-15 
0.15200000000000014 1.5543122344752192e-15 
0.15399999999999991 1.6653345369377348e-15 
0.15599999999999992 1.4432899320127035e-15 
0.15799999999999992 1.6653345369377348e-15 
0.15999999999999992 1.5543122344752192e-15 
0.16199999999999992 1.6653345369377348e-15 
0.16399999999999992 1.6653345369377348e-15 
0.16599999999999993 1.3322676295501878e-15 
0.16799999999999993 1.3322676295501878e-15 
0.16999999999999993 1.6653345369377348e-15 
0.17199999999999993 1.4432899320127035e-15 
0.17399999999999993 9.992007221626409e-16 
0.17599999999999993 8.881784197001252e-16 
0.17799999999999994 1.1102230246251565e-15 
0.17999999999999994 1.1102230246251565e-15 
0.18199999999999994 1.1102230246251565e-15 
0.18399999999999994 8.881784197001252e-16 
0.18599999999999994 6.661338147750939e-16 
0.18799999999999994 8.881784197001252e-16 
0.18999999999999995 6.661338147750939e-16 
0.19199999999999995 8.881784197001252e-16 
0.19399999999999995 5.551115123125783e-16 
0.19599999999999995 5.551115123125783e-16 
0.19799999999999995 3.3306690738754696e-16 
0.19999999999999996 2.220446049250313e-16 
0.20199999999999996 5.551115123125783e-16 
0.20399999999999996 2.220446049250313e-16 
0.20599999999999996 0.0 
0.20799999999999996 -1.1102230246251565e-16 
0.20999999999999996 1.1102230246251565e-16 
0.21199999999999997 -2.220446049250313e-16 
0.21399999999999997 1.1102230246251565e-16 
0.21599999999999997 -3.3306690738754696e-16 
0.21799999999999997 -2.220446049250313e-16 
0.21999999999999997 -1.1102230246251565e-16 
0.22199999999999998 -1.1102230246251565e-16 
0.22399999999999998 -5.551115123125783e-16 
0.22599999999999998 -6.661338147750939e-16 
0.22799999999999998 -5.551115123125783e-16 
0.22999999999999998 -5.551115123125783e-16 
0.23199999999999998 -4.440892098500626e-16 
0.23399999999999999 -7.771561172376096e-16 
0.236 -5.551115123125783e-16 
0.238 -3.3306690738754696e-16 
0.24 -4.440892098500626e-16 
0.242 -5.551115123125783e-16 
0.244 -5.551115123125783e-16 
0.246 -5.551115123125783e-16 
0.248 -5.551115123125783e-16 
0.25 -6.661338147750939e-16 
0.252 -5.551115123125783e-16 
0.254 -7.771561172376096e-16 
0.256 -8.881784197001252e-16 
0.258 -6.661338147750939e-16 
0.26 -7.771561172376096e-16 
0.262 -6.661338147750939e-16 
0.264 -5.551115123125783e-16 
0.266 -5.551115123125783e-16 
0.268 -4.440892098500626e-16 
0.27 -6.661338147750939e-16 
0.272 -3.3306690738754696e-16 
0.274 0.0 
0.276 -4.440892098500626e-16 
0.278 -4.440892098500626e-16 
0.28 -5.551115123125783e-16 
0.28200000000000003 0.0 
0.28400000000000003 0.0 
0.28600000000000003 -1.1102230246251565e-16 
0.28800000000000003 0.0 
0.29000000000000004 0.0 
0.29200000000000004 0.0 
0.29400000000000004 2.220446049250313e-16 
0.29600000000000004 3.3306690738754696e-16 
0.29800000000000004 2.220446049250313e-16 
0.30000000000000004 3.3306690738754696e-16 
0.30200000000000005 5.551115123125783e-16 
0.30400000000000005 4.440892098500626e-16 
0.30600000000000005 8.881784197001252e-16 
0.30800000000000005 8.881784197001252e-16 
0.31000000000000005 1.2212453270876722e-15 
0.31200000000000006 1.1102230246251565e-15 
0.31400000000000006 8.881784197001252e-16 
0.31600000000000006 1.1102230246251565e-15 
0.31800000000000006 1.1102230246251565e-15 
0.32000000000000006 1.2212453270876722e-15 
0.32200000000000006 1.4432899320127035e-15 
0.32400000000000007 1.2212453270876722e-15 
0.32600000000000007 1.1102230246251565e-15 
0.32800000000000007 1.4432899320127035e-15 
0.33000000000000007 1.5543122344752192e-15 
0.3320000000000001 1.6653345369377348e-15 
0.3340000000000001 1.9984014443252818e-15 
0.3360000000000001 1.887379141862766e-15 
0.3380000000000001 1.9984014443252818e-15 
0.3400000000000001 1.9984014443252818e-15 
0.3420000000000001 1.7763568394002505e-15 
0.3440000000000001 1.9984014443252818e-15 
0.3460000000000001 2.1094237467877974e-15 
0.3480000000000001 2.1094237467877974e-15 
0.3500000000000001 2.220446049250313e-15 
0.3520000000000001 2.6645352591003757e-15 
0.3540000000000001 2.6645352591003757e-15 
0.3560000000000001 2.220446049250313e-15 
0.3580000000000001 2.4424906541753444e-15 
0.3600000000000001 2.3314683517128287e-15 
0.3620000000000001 2.3314683517128287e-15 
0.3640000000000001 2.55351295663786e-15 
0.3660000000000001 2.6645352591003757e-15 
0.3680000000000001 2.6645352591003757e-15 
0.3700000000000001 2.220446049250313e-15 
0.3720000000000001 2.55351295663786e-15 
0.3740000000000001 2.4424906541753444e-15 
0.3760000000000001 2.6645352591003757e-15 
0.3780000000000001 2.4424906541753444e-15 
0.3800000000000001 2.55351295663786e-15 
0.3820000000000001 2.220446049250313e-15 
0.3840000000000001 2.3314683517128287e-15 
0.3860000000000001 2.3314683517128287e-15 
0.3880000000000001 2.3314683517128287e-15 
0.3900000000000001 2.1094237467877974e-15 
0.3920000000000001 2.220446049250313e-15 
0.39400000000000013 2.3314683517128287e-15 
0.39600000000000013 2.220446049250313e-15 
0.39800000000000013 2.1094237467877974e-15 
0.40000000000000013 1.887379141862766e-15 
0.40200000000000014 1.6653345369377348e-15 
0.40400000000000014 1.887379141862766e-15 
0.40600000000000014 1.7763568394002505e-15 
0.4079999999999999 1.6653345369377348e-15 
0.4099999999999999 1.5543122344752192e-15 
0.4119999999999999 1.4432899320127035e-15 
0.4139999999999999 1.4432899320127035e-15 
0.4159999999999999 1.2212453270876722e-15 
0.4179999999999999 1.2212453270876722e-15 
0.41999999999999993 1.2212453270876722e-15 
0.42199999999999993 9.992007221626409e-16 
0.42399999999999993 8.881784197001252e-16 
0.42599999999999993 1.1102230246251565e-15 
0.42799999999999994 8.881784197001252e-16 
0.42999999999999994 9.992007221626409e-16 
0.43199999999999994 4.440892098500626e-16 
0.43399999999999994 6.661338147750939e-16 
0.43599999999999994 3.3306690738754696e-16 
0.43799999999999994 2.220446049250313e-16 
0.43999999999999995 6.661338147750939e-16 
0.44199999999999995 2.220446049250313e-16 
0.44399999999999995 2.220446049250313e-16 
0.44599999999999995 1.1102230246251565e-16 
0.44799999999999995 -2.220446049250313e-16 
0.44999999999999996 -3.3306690738754696e-16 
0.45199999999999996 -4.440892098500626e-16 
0.45399999999999996 -3.3306690738754696e-16 
0.45599999999999996 -6.661338147750939e-16 
0.45799999999999996 -7.771561172376096e-16 
0.45999999999999996 -8.881784197001252e-16 
0.46199999999999997 -7.771561172376096e-16 
0.46399999999999997 -7.771561172376096e-16 
0.46599999999999997 -8.881784197001252e-16 
0.46799999999999997 -7.771561172376096e-16 
0.47 -1.1102230246251565e-15 
0.472 -1.4432899320127035e-15 
0.474 -1.3322676295501878e-15 
0.476 -1.2212453270876722e-15 
0.478 -1.1102230246251565e-15 
0.48 -1.1102230246251565e-15 
0.482 -1.2212453270876722e-15 
0.484 -1.6653345369377348e-15 
0.486 -1.4432899320127035e-15 
0.488 -1.5543122344752192e-15 
0.49 -1.4432899320127035e-15 
0.492 -1.3322676295501878e-15 
0.494 -1.3322676295501878e-15 
0.496 -1.4432899320127035e-15 
0.498 -1.2212453270876722e-15 
0.5 -1.4432899320127035e-15 
0.502 -1.4432899320127035e-15 
0.504 -1.5543122344752192e-15 
0.506 -1.3322676295501878e-15 
0.508 -1.7763568394002505e-15 
0.51 -1.5543122344752192e-15 
0.512 -1.4432899320127035e-15 
0.514 -1.4432899320127035e-15 
0.516 -1.7763568394002505e-15 
0.518 -1.5543122344752192e-15 
0.52 -1.5543122344752192e-15 
0.522 -1.5543122344752192e-15 
0.524 -1.6653345369377348e-15 
0.526 -1.5543122344752192e-15 
0.528 -1.6653345369377348e-15 
0.53 -1.3322676295501878e-15 
0.532 -1.2212453270876722e-15 
0.534 -1.2212453270876722e-15 
0.536 -1.1102230246251565e-15 
0.538 -1.3322676295501878e-15 
0.54 -1.3322676295501878e-15 
0.542 -8.881784197001252e-16 
0.544 -7.771561172376096e-16 
0.546 -8.881784197001252e-16 
0.548 -6.661338147750939e-16 
0.55 -8.881784197001252e-16 
0.552 -8.881784197001252e-16 
0.554 -7.771561172376096e-16 
0.556 -7.771561172376096e-16 
0.558 -2.220446049250313e-16 
0.56 -5.551115123125783e-16 
0.562 -5.551115123125783e-16 
0.5640000000000001 -1.1102230246251565e-16 
0.5660000000000001 -4.440892098500626e-16 
0.5680000000000001 -4.440892098500626e-16 
0.5700000000000001 -3.3306690738754696e-16 
0.5720000000000001 -2.220446049250313e-16 
0.5740000000000001 1.1102230246251565e-16 
0.5760000000000001 -2.220446049250313e-16 
0.5780000000000001 -2.220446049250313e-16 
0.5800000000000001 -1.1102230246251565e-16 
0.5820000000000001 1.1102230246251565e-16 
0.5840000000000001 -3.3306690738754696e-16 
0.5860000000000001 0.0 
0.5880000000000001 0.0 
0.5900000000000001 2.220446049250313e-16 
0.5920000000000001 -1.1102230246251565e-16 
0.5940000000000001 1.1102230246251565e-16 
0.5960000000000001 -1.1102230246251565e-16 
0.5980000000000001 2.220446049250313e-16 
0.6000000000000001 1.1102230246251565e-16 
0.6020000000000001 1.1102230246251565e-16 
0.6040000000000001 0.0 
0.6060000000000001 -1.1102230246251565e-16 
0.6080000000000001 -1.1102230246251565e-16 
0.6100000000000001 -1.1102230246251565e-16 
0.6120000000000001 0.0 
0.6140000000000001 -1.1102230246251565e-16 
0.6160000000000001 -1.1102230246251565e-16 
0.6180000000000001 -1.1102230246251565e-16 
0.6200000000000001 -2.220446049250313e-16 
0.6220000000000001 1.1102230246251565e-16 
0.6240000000000001 -1.1102230246251565e-16 
0.6260000000000001 0.0 
0.6280000000000001 0.0 
0.6300000000000001 -3.3306690738754696e-16 
0.6320000000000001 -1.1102230246251565e-16 
0.6340000000000001 -2.220446049250313e-16 
0.6360000000000001 -4.440892098500626e-16 
0.6380000000000001 -5.551115123125783e-16 
0.6400000000000001 -5.551115123125783e-16 
0.6420000000000001 -1.1102230246251565e-15 
0.6440000000000001 -8.881784197001252e-16 
0.6460000000000001 -8.881784197001252e-16 
0.6480000000000001 -8.881784197001252e-16 
0.6500000000000001 -5.551115123125783e-16 
0.6520000000000001 -8.881784197001252e-16 
0.6540000000000001 -7.771561172376096e-16 
0.6560000000000001 -8.881784197001252e-16 
0.6580000000000001 -9.992007221626409e-16 
0.6600000000000001 -9.992007221626409e-16 
0.6620000000000001 -9.992007221626409e-16 
0.6640000000000001 -1.1102230246251565e-15 
0.6659999999999999 -1.3322676295501878e-15 
0.6679999999999999 -1.1102230246251565e-15 
0.6699999999999999 -9.992007221626409e-16 
0.6719999999999999 -1.1102230246251565e-15 
0.6739999999999999 -9.992007221626409e-16 
0.6759999999999999 -7.771561172376096e-16 
0.6779999999999999 -1.2212453270876722e-15 
0.6799999999999999 -1.1102230246251565e-15 
0.6819999999999999 -1.2212453270876722e-15 
0.6839999999999999 -8.881784197001252e-16 
0.6859999999999999 -9.992007221626409e-16 
0.688 -7.771561172376096e-16 
0.69 -8.881784197001252e-16 
0.692 -1.1102230246251565e-15 
0.694 -6.661338147750939e-16 
0.696 -6.661338147750939e-16 
0.698 -7.771561172376096e-16 
0.7 -3.3306690738754696e-16 
0.702 -4.440892098500626e-16 
0.704 -4.440892098500626e-16 
0.706 -7.771561172376096e-16 
0.708 -4.440892098500626e-16 
0.71 -2.220446049250313e-16 
0.712 -3.3306690738754696e-16 
0.714 -2.220446049250313e-16 
0.716 3.3306690738754696e-16 
0.718 1.1102230246251565e-16 
0.72 0.0 
0.722 0.0 
0.724 2.220446049250313e-16 
0.726 2.220446049250313e-16 
0.728 3.3306690738754696e-16 
0.73 6.661338147750939e-16 
0.732 4.440892098500626e-16 
0.734 9.992007221626409e-16 
0.736 8.881784197001252e-16 
0.738 9.992007221626409e-16 
0.74 8.881784197001252e-16 
0.742 7.771561172376096e-16 
0.744 9.992007221626409e-16 
0.746 1.1102230246251565e-15 
0.748 1.3322676295501878e-15 
0.75 1.2212453270876722e-15 
0.752 1.1102230246251565e-15 
0.754 1.4432899320127035e-15 
0.756 1.1102230246251565e-15 
0.758 9.992007221626409e-16 
0.76 1.3322676295501878e-15 
0.762 1.3322676295501878e-15 
0.764 1.4432899320127035e-15 
0.766 9.992007221626409e-16 
0.768 9.992007221626409e-16 
0.77 1.2212453270876722e-15 
0.772 1.3322676295501878e-15 
0.774 1.4432899320127035e-15 
0.776 1.2212453270876722e-15 
0.778 1.2212453270876722e-15 
0.78 8.881784197001252e-16 
0.782 8.881784197001252e-16 
0.784 7.771561172376096e-16 
0.786 4.440892098500626e-16 
0.788 4.440892098500626e-16 
0.79 6.661338147750939e-16 
0.792 5.551115123125783e-16 
0.794 1.1102230246251565e-16 
0.796 3.3306690738754696e-16 
0.798 1.1102230246251565e-16 
0.8 0.0 
0.802 -1.1102230246251565e-16 
0.804 -2.220446049250313e-16 
0.806 -4.440892098500626e-16 
0.808 -2.220446049250313e-16 
0.81 -4.440892098500626e-16 
0.812 -7.771561172376096e-16 
0.8140000000000001 -7.771561172376096e-16 
0.8160000000000001 -7.771561172376096e-16 
0.8180000000000001 -7.771561172376096e-16 
0.8200000000000001 -8.881784197001252e-16 
0.8220000000000001 -1.2212453270876722e-15 
0.8240000000000001 -1.1102230246251565e-15 
0.8260000000000001 -8.881784197001252e-16 
0.8280000000000001 -8.881784197001252e-16 
0.8300000000000001 -9.992007221626409e-16 
0.8320000000000001 -9.992007221626409e-16 
0.8340000000000001 -1.1102230246251565e-15 
0.8360000000000001 -1.4432899320127035e-15 
0.8380000000000001 -7.771561172376096e-16 
0.8400000000000001 -1.2212453270876722e-15 
0.8420000000000001 -5.551115123125783e-16 
0.8440000000000001 -6.661338147750939e-16 
0.8460000000000001 -5.551115123125783e-16 
0.8480000000000001 -6.661338147750939e-16 
0.8500000000000001 -7.771561172376096e-16 
0.8520000000000001 -3.3306690738754696e-16 
0.8540000000000001 -5.551115123125783e-16 
0.8560000000000001 -4.440892098500626e-16 
0.8580000000000001 3.3306690738754696e-16 
0.8600000000000001 -1.1102230246251565e-16 
0.8620000000000001 2.220446049250313e-16 
0.8640000000000001 -1.1102230246251565e-16 
0.8660000000000001 4.440892098500626e-16 
0.8680000000000001 3.3306690738754696e-16 
0.8700000000000001 7.771561172376096e-16 
0.8720000000000001 8.881784197001252e-16 
0.8740000000000001 5.551115123125783e-16 
0.8760000000000001 6.661338147750939e-16 
0.8780000000000001 7.771561172376096e-16 
0.8800000000000001 6.661338147750939e-16 
0.8820000000000001 8.881784197001252e-16 
0.8840000000000001 8.881784197001252e-16 
0.8860000000000001 8.881784197001252e-16 
0.8880000000000001 1.2212453270876722e-15 
0.8900000000000001 8.881784197001252e-16 
0.8920000000000001 9.992007221626409e-16 
0.8940000000000001 1.1102230246251565e-15 
0.8960000000000001 6.661338147750939e-16 
0.8980000000000001 7.771561172376096e-16 
0.9000000000000001 6.661338147750939e-16 
0.9020000000000001 7.771561172376096e-16 
0.9040000000000001 5.551115123125783e-16 
0.9060000000000001 0.0 
0.9080000000000001 2.220446049250313e-16 
0.9100000000000001 1.1102230246251565e-16 
0.9120000000000001 -2.220446049250313e-16 
0.9140000000000001 -1.1102230246251565e-16 
0.9160000000000001 -5.551115123125783e-16 
0.9180000000000001 -5.551115123125783e-16 
0.9199999999999999 -1.1102230246251565e-15 
0.9219999999999999 -7.771561172376096e-16 
0.9239999999999999 -7.771561172376096e-16 
0.9259999999999999 -9.992007221626409e-16 
0.9279999999999999 -1.2212453270876722e-15 
0.9299999999999999 -7.771561172376096e-16 
0.9319999999999999 -1.2212453270876722e-15 
0.9339999999999999 -1.1102230246251565e-15 
0.9359999999999999 -6.661338147750939e-16 
0.938 -5.551115123125783e-16 
0.94 -3.3306690738754696e-16 
0.942 0.0 
0.944 2.220446049250313e-16 
0.946 4.440892098500626e-16 
0.948 6.661338147750939e-16 
0.95 8.881784197001252e-16 
0.952 1.5543122344752192e-15 
0.954 1.887379141862766e-15 
0.956 2.3314683517128287e-15 
0.958 2.6645352591003757e-15 
0.96 2.7755575615628914e-15 
0.962 3.1086244689504383e-15 
0.964 2.9976021664879227e-15 
0.966 2.9976021664879227e-15 
0.968 2.9976021664879227e-15 
0.97 2.55351295663786e-15 
0.972 2.3314683517128287e-15 
0.974 1.887379141862766e-15 
0.976 9.992007221626409e-16 
0.978 0.0 
0.98 -8.881784197001252e-16 
0.982 -1.7763568394002505e-15 
0.984 -3.1086244689504383e-15 
0.986 -4.218847493575595e-15 
0.988 -5.10702591327572e-15 
0.99 -5.440092820663267e-15 
0.992 -5.773159728050814e-15 
0.994 -4.773959005888173e-15 
0.996 -3.219646771412954e-15 
0.998 4.440892098500626e-16 
