-1.0 -1.2434497875801753e-14 
-0.998 -5.329070518200751e-15 
-0.996 -5.329070518200751e-15 
-0.994 -5.329070518200751e-15 
-0.992 -5.329070518200751e-15 
-0.99 -3.552713678800501e-15 
-0.988 -3.552713678800501e-15 
-0.986 -1.7763568394002505e-15 
-0.984 1.7763568394002505e-15 
-0.982 1.7763568394002505e-15 
-0.98 1.7763568394002505e-15 
-0.978 1.7763568394002505e-15 
-0.976 5.329070518200751e-15 
-0.974 3.552713678800501e-15 
-0.972 3.552713678800501e-15 
-0.97 3.552713678800501e-15 
-0.968 -1.7763568394002505e-15 
-0.966 3.552713678800501e-15 
-0.964 -1.7763568394002505e-15 
-0.962 -1.7763568394002505e-15 
-0.96 0.0 
-0.958 0.0 
-0.956 1.7763568394002505e-15 
-0.954 0.0 
-0.952 5.329070518200751e-15 
-0.95 0.0 
-0.948 -1.7763568394002505e-15 
-0.946 1.7763568394002505e-15 
-0.944 3.552713678800501e-15 
-0.942 0.0 
-0.94 3.552713678800501e-15 
-0.938 0.0 
-0.9359999999999999 8.881784197001252e-16 
-0.9339999999999999 2.6645352591003757e-15 
-0.9319999999999999 5.329070518200751e-15 
-0.9299999999999999 3.552713678800501e-15 
-0.9279999999999999 1.7763568394002505e-15 
-0.926 2.6645352591003757e-15 
-0.924 1.7763568394002505e-15 
-0.922 6.217248937900877e-15 
-0.92 3.552713678800501e-15 
-0.918 8.881784197001252e-15 
-0.916 7.105427357601002e-15 
-0.914 6.217248937900877e-15 
-0.912 5.329070518200751e-15 
-0.91 7.105427357601002e-15 
-0.908 5.329070518200751e-15 
-0.906 5.329070518200751e-15 
-0.904 5.329070518200751e-15 
-0.902 7.105427357601002e-15 
-0.9 4.440892098500626e-15 
-0.898 5.329070518200751e-15 
-0.896 2.6645352591003757e-15 
-0.894 7.993605777301127e-15 
-0.892 5.329070518200751e-15 
-0.89 8.881784197001252e-15 
-0.888 7.105427357601002e-15 
-0.886 7.105427357601002e-15 
-0.884 6.217248937900877e-15 
-0.882 6.217248937900877e-15 
-0.88 6.217248937900877e-15 
-0.878 6.217248937900877e-15 
-0.876 6.217248937900877e-15 
-0.874 3.552713678800501e-15 
-0.872 3.552713678800501e-15 
-0.87 2.6645352591003757e-15 
-0.868 5.329070518200751e-15 
-0.866 5.329070518200751e-15 
-0.864 3.552713678800501e-15 
-0.862 3.552713678800501e-15 
-0.86 6.217248937900877e-15 
-0.858 4.440892098500626e-15 
-0.856 2.6645352591003757e-15 
-0.854 2.6645352591003757e-15 
-0.852 8.881784197001252e-16 
-0.85 1.7763568394002505e-15 
-0.848 1.7763568394002505e-15 
-0.846 1.7763568394002505e-15 
-0.844 -8.881784197001252e-16 
-0.842 -1.7763568394002505e-15 
-0.84 0.0 
-0.838 -1.7763568394002505e-15 
-0.836 -8.881784197001252e-16 
-0.834 -2.6645352591003757e-15 
-0.832 -3.552713678800501e-15 
-0.83 -4.440892098500626e-15 
-0.828 -6.217248937900877e-15 
-0.826 -1.7763568394002505e-15 
-0.8240000000000001 -1.7763568394002505e-15 
-0.8220000000000001 -3.552713678800501e-15 
-0.8200000000000001 -4.440892098500626e-15 
-0.8180000000000001 -4.440892098500626e-15 
-0.8160000000000001 -3.552713678800501e-15 
-0.8140000000000001 -6.217248937900877e-15 
-0.812 -3.552713678800501e-15 
-0.81 -4.440892098500626e-15 
-0.808 -6.217248937900877e-15 
-0.806 -5.329070518200751e-15 
-0.804 -6.217248937900877e-15 
-0.802 -3.552713678800501e-15 
-0.8 -6.217248937900877e-15 
-0.798 -7.105427357601002e-15 
-0.796 -7.105427357601002e-15 
-0.794 -7.105427357601002e-15 
-0.792 -6.217248937900877e-15 
-0.79 -8.881784197001252e-15 
-0.788 -7.105427357601002e-15 
-0.786 -7.993605777301127e-15 
-0.784 -1.0658141036401503e-14 
-0.782 -7.993605777301127e-15 
-0.78 -1.0658141036401503e-14 
-0.778 -7.105427357601002e-15 
-0.776 -9.769962616701378e-15 
-0.774 -7.993605777301127e-15 
-0.772 -1.0658141036401503e-14 
-0.77 -6.217248937900877e-15 
-0.768 -1.0658141036401503e-14 
-0.766 -7.105427357601002e-15 
-0.764 -4.440892098500626e-15 
-0.762 -7.993605777301127e-15 
-0.76 -7.105427357601002e-15 
-0.758 -8.881784197001252e-15 
-0.756 -7.993605777301127e-15 
-0.754 -9.769962616701378e-15 
-0.752 -4.440892098500626e-15 
-0.75 -7.105427357601002e-15 
-0.748 -8.881784197001252e-15 
-0.746 -7.105427357601002e-15 
-0.744 -5.329070518200751e-15 
-0.742 -3.552713678800501e-15 
-0.74 -6.217248937900877e-15 
-0.738 -4.440892098500626e-15 
-0.736 -4.440892098500626e-15 
-0.734 -7.105427357601002e-15 
-0.732 -4.440892098500626e-15 
-0.73 -1.7763568394002505e-15 
-0.728 -2.6645352591003757e-15 
-0.726 -6.217248937900877e-15 
-0.724 -5.329070518200751e-15 
-0.722 -2.6645352591003757e-15 
-0.72 -5.329070518200751e-15 
-0.718 -1.7763568394002505e-15 
-0.716 -3.552713678800501e-15 
-0.714 8.881784197001252e-16 
-0.712 0.0 
-0.71 8.881784197001252e-16 
-0.708 8.881784197001252e-16 
-0.706 0.0 
-0.704 8.881784197001252e-16 
-0.702 3.552713678800501e-15 
-0.7 0.0 
-0.698 2.6645352591003757e-15 
-0.696 0.0 
-0.694 8.881784197001252e-16 
-0.692 -2.6645352591003757e-15 
-0.69 -1.7763568394002505e-15 
-0.688 -8.881784197001252e-16 
-0.6859999999999999 3.552713678800501e-15 
-0.6839999999999999 8.881784197001252e-16 
-0.6819999999999999 3.552713678800501e-15 
-0.6799999999999999 2.6645352591003757e-15 
-0.6779999999999999 1.3322676295501878e-15 
-0.6759999999999999 3.1086244689504383e-15 
-0.6739999999999999 2.220446049250313e-15 
-0.6719999999999999 3.9968028886505635e-15 
-0.6699999999999999 8.881784197001252e-16 
-0.6679999999999999 3.1086244689504383e-15 
-0.6659999999999999 2.6645352591003757e-15 
-0.6639999999999999 3.9968028886505635e-15 
-0.6619999999999999 4.884981308350689e-15 
-0.6599999999999999 3.9968028886505635e-15 
-0.6579999999999999 2.220446049250313e-15 
-0.6559999999999999 2.220446049250313e-15 
-0.6539999999999999 3.552713678800501e-15 
-0.6519999999999999 4.884981308350689e-15 
-0.6499999999999999 5.329070518200751e-15 
-0.648 4.440892098500626e-15 
-0.646 4.884981308350689e-15 
-0.644 4.440892098500626e-15 
-0.642 4.884981308350689e-15 
-0.64 4.884981308350689e-15 
-0.638 5.329070518200751e-15 
-0.636 7.105427357601002e-15 
-0.634 6.661338147750939e-15 
-0.632 4.440892098500626e-15 
-0.63 4.440892098500626e-15 
-0.628 4.884981308350689e-15 
-0.626 7.105427357601002e-15 
-0.624 4.884981308350689e-15 
-0.622 7.105427357601002e-15 
-0.62 4.884981308350689e-15 
-0.618 6.661338147750939e-15 
-0.616 7.549516567451064e-15 
-0.614 3.1086244689504383e-15 
-0.612 5.329070518200751e-15 
-0.61 6.661338147750939e-15 
-0.608 3.552713678800501e-15 
-0.606 2.6645352591003757e-15 
-0.604 3.9968028886505635e-15 
-0.602 3.552713678800501e-15 
-0.6 3.9968028886505635e-15 
-0.598 4.440892098500626e-15 
-0.596 3.552713678800501e-15 
-0.594 3.9968028886505635e-15 
-0.592 6.661338147750939e-15 
-0.59 3.552713678800501e-15 
-0.588 2.6645352591003757e-15 
-0.586 3.1086244689504383e-15 
-0.584 4.440892098500626e-15 
-0.5820000000000001 3.1086244689504383e-15 
-0.5800000000000001 5.329070518200751e-15 
-0.5780000000000001 5.773159728050814e-15 
-0.5760000000000001 4.884981308350689e-15 
-0.5740000000000001 3.1086244689504383e-15 
-0.5720000000000001 1.7763568394002505e-15 
-0.5700000000000001 1.7763568394002505e-15 
-0.5680000000000001 5.329070518200751e-15 
-0.5660000000000001 4.440892098500626e-15 
-0.5640000000000001 4.884981308350689e-15 
-0.562 1.7763568394002505e-15 
-0.56 2.220446049250313e-15 
-0.558 3.1086244689504383e-15 
-0.556 1.7763568394002505e-15 
-0.554 3.1086244689504383e-15 
-0.552 1.3322676295501878e-15 
-0.55 2.6645352591003757e-15 
-0.548 1.7763568394002505e-15 
-0.546 3.9968028886505635e-15 
-0.544 3.1086244689504383e-15 
-0.542 3.9968028886505635e-15 
-0.54 2.6645352591003757e-15 
-0.538 1.3322676295501878e-15 
-0.536 4.440892098500626e-15 
-0.534 4.440892098500626e-15 
-0.532 2.220446049250313e-15 
-0.53 2.220446049250313e-15 
-0.528 3.1086244689504383e-15 
-0.526 -1.3322676295501878e-15 
-0.524 2.6645352591003757e-15 
-0.522 3.552713678800501e-15 
-0.52 2.6645352591003757e-15 
-0.518 4.440892098500626e-16 
-0.516 3.552713678800501e-15 
-0.514 0.0 
-0.512 4.440892098500626e-16 
-0.51 4.440892098500626e-16 
-0.508 3.3306690738754696e-15 
-0.506 8.881784197001252e-16 
-0.504 -8.881784197001252e-16 
-0.502 0.0 
-0.5 3.1086244689504383e-15 
-0.498 2.4424906541753444e-15 
-0.496 1.5543122344752192e-15 
-0.494 2.6645352591003757e-15 
-0.492 1.9984014443252818e-15 
-0.49 2.4424906541753444e-15 
-0.488 -6.661338147750939e-16 
-0.486 6.661338147750939e-16 
-0.484 -4.440892098500626e-16 
-0.482 1.5543122344752192e-15 
-0.48 8.881784197001252e-16 
-0.478 1.9984014443252818e-15 
-0.476 2.220446049250313e-15 
-0.474 -1.5543122344752192e-15 
-0.472 -2.220446049250313e-16 
-0.47 1.9984014443252818e-15 
-0.46799999999999997 1.3322676295501878e-15 
-0.46599999999999997 1.1102230246251565e-15 
-0.46399999999999997 1.3322676295501878e-15 
-0.46199999999999997 -1.7763568394002505e-15 
-0.45999999999999996 -2.220446049250313e-16 
-0.45799999999999996 -2.220446049250313e-16 
-0.45599999999999996 1.5543122344752192e-15 
-0.45399999999999996 1.1102230246251565e-15 
-0.45199999999999996 1.9984014443252818e-15 
-0.44999999999999996 2.4424906541753444e-15 
-0.44799999999999995 -8.881784197001252e-16 
-0.44599999999999995 1.5543122344752192e-15 
-0.44399999999999995 4.440892098500626e-16 
-0.44199999999999995 2.220446049250313e-16 
-0.43999999999999995 -6.661338147750939e-16 
-0.43799999999999994 2.6645352591003757e-15 
-0.43599999999999994 1.1102230246251565e-15 
-0.43399999999999994 6.661338147750939e-16 
-0.43199999999999994 0.0 
-0.42999999999999994 1.1102230246251565e-15 
-0.42799999999999994 4.440892098500626e-16 
-0.42599999999999993 1.3322676295501878e-15 
-0.42399999999999993 2.220446049250313e-15 
-0.42200000000000004 0.0 
-0.42000000000000004 0.0 
-0.41800000000000004 -4.440892098500626e-16 
-0.41600000000000004 2.220446049250313e-16 
-0.41400000000000003 2.220446049250313e-16 
-0.41200000000000003 4.440892098500626e-16 
-0.41000000000000003 4.440892098500626e-16 
-0.40800000000000003 6.661338147750939e-16 
-0.406 6.661338147750939e-16 
-0.404 -2.220446049250313e-16 
-0.402 -4.440892098500626e-16 
-0.4 -6.661338147750939e-16 
-0.398 -2.220446049250313e-16 
-0.396 -3.3306690738754696e-16 
-0.394 -3.3306690738754696e-16 
-0.392 -6.661338147750939e-16 
-0.39 -5.551115123125783e-16 
-0.388 -4.440892098500626e-16 
-0.386 -5.551115123125783e-16 
-0.384 -1.1102230246251565e-16 
-0.382 6.661338147750939e-16 
-0.38 6.661338147750939e-16 
-0.378 4.440892098500626e-16 
-0.376 -1.1102230246251565e-15 
-0.374 2.220446049250313e-16 
-0.372 2.220446049250313e-16 
-0.37 -6.661338147750939e-16 
-0.368 -1.1102230246251565e-16 
-0.366 -7.771561172376096e-16 
-0.364 -1.1102230246251565e-15 
-0.362 -1.1102230246251565e-15 
-0.36 3.3306690738754696e-16 
-0.358 -3.3306690738754696e-16 
-0.356 -9.992007221626409e-16 
-0.354 -1.2212453270876722e-15 
-0.352 -1.1102230246251565e-15 
-0.35 -1.4432899320127035e-15 
-0.348 -5.551115123125783e-16 
-0.346 1.1102230246251565e-16 
-0.344 -1.1102230246251565e-15 
-0.34199999999999997 -5.551115123125783e-16 
-0.33999999999999997 -6.661338147750939e-16 
-0.33799999999999997 -3.885780586188048e-16 
-0.33599999999999997 -1.0547118733938987e-15 
-0.33399999999999996 -1.4432899320127035e-15 
-0.33199999999999996 -7.216449660063518e-16 
-0.32999999999999996 -1.6653345369377348e-16 
-0.32799999999999996 -8.326672684688674e-16 
-0.32599999999999996 -2.1649348980190553e-15 
-0.32399999999999995 -1.887379141862766e-15 
-0.32199999999999995 -9.43689570931383e-16 
-0.31999999999999995 -1.2212453270876722e-15 
-0.31799999999999995 -1.8318679906315083e-15 
-0.31599999999999995 -1.1102230246251565e-15 
-0.31399999999999995 -1.7208456881689926e-15 
-0.31199999999999994 -1.27675647831893e-15 
-0.30999999999999994 -2.220446049250313e-15 
-0.30799999999999994 -1.0269562977782698e-15 
-0.30599999999999994 -6.38378239159465e-16 
-0.30399999999999994 -1.6930901125533637e-15 
-0.30199999999999994 -1.7763568394002505e-15 
-0.29999999999999993 -1.2212453270876722e-15 
-0.29799999999999993 -1.8041124150158794e-15 
-0.29600000000000004 -1.9984014443252818e-15 
-0.29400000000000004 -1.7763568394002505e-15 
-0.29200000000000004 -9.71445146547012e-16 
-0.29000000000000004 -2.067790383364354e-15 
-0.28800000000000003 -1.817990202823694e-15 
-0.28600000000000003 -1.7208456881689926e-15 
-0.28400000000000003 -1.5126788710517758e-15 
-0.28200000000000003 -1.429412144204889e-15 
-0.28 -9.71445146547012e-16 
-0.278 -2.1094237467877974e-15 
-0.276 -1.6063539387545234e-15 
-0.274 -1.474514954580286e-15 
-0.272 -1.7117383899201144e-15 
-0.27 -1.4901274658640773e-15 
-0.268 -2.2065682614424986e-15 
-0.266 -2.2620794126737565e-15 
-0.264 -1.7069679003611782e-15 
-0.262 -2.192690473634684e-15 
-0.26 -1.457167719820518e-15 
-0.258 -1.2906342661267445e-15 
-0.256 -1.970645868709653e-15 
-0.254 -1.5959455978986625e-15 
-0.252 -1.1796119636642288e-15 
-0.25 -1.1379786002407855e-15 
-0.248 -1.582067810090848e-15 
-0.246 -1.582067810090848e-15 
-0.244 -1.7208456881689926e-15 
-0.242 -2.220446049250313e-15 
-0.24 -1.582067810090848e-15 
-0.238 -2.0539125955565396e-15 
-0.236 -1.5543122344752192e-15 
-0.23399999999999999 -1.1934897514720433e-15 
-0.23199999999999998 -1.9984014443252818e-15 
-0.22999999999999998 -2.0539125955565396e-15 
-0.22799999999999998 -8.881784197001252e-16 
-0.22599999999999998 -1.4432899320127035e-15 
-0.22399999999999998 -1.4988010832439613e-15 
-0.22199999999999998 -9.992007221626409e-16 
-0.21999999999999997 -1.887379141862766e-15 
-0.21799999999999997 -1.6653345369377348e-15 
-0.21599999999999997 -2.3869795029440866e-15 
-0.21399999999999997 -1.6653345369377348e-15 
-0.21199999999999997 -6.106226635438361e-16 
-0.20999999999999996 -1.1657341758564144e-15 
-0.20799999999999996 -1.3322676295501878e-15 
-0.20599999999999996 -1.9984014443252818e-15 
-0.20399999999999996 -1.4432899320127035e-15 
-0.20199999999999996 -1.27675647831893e-15 
-0.19999999999999996 -6.106226635438361e-16 
-0.19799999999999995 -6.661338147750939e-16 
-0.19599999999999995 -1.7208456881689926e-15 
-0.19399999999999995 -8.881784197001252e-16 
-0.19199999999999995 -1.5543122344752192e-15 
-0.18999999999999995 -1.27675647831893e-15 
-0.18799999999999994 -6.661338147750939e-16 
-0.18599999999999994 -7.771561172376096e-16 
-0.18399999999999994 -1.1102230246251565e-15 
-0.18199999999999994 -9.992007221626409e-16 
-0.17999999999999994 -1.0547118733938987e-15 
-0.17799999999999994 -9.992007221626409e-16 
-0.17599999999999993 -1.3322676295501878e-15 
-0.17399999999999993 -9.992007221626409e-16 
-0.17199999999999993 -6.661338147750939e-16 
-0.16999999999999993 -1.4432899320127035e-15 
-0.16799999999999993 -8.881784197001252e-16 
-0.16600000000000004 -8.881784197001252e-16 
-0.16400000000000003 -8.881784197001252e-16 
-0.16200000000000003 -5.551115123125783e-16 
-0.16000000000000003 -9.992007221626409e-16 
-0.15800000000000003 -1.5543122344752192e-15 
-0.15600000000000003 -7.771561172376096e-16 
-0.15400000000000003 -7.771561172376096e-16 
-0.15200000000000002 -1.5543122344752192e-15 
-0.15000000000000002 -9.992007221626409e-16 
-0.14800000000000002 -1.3322676295501878e-15 
-0.14600000000000002 -1.2212453270876722e-15 
-0.14400000000000002 -8.881784197001252e-16 
-0.14200000000000002 -7.771561172376096e-16 
-0.14 -1.1102230246251565e-15 
-0.138 -1.1102230246251565e-15 
-0.136 -1.2212453270876722e-15 
-0.134 -8.881784197001252e-16 
-0.132 -1.7763568394002505e-15 
-0.13 -1.2212453270876722e-15 
-0.128 -1.5543122344752192e-15 
-0.126 -8.881784197001252e-16 
-0.124 -8.881784197001252e-16 
-0.122 -1.2212453270876722e-15 
-0.12 -9.992007221626409e-16 
-0.118 -1.2212453270876722e-15 
-0.11599999999999999 -1.887379141862766e-15 
-0.11399999999999999 -1.1102230246251565e-15 
-0.11199999999999999 -1.887379141862766e-15 
-0.10999999999999999 -1.7763568394002505e-15 
-0.10799999999999998 -1.3322676295501878e-15 
-0.10599999999999998 -1.3322676295501878e-15 
-0.10399999999999998 -1.3322676295501878e-15 
-0.10199999999999998 -1.3322676295501878e-15 
-0.09999999999999998 -2.220446049250313e-15 
-0.09799999999999998 -1.9984014443252818e-15 
-0.09599999999999997 -1.3322676295501878e-15 
-0.09399999999999997 -1.5543122344752192e-15 
-0.09199999999999997 -1.5543122344752192e-15 
-0.08999999999999997 -1.5543122344752192e-15 
-0.08799999999999997 -1.6653345369377348e-15 
-0.08599999999999997 -2.3314683517128287e-15 
-0.08399999999999996 -2.1094237467877974e-15 
-0.08199999999999996 -2.1094237467877974e-15 
-0.07999999999999996 -2.3314683517128287e-15 
-0.07799999999999996 -2.7755575615628914e-15 
-0.07599999999999996 -1.9984014443252818e-15 
-0.07399999999999995 -2.4424906541753444e-15 
-0.07199999999999995 -2.886579864025407e-15 
-0.06999999999999995 -2.3314683517128287e-15 
-0.06799999999999995 -2.220446049250313e-15 
-0.06599999999999995 -3.1086244689504383e-15 
-0.06399999999999995 -2.9976021664879227e-15 
-0.061999999999999944 -2.886579864025407e-15 
-0.05999999999999994 -2.886579864025407e-15 
-0.05799999999999994 -2.9976021664879227e-15 
-0.05599999999999994 -3.219646771412954e-15 
-0.05399999999999994 -2.9976021664879227e-15 
-0.051999999999999935 -3.3306690738754696e-15 
-0.04999999999999993 -3.1086244689504383e-15 
-0.04799999999999993 -3.1086244689504383e-15 
-0.04599999999999993 -2.886579864025407e-15 
-0.04399999999999993 -3.1086244689504383e-15 
-0.041999999999999926 -3.3306690738754696e-15 
-0.040000000000000036 -3.3306690738754696e-15 
-0.038000000000000034 -3.3306690738754696e-15 
-0.03600000000000003 -3.3306690738754696e-15 
-0.03400000000000003 -3.6637359812630166e-15 
-0.03200000000000003 -3.1086244689504383e-15 
-0.030000000000000027 -3.4416913763379853e-15 
-0.028000000000000025 -3.4416913763379853e-15 
-0.026000000000000023 -3.552713678800501e-15 
-0.02400000000000002 -3.4416913763379853e-15 
-0.02200000000000002 -3.6637359812630166e-15 
-0.020000000000000018 -3.219646771412954e-15 
-0.018000000000000016 -3.219646771412954e-15 
-0.016000000000000014 -3.9968028886505635e-15 
-0.014000000000000012 -3.219646771412954e-15 
-0.01200000000000001 -4.107825191113079e-15 
-0.010000000000000009 -3.552713678800501e-15 
-0.008000000000000007 -3.774758283725532e-15 
-0.006000000000000005 -3.774758283725532e-15 
-0.0040000000000000036 -3.552713678800501e-15 
-0.0020000000000000018 -3.552713678800501e-15 
0.0 -3.774758283725532e-15 
0.0020000000000000018 -3.552713678800501e-15 
0.0040000000000000036 -3.774758283725532e-15 
0.006000000000000005 -3.3306690738754696e-15 
0.008000000000000007 -3.552713678800501e-15 
0.010000000000000009 -4.218847493575595e-15 
0.01200000000000001 -3.9968028886505635e-15 
0.014000000000000012 -3.552713678800501e-15 
0.016000000000000014 -3.9968028886505635e-15 
0.018000000000000016 -3.3306690738754696e-15 
0.020000000000000018 -2.886579864025407e-15 
0.02200000000000002 -2.886579864025407e-15 
0.02400000000000002 -2.886579864025407e-15 
0.026000000000000023 -2.886579864025407e-15 
0.028000000000000025 -3.552713678800501e-15 
0.030000000000000027 -3.3306690738754696e-15 
0.03200000000000003 -2.6645352591003757e-15 
0.03400000000000003 -3.3306690738754696e-15 
0.03600000000000003 -3.3306690738754696e-15 
0.038000000000000034 -3.3306690738754696e-15 
0.040000000000000036 -3.1086244689504383e-15 
0.04200000000000004 -3.774758283725532e-15 
0.04400000000000004 -2.6645352591003757e-15 
0.04600000000000004 -2.886579864025407e-15 
0.04800000000000004 -2.220446049250313e-15 
0.050000000000000044 -2.6645352591003757e-15 
0.052000000000000046 -2.886579864025407e-15 
0.05400000000000005 -2.220446049250313e-15 
0.05600000000000005 -2.4424906541753444e-15 
0.05800000000000005 -1.9984014443252818e-15 
0.06000000000000005 -2.220446049250313e-15 
0.062000000000000055 -1.5543122344752192e-15 
0.06400000000000006 -1.7763568394002505e-15 
0.06600000000000006 -1.7763568394002505e-15 
0.06800000000000006 -1.5543122344752192e-15 
0.07000000000000006 -1.3322676295501878e-15 
0.07200000000000006 -8.881784197001252e-16 
0.07400000000000007 -1.5543122344752192e-15 
0.07600000000000007 -1.5543122344752192e-15 
0.07800000000000007 -1.1102230246251565e-15 
0.08000000000000007 -1.1102230246251565e-15 
0.08200000000000007 -2.220446049250313e-16 
0.08400000000000007 -2.220446049250313e-16 
0.08600000000000008 -2.220446049250313e-16 
0.08800000000000008 2.220446049250313e-16 
0.09000000000000008 0.0 
0.09200000000000008 2.220446049250313e-16 
0.09400000000000008 2.220446049250313e-16 
0.09600000000000009 8.881784197001252e-16 
0.09800000000000009 4.440892098500626e-16 
0.10000000000000009 2.220446049250313e-16 
0.10200000000000009 7.771561172376096e-16 
0.10400000000000009 6.661338147750939e-16 
0.1060000000000001 1.3322676295501878e-15 
0.1080000000000001 1.5543122344752192e-15 
0.1100000000000001 1.2212453270876722e-15 
0.1120000000000001 1.7763568394002505e-15 
0.1140000000000001 1.6653345369377348e-15 
0.1160000000000001 1.6653345369377348e-15 
0.1180000000000001 2.3314683517128287e-15 
0.1200000000000001 2.1094237467877974e-15 
0.12200000000000011 2.1094237467877974e-15 
0.12400000000000011 2.6645352591003757e-15 
0.1260000000000001 2.7755575615628914e-15 
0.1280000000000001 2.3314683517128287e-15 
0.13000000000000012 2.7755575615628914e-15 
0.13200000000000012 2.886579864025407e-15 
0.13400000000000012 3.4416913763379853e-15 
0.13600000000000012 3.552713678800501e-15 
0.13800000000000012 3.3306690738754696e-15 
0.14000000000000012 3.4416913763379853e-15 
0.14200000000000013 3.885780586188048e-15 
0.14400000000000013 3.774758283725532e-15 
0.14600000000000013 3.885780586188048e-15 
0.14800000000000013 3.774758283725532e-15 
0.15000000000000013 4.551914400963142e-15 
0.15200000000000014 4.6629367034256575e-15 
0.15399999999999991 4.9960036108132044e-15 
0.15599999999999992 4.6629367034256575e-15 
0.15799999999999992 4.551914400963142e-15 
0.15999999999999992 5.218048215738236e-15 
0.16199999999999992 5.329070518200751e-15 
0.16399999999999992 5.329070518200751e-15 
0.16599999999999993 5.329070518200751e-15 
0.16799999999999993 5.551115123125783e-15 
0.16999999999999993 5.773159728050814e-15 
0.17199999999999993 5.551115123125783e-15 
0.17399999999999993 5.440092820663267e-15 
0.17599999999999993 5.551115123125783e-15 
0.17799999999999994 5.551115123125783e-15 
0.17999999999999994 5.440092820663267e-15 
0.18199999999999994 5.440092820663267e-15 
0.18399999999999994 5.88418203051333e-15 
0.18599999999999994 5.773159728050814e-15 
0.18799999999999994 5.88418203051333e-15 
0.18999999999999995 6.217248937900877e-15 
0.19199999999999995 6.5503158452884236e-15 
0.19399999999999995 5.551115123125783e-15 
0.19599999999999995 6.661338147750939e-15 
0.19799999999999995 5.551115123125783e-15 
0.19999999999999996 6.217248937900877e-15 
0.20199999999999996 5.995204332975845e-15 
0.20399999999999996 6.217248937900877e-15 
0.20599999999999996 5.88418203051333e-15 
0.20799999999999996 5.88418203051333e-15 
0.20999999999999996 6.328271240363392e-15 
0.21199999999999997 5.773159728050814e-15 
0.21399999999999997 6.106226635438361e-15 
0.21599999999999997 5.551115123125783e-15 
0.21799999999999997 6.217248937900877e-15 
0.21999999999999997 5.88418203051333e-15 
0.22199999999999998 5.88418203051333e-15 
0.22399999999999998 5.551115123125783e-15 
0.22599999999999998 5.662137425588298e-15 
0.22799999999999998 5.662137425588298e-15 
0.22999999999999998 5.773159728050814e-15 
0.23199999999999998 5.773159728050814e-15 
0.23399999999999999 5.329070518200751e-15 
0.236 5.329070518200751e-15 
0.238 5.440092820663267e-15 
0.24 5.440092820663267e-15 
0.242 5.10702591327572e-15 
0.244 5.218048215738236e-15 
0.246 4.218847493575595e-15 
0.248 4.773959005888173e-15 
0.25 4.551914400963142e-15 
0.252 4.440892098500626e-15 
0.254 3.9968028886505635e-15 
0.256 4.6629367034256575e-15 
0.258 4.107825191113079e-15 
0.26 3.9968028886505635e-15 
0.262 3.9968028886505635e-15 
0.264 3.774758283725532e-15 
0.266 3.3306690738754696e-15 
0.268 3.6637359812630166e-15 
0.27 2.9976021664879227e-15 
0.272 3.6637359812630166e-15 
0.274 2.4424906541753444e-15 
0.276 2.7755575615628914e-15 
0.278 2.7755575615628914e-15 
0.28 2.6645352591003757e-15 
0.28200000000000003 2.3314683517128287e-15 
0.28400000000000003 2.275957200481571e-15 
0.28600000000000003 1.6653345369377348e-15 
0.28800000000000003 1.4432899320127035e-15 
0.29000000000000004 2.3869795029440866e-15 
0.29200000000000004 1.7208456881689926e-15 
0.29400000000000004 1.6653345369377348e-15 
0.29600000000000004 1.4988010832439613e-15 
0.29800000000000004 1.7208456881689926e-15 
0.30000000000000004 1.3322676295501878e-15 
0.30200000000000005 4.440892098500626e-16 
0.30400000000000005 1.6653345369377348e-16 
0.30600000000000005 1.1657341758564144e-15 
0.30800000000000005 9.992007221626409e-16 
0.31000000000000005 -5.551115123125783e-17 
0.31200000000000006 2.220446049250313e-16 
0.31400000000000006 2.7755575615628914e-16 
0.31600000000000006 0.0 
0.31800000000000006 -7.771561172376096e-16 
0.32000000000000006 -5.551115123125783e-16 
0.32200000000000006 -7.771561172376096e-16 
0.32400000000000007 -1.1102230246251565e-15 
0.32600000000000007 -1.4432899320127035e-15 
0.32800000000000007 -1.1102230246251565e-15 
0.33000000000000007 -6.661338147750939e-16 
0.3320000000000001 -1.1657341758564144e-15 
0.3340000000000001 -1.6930901125533637e-15 
0.3360000000000001 -1.915134717478395e-15 
0.3380000000000001 -1.3322676295501878e-15 
0.3400000000000001 -2.1649348980190553e-15 
0.3420000000000001 -1.6375789613221059e-15 
0.3440000000000001 -2.0816681711721685e-15 
0.3460000000000001 -1.8041124150158794e-15 
0.3480000000000001 -1.970645868709653e-15 
0.3500000000000001 -3.0808688933348094e-15 
0.3520000000000001 -2.1371793224034263e-15 
0.3540000000000001 -2.886579864025407e-15 
0.3560000000000001 -2.914335439641036e-15 
0.3580000000000001 -2.0816681711721685e-15 
0.3600000000000001 -2.1094237467877974e-15 
0.3620000000000001 -2.761679773755077e-15 
0.3640000000000001 -2.9698465908722937e-15 
0.3660000000000001 -2.6367796834847468e-15 
0.3680000000000001 -2.9906632725840154e-15 
0.3700000000000001 -3.011479954295737e-15 
0.3720000000000001 -2.9004576518332215e-15 
0.3740000000000001 -2.9455604622086184e-15 
0.3760000000000001 -3.986394547794703e-15 
0.3780000000000001 -3.0127809969027197e-15 
0.3800000000000001 -2.626371342628886e-15 
0.3820000000000001 -2.744332538995309e-15 
0.3840000000000001 -2.942091015256665e-15 
0.3860000000000001 -3.2959746043559335e-15 
0.3880000000000001 -2.7478019859472624e-15 
0.3900000000000001 -3.3306690738754696e-15 
0.3920000000000001 -3.316791286067655e-15 
0.39400000000000013 -3.622102617839573e-15 
0.39600000000000013 -3.1225022567582528e-15 
0.39800000000000013 -3.885780586188048e-15 
0.40000000000000013 -2.914335439641036e-15 
0.40200000000000014 -3.4139358007223564e-15 
0.40400000000000014 -2.942091015256665e-15 
0.40600000000000014 -3.164135620181696e-15 
0.4079999999999999 -2.248201624865942e-15 
0.4099999999999999 -2.4980018054066022e-15 
0.4119999999999999 -2.248201624865942e-15 
0.4139999999999999 -2.3314683517128287e-15 
0.4159999999999999 -1.887379141862766e-15 
0.4179999999999999 -1.5543122344752192e-15 
0.41999999999999993 -2.6645352591003757e-15 
0.42199999999999993 -2.275957200481571e-15 
0.42399999999999993 -1.8318679906315083e-15 
0.42599999999999993 -2.275957200481571e-15 
0.42799999999999994 -1.942890293094024e-15 
0.42999999999999994 -2.1649348980190553e-15 
0.43199999999999994 -1.609823385706477e-15 
0.43399999999999994 -2.275957200481571e-15 
0.43599999999999994 -2.4980018054066022e-15 
0.43799999999999994 -1.1102230246251565e-15 
0.43999999999999995 -1.27675647831893e-15 
0.44199999999999995 -6.661338147750939e-16 
0.44399999999999995 -2.0539125955565396e-15 
0.44599999999999995 -9.43689570931383e-16 
0.44799999999999995 -1.7208456881689926e-15 
0.44999999999999996 -8.881784197001252e-16 
0.45199999999999996 -1.0547118733938987e-15 
0.45399999999999996 -1.887379141862766e-15 
0.45599999999999996 -1.7763568394002505e-15 
0.45799999999999996 -1.5543122344752192e-15 
0.45999999999999996 -1.1102230246251565e-16 
0.46199999999999997 -8.881784197001252e-16 
0.46399999999999997 -1.1102230246251565e-16 
0.46599999999999997 -2.220446049250313e-16 
0.46799999999999997 -4.440892098500626e-16 
0.47 -6.661338147750939e-16 
0.472 -1.1102230246251565e-16 
0.474 -6.661338147750939e-16 
0.476 9.992007221626409e-16 
0.478 -3.3306690738754696e-16 
0.48 3.3306690738754696e-16 
0.482 -5.551115123125783e-16 
0.484 0.0 
0.486 -4.440892098500626e-16 
0.488 -6.661338147750939e-16 
0.49 0.0 
0.492 0.0 
0.494 4.440892098500626e-16 
0.496 -2.220446049250313e-16 
0.498 1.1102230246251565e-15 
0.5 -5.551115123125783e-16 
0.502 -4.440892098500626e-16 
0.504 -9.992007221626409e-16 
0.506 9.992007221626409e-16 
0.508 0.0 
0.51 -7.771561172376096e-16 
0.512 -6.661338147750939e-16 
0.514 -3.3306690738754696e-16 
0.516 -1.1102230246251565e-15 
0.518 -4.440892098500626e-16 
0.52 -1.1102230246251565e-15 
0.522 -2.220446049250313e-16 
0.524 -6.661338147750939e-16 
0.526 -2.220446049250313e-15 
0.528 -6.661338147750939e-16 
0.53 -2.220446049250313e-16 
0.532 -1.7763568394002505e-15 
0.534 -1.1102230246251565e-15 
0.536 -8.881784197001252e-16 
0.538 -1.5543122344752192e-15 
0.54 -1.9984014443252818e-15 
0.542 -1.9984014443252818e-15 
0.544 -2.220446049250313e-15 
0.546 -1.9984014443252818e-15 
0.548 -2.886579864025407e-15 
0.55 -2.220446049250313e-15 
0.552 -3.1086244689504383e-15 
0.554 -4.218847493575595e-15 
0.556 -3.774758283725532e-15 
0.558 -3.552713678800501e-15 
0.56 -3.552713678800501e-15 
0.562 -3.552713678800501e-15 
0.5640000000000001 -3.774758283725532e-15 
0.5660000000000001 -4.218847493575595e-15 
0.5680000000000001 -3.774758283725532e-15 
0.5700000000000001 -3.9968028886505635e-15 
0.5720000000000001 -5.10702591327572e-15 
0.5740000000000001 -4.440892098500626e-15 
0.5760000000000001 -5.551115123125783e-15 
0.5780000000000001 -5.10702591327572e-15 
0.5800000000000001 -6.217248937900877e-15 
0.5820000000000001 -5.10702591327572e-15 
0.5840000000000001 -5.329070518200751e-15 
0.5860000000000001 -5.551115123125783e-15 
0.5880000000000001 -6.439293542825908e-15 
0.5900000000000001 -6.217248937900877e-15 
0.5920000000000001 -6.661338147750939e-15 
0.5940000000000001 -6.439293542825908e-15 
0.5960000000000001 -6.217248937900877e-15 
0.5980000000000001 -7.105427357601002e-15 
0.6000000000000001 -6.661338147750939e-15 
0.6020000000000001 -7.327471962526033e-15 
0.6040000000000001 -7.549516567451064e-15 
0.6060000000000001 -7.771561172376096e-15 
0.6080000000000001 -7.549516567451064e-15 
0.6100000000000001 -7.771561172376096e-15 
0.6120000000000001 -7.327471962526033e-15 
0.6140000000000001 -7.771561172376096e-15 
0.6160000000000001 -8.659739592076221e-15 
0.6180000000000001 -9.103828801926284e-15 
0.6200000000000001 -8.659739592076221e-15 
0.6220000000000001 -8.215650382226158e-15 
0.6240000000000001 -9.103828801926284e-15 
0.6260000000000001 -8.881784197001252e-15 
0.6280000000000001 -8.215650382226158e-15 
0.6300000000000001 -8.659739592076221e-15 
0.6320000000000001 -9.325873406851315e-15 
0.6340000000000001 -7.993605777301127e-15 
0.6360000000000001 -8.215650382226158e-15 
0.6380000000000001 -7.993605777301127e-15 
0.6400000000000001 -8.43769498715119e-15 
0.6420000000000001 -7.549516567451064e-15 
0.6440000000000001 -7.993605777301127e-15 
0.6460000000000001 -8.881784197001252e-15 
0.6480000000000001 -9.325873406851315e-15 
0.6500000000000001 -7.549516567451064e-15 
0.6520000000000001 -8.881784197001252e-15 
0.6540000000000001 -9.325873406851315e-15 
0.6560000000000001 -7.993605777301127e-15 
0.6580000000000001 -8.43769498715119e-15 
0.6600000000000001 -7.105427357601002e-15 
0.6620000000000001 -7.549516567451064e-15 
0.6640000000000001 -7.549516567451064e-15 
0.6659999999999999 -6.217248937900877e-15 
0.6679999999999999 -5.773159728050814e-15 
0.6699999999999999 -6.661338147750939e-15 
0.6719999999999999 -6.661338147750939e-15 
0.6739999999999999 -6.217248937900877e-15 
0.6759999999999999 -6.661338147750939e-15 
0.6779999999999999 -6.217248937900877e-15 
0.6799999999999999 -4.884981308350689e-15 
0.6819999999999999 -5.773159728050814e-15 
0.6839999999999999 -4.440892098500626e-15 
0.6859999999999999 -4.440892098500626e-15 
0.688 -3.9968028886505635e-15 
0.69 -3.552713678800501e-15 
0.692 -3.1086244689504383e-15 
0.694 -2.6645352591003757e-15 
0.696 -2.220446049250313e-15 
0.698 -8.881784197001252e-16 
0.7 0.0 
0.702 -1.3322676295501878e-15 
0.704 -8.881784197001252e-16 
0.706 -8.881784197001252e-16 
0.708 1.3322676295501878e-15 
0.71 -4.440892098500626e-16 
0.712 1.3322676295501878e-15 
0.714 3.1086244689504383e-15 
0.716 3.1086244689504383e-15 
0.718 3.9968028886505635e-15 
0.72 3.552713678800501e-15 
0.722 3.552713678800501e-15 
0.724 4.884981308350689e-15 
0.726 4.440892098500626e-15 
0.728 4.884981308350689e-15 
0.73 7.993605777301127e-15 
0.732 7.105427357601002e-15 
0.734 6.661338147750939e-15 
0.736 6.217248937900877e-15 
0.738 6.661338147750939e-15 
0.74 9.325873406851315e-15 
0.742 8.881784197001252e-15 
0.744 7.993605777301127e-15 
0.746 7.105427357601002e-15 
0.748 9.325873406851315e-15 
0.75 9.325873406851315e-15 
0.752 1.0658141036401503e-14 
0.754 1.1102230246251565e-14 
0.756 1.0658141036401503e-14 
0.758 1.0658141036401503e-14 
0.76 1.199040866595169e-14 
0.762 1.199040866595169e-14 
0.764 1.3322676295501878e-14 
0.766 1.1102230246251565e-14 
0.768 1.2434497875801753e-14 
0.77 1.199040866595169e-14 
0.772 1.3322676295501878e-14 
0.774 1.1546319456101628e-14 
0.776 1.0658141036401503e-14 
0.778 1.1546319456101628e-14 
0.78 1.199040866595169e-14 
0.782 1.199040866595169e-14 
0.784 1.1546319456101628e-14 
0.786 1.199040866595169e-14 
0.788 1.1546319456101628e-14 
0.79 1.1102230246251565e-14 
0.792 1.0658141036401503e-14 
0.794 1.1546319456101628e-14 
0.796 1.1102230246251565e-14 
0.798 1.021405182655144e-14 
0.8 9.769962616701378e-15 
0.802 9.769962616701378e-15 
0.804 9.769962616701378e-15 
0.806 9.325873406851315e-15 
0.808 8.881784197001252e-15 
0.81 7.549516567451064e-15 
0.812 1.021405182655144e-14 
0.8140000000000001 7.549516567451064e-15 
0.8160000000000001 6.217248937900877e-15 
0.8180000000000001 7.105427357601002e-15 
0.8200000000000001 6.217248937900877e-15 
0.8220000000000001 6.217248937900877e-15 
0.8240000000000001 5.773159728050814e-15 
0.8260000000000001 5.329070518200751e-15 
0.8280000000000001 4.440892098500626e-15 
0.8300000000000001 3.1086244689504383e-15 
0.8320000000000001 8.881784197001252e-16 
0.8340000000000001 8.881784197001252e-16 
0.8360000000000001 2.6645352591003757e-15 
0.8380000000000001 8.881784197001252e-16 
0.8400000000000001 8.881784197001252e-16 
0.8420000000000001 0.0 
0.8440000000000001 -8.881784197001252e-16 
0.8460000000000001 -8.881784197001252e-16 
0.8480000000000001 -2.6645352591003757e-15 
0.8500000000000001 -2.220446049250313e-15 
0.8520000000000001 -2.220446049250313e-15 
0.8540000000000001 -5.329070518200751e-15 
0.8560000000000001 -5.773159728050814e-15 
0.8580000000000001 -4.440892098500626e-15 
0.8600000000000001 -4.884981308350689e-15 
0.8620000000000001 -5.773159728050814e-15 
0.8640000000000001 -7.105427357601002e-15 
0.8660000000000001 -7.993605777301127e-15 
0.8680000000000001 -7.993605777301127e-15 
0.8700000000000001 -7.993605777301127e-15 
0.8720000000000001 -8.881784197001252e-15 
0.8740000000000001 -8.881784197001252e-15 
0.8760000000000001 -7.993605777301127e-15 
0.8780000000000001 -8.881784197001252e-15 
0.8800000000000001 -7.993605777301127e-15 
0.8820000000000001 -6.217248937900877e-15 
0.8840000000000001 -7.105427357601002e-15 
0.8860000000000001 -8.881784197001252e-15 
0.8880000000000001 -7.993605777301127e-15 
0.8900000000000001 -7.105427357601002e-15 
0.8920000000000001 -7.993605777301127e-15 
0.8940000000000001 -1.0658141036401503e-14 
0.8960000000000001 -7.105427357601002e-15 
0.8980000000000001 -7.105427357601002e-15 
0.9000000000000001 -7.105427357601002e-15 
0.9020000000000001 -7.105427357601002e-15 
0.9040000000000001 -7.105427357601002e-15 
0.9060000000000001 -5.329070518200751e-15 
0.9080000000000001 -6.217248937900877e-15 
0.9100000000000001 -3.552713678800501e-15 
0.9120000000000001 -4.440892098500626e-15 
0.9140000000000001 -2.6645352591003757e-15 
0.9160000000000001 -3.552713678800501e-15 
0.9180000000000001 -1.7763568394002505e-15 
0.9199999999999999 -8.881784197001252e-16 
0.9219999999999999 0.0 
0.9239999999999999 -8.881784197001252e-16 
0.9259999999999999 8.881784197001252e-16 
0.9279999999999999 1.7763568394002505e-15 
0.9299999999999999 8.881784197001252e-16 
0.9319999999999999 2.6645352591003757e-15 
0.9339999999999999 4.440892098500626e-15 
0.9359999999999999 4.440892098500626e-15 
0.938 3.552713678800501e-15 
0.94 6.217248937900877e-15 
0.942 6.217248937900877e-15 
0.944 7.105427357601002e-15 
0.946 6.217248937900877e-15 
0.948 6.217248937900877e-15 
0.95 7.105427357601002e-15 
0.952 7.993605777301127e-15 
0.954 7.105427357601002e-15 
0.956 7.993605777301127e-15 
0.958 7.993605777301127e-15 
0.96 7.105427357601002e-15 
0.962 7.993605777301127e-15 
0.964 8.881784197001252e-15 
0.966 8.881784197001252e-15 
0.968 7.105427357601002e-15 
0.97 7.105427357601002e-15 
0.972 3.552713678800501e-15 
0.974 5.329070518200751e-15 
0.976 3.552713678800501e-15 
0.978 8.881784197001252e-16 
0.98 8.881784197001252e-16 
0.982 8.881784197001252e-16 
0.984 -1.7763568394002505e-15 
0.986 -1.7763568394002505e-15 
0.988 -2.6645352591003757e-15 
0.99 -4.440892098500626e-15 
0.992 -4.440892098500626e-15 
0.994 -8.881784197001252e-15 
0.996 -7.105427357601002e-15 
0.998 -7.993605777301127e-15 
