-1.0 -1.794120407794253e-13 
-0.998 -6.750155989720952e-14 
-0.996 3.552713678800501e-15 
-0.994 5.5067062021407764e-14 
-0.992 8.526512829121202e-14 
-0.99 9.947598300641403e-14 
-0.988 1.1191048088221578e-13 
-0.986 1.0658141036401503e-13 
-0.984 9.769962616701378e-14 
-0.982 9.237055564881302e-14 
-0.98 7.460698725481052e-14 
-0.978 6.217248937900877e-14 
-0.976 4.796163466380676e-14 
-0.974 3.730349362740526e-14 
-0.972 3.197442310920451e-14 
-0.97 1.5987211554602254e-14 
-0.968 8.881784197001252e-15 
-0.966 5.329070518200751e-15 
-0.964 -7.105427357601002e-15 
-0.962 -8.881784197001252e-15 
-0.96 -1.5987211554602254e-14 
-0.958 -1.2434497875801753e-14 
-0.956 -2.3092638912203256e-14 
-0.954 -1.5987211554602254e-14 
-0.952 -1.2434497875801753e-14 
-0.95 -1.2434497875801753e-14 
-0.948 -1.4210854715202004e-14 
-0.946 -8.881784197001252e-15 
-0.944 -8.881784197001252e-15 
-0.942 -5.329070518200751e-15 
-0.94 -1.7763568394002505e-15 
-0.938 -3.552713678800501e-15 
-0.9359999999999999 -2.6645352591003757e-15 
-0.9339999999999999 0.0 
-0.9319999999999999 3.552713678800501e-15 
-0.9299999999999999 1.7763568394002505e-15 
-0.9279999999999999 -1.7763568394002505e-15 
-0.926 -8.881784197001252e-16 
-0.924 -3.552713678800501e-15 
-0.922 1.7763568394002505e-15 
-0.92 -6.217248937900877e-15 
-0.918 -5.329070518200751e-15 
-0.916 -7.993605777301127e-15 
-0.914 -7.993605777301127e-15 
-0.912 -1.0658141036401503e-14 
-0.91 -1.2434497875801753e-14 
-0.908 -1.5987211554602254e-14 
-0.906 -1.7763568394002505e-14 
-0.904 -1.687538997430238e-14 
-0.902 -1.7763568394002505e-14 
-0.9 -2.1316282072803006e-14 
-0.898 -2.220446049250313e-14 
-0.896 -2.3092638912203256e-14 
-0.894 -2.042810365310288e-14 
-0.892 -2.398081733190338e-14 
-0.89 -1.9539925233402755e-14 
-0.888 -2.042810365310288e-14 
-0.886 -2.220446049250313e-14 
-0.884 -2.3092638912203256e-14 
-0.882 -2.1316282072803006e-14 
-0.88 -2.1316282072803006e-14 
-0.878 -2.042810365310288e-14 
-0.876 -1.9539925233402755e-14 
-0.874 -1.509903313490213e-14 
-0.872 -1.3322676295501878e-14 
-0.87 -1.3322676295501878e-14 
-0.868 -9.769962616701378e-15 
-0.866 -5.329070518200751e-15 
-0.864 -7.105427357601002e-15 
-0.862 -4.440892098500626e-15 
-0.86 0.0 
-0.858 8.881784197001252e-16 
-0.856 3.552713678800501e-15 
-0.854 5.329070518200751e-15 
-0.852 6.217248937900877e-15 
-0.85 9.769962616701378e-15 
-0.848 1.2434497875801753e-14 
-0.846 1.687538997430238e-14 
-0.844 1.687538997430238e-14 
-0.842 1.865174681370263e-14 
-0.84 1.865174681370263e-14 
-0.838 1.865174681370263e-14 
-0.836 2.1316282072803006e-14 
-0.834 2.3092638912203256e-14 
-0.832 2.3092638912203256e-14 
-0.83 2.220446049250313e-14 
-0.828 2.220446049250313e-14 
-0.826 2.6645352591003757e-14 
-0.8240000000000001 2.4868995751603507e-14 
-0.8220000000000001 2.3092638912203256e-14 
-0.8200000000000001 2.3092638912203256e-14 
-0.8180000000000001 2.1316282072803006e-14 
-0.8160000000000001 2.1316282072803006e-14 
-0.8140000000000001 2.3092638912203256e-14 
-0.812 2.042810365310288e-14 
-0.81 2.042810365310288e-14 
-0.808 2.042810365310288e-14 
-0.806 1.865174681370263e-14 
-0.804 1.5987211554602254e-14 
-0.802 1.4210854715202004e-14 
-0.8 1.4210854715202004e-14 
-0.798 1.1546319456101628e-14 
-0.796 8.881784197001252e-15 
-0.794 7.993605777301127e-15 
-0.792 7.105427357601002e-15 
-0.79 3.552713678800501e-15 
-0.788 -3.552713678800501e-15 
-0.786 0.0 
-0.784 -5.329070518200751e-15 
-0.782 -2.6645352591003757e-15 
-0.78 -7.105427357601002e-15 
-0.778 -6.217248937900877e-15 
-0.776 -7.993605777301127e-15 
-0.774 -1.0658141036401503e-14 
-0.772 -1.2434497875801753e-14 
-0.77 -8.881784197001252e-15 
-0.768 -1.4210854715202004e-14 
-0.766 -1.687538997430238e-14 
-0.764 -1.3322676295501878e-14 
-0.762 -1.687538997430238e-14 
-0.76 -1.5987211554602254e-14 
-0.758 -1.7763568394002505e-14 
-0.756 -1.865174681370263e-14 
-0.754 -1.7763568394002505e-14 
-0.752 -1.5987211554602254e-14 
-0.75 -1.687538997430238e-14 
-0.748 -2.220446049250313e-14 
-0.746 -1.865174681370263e-14 
-0.744 -1.7763568394002505e-14 
-0.742 -1.3322676295501878e-14 
-0.74 -2.1316282072803006e-14 
-0.738 -1.7763568394002505e-14 
-0.736 -1.509903313490213e-14 
-0.734 -1.9539925233402755e-14 
-0.732 -1.4210854715202004e-14 
-0.73 -1.3322676295501878e-14 
-0.728 -1.4210854715202004e-14 
-0.726 -1.509903313490213e-14 
-0.724 -1.509903313490213e-14 
-0.722 -9.769962616701378e-15 
-0.72 -9.769962616701378e-15 
-0.718 -7.105427357601002e-15 
-0.716 -8.881784197001252e-15 
-0.714 -7.105427357601002e-15 
-0.712 -7.105427357601002e-15 
-0.71 -4.440892098500626e-15 
-0.708 -3.552713678800501e-15 
-0.706 -3.552713678800501e-15 
-0.704 -1.7763568394002505e-15 
-0.702 2.6645352591003757e-15 
-0.7 -8.881784197001252e-16 
-0.698 4.440892098500626e-15 
-0.696 2.6645352591003757e-15 
-0.694 2.6645352591003757e-15 
-0.692 2.6645352591003757e-15 
-0.69 2.6645352591003757e-15 
-0.688 6.217248937900877e-15 
-0.6859999999999999 1.0658141036401503e-14 
-0.6839999999999999 7.993605777301127e-15 
-0.6819999999999999 1.0658141036401503e-14 
-0.6799999999999999 1.0658141036401503e-14 
-0.6779999999999999 7.993605777301127e-15 
-0.6759999999999999 9.769962616701378e-15 
-0.6739999999999999 8.881784197001252e-15 
-0.6719999999999999 1.199040866595169e-14 
-0.6699999999999999 9.769962616701378e-15 
-0.6679999999999999 9.769962616701378e-15 
-0.6659999999999999 8.881784197001252e-15 
-0.6639999999999999 9.769962616701378e-15 
-0.6619999999999999 1.1546319456101628e-14 
-0.6599999999999999 8.881784197001252e-15 
-0.6579999999999999 7.993605777301127e-15 
-0.6559999999999999 8.43769498715119e-15 
-0.6539999999999999 8.881784197001252e-15 
-0.6519999999999999 1.021405182655144e-14 
-0.6499999999999999 8.881784197001252e-15 
-0.648 7.549516567451064e-15 
-0.646 7.549516567451064e-15 
-0.644 6.661338147750939e-15 
-0.642 7.993605777301127e-15 
-0.64 7.105427357601002e-15 
-0.638 6.217248937900877e-15 
-0.636 7.105427357601002e-15 
-0.634 5.329070518200751e-15 
-0.632 2.6645352591003757e-15 
-0.63 2.6645352591003757e-15 
-0.628 1.7763568394002505e-15 
-0.626 3.552713678800501e-15 
-0.624 8.881784197001252e-16 
-0.622 2.220446049250313e-15 
-0.62 -8.881784197001252e-16 
-0.618 -4.440892098500626e-16 
-0.616 -8.881784197001252e-16 
-0.614 -4.440892098500626e-15 
-0.612 -4.440892098500626e-15 
-0.61 -3.1086244689504383e-15 
-0.608 -6.217248937900877e-15 
-0.606 -7.993605777301127e-15 
-0.604 -7.993605777301127e-15 
-0.602 -8.881784197001252e-15 
-0.6 -8.881784197001252e-15 
-0.598 -8.881784197001252e-15 
-0.596 -9.769962616701378e-15 
-0.594 -9.325873406851315e-15 
-0.592 -6.661338147750939e-15 
-0.59 -1.0658141036401503e-14 
-0.588 -1.021405182655144e-14 
-0.586 -1.1546319456101628e-14 
-0.584 -8.43769498715119e-15 
-0.5820000000000001 -1.199040866595169e-14 
-0.5800000000000001 -1.0658141036401503e-14 
-0.5780000000000001 -8.43769498715119e-15 
-0.5760000000000001 -9.769962616701378e-15 
-0.5740000000000001 -1.0658141036401503e-14 
-0.5720000000000001 -1.2878587085651816e-14 
-0.5700000000000001 -1.1546319456101628e-14 
-0.5680000000000001 -8.881784197001252e-15 
-0.5660000000000001 -8.43769498715119e-15 
-0.5640000000000001 -9.325873406851315e-15 
-0.562 -1.2434497875801753e-14 
-0.56 -1.021405182655144e-14 
-0.558 -8.43769498715119e-15 
-0.556 -9.325873406851315e-15 
-0.554 -8.43769498715119e-15 
-0.552 -1.0658141036401503e-14 
-0.55 -8.881784197001252e-15 
-0.548 -9.325873406851315e-15 
-0.546 -3.9968028886505635e-15 
-0.544 -4.440892098500626e-15 
-0.542 -4.884981308350689e-15 
-0.54 -6.217248937900877e-15 
-0.538 -6.661338147750939e-15 
-0.536 -4.440892098500626e-15 
-0.534 -2.220446049250313e-15 
-0.532 -4.440892098500626e-15 
-0.53 -3.9968028886505635e-15 
-0.528 -2.6645352591003757e-15 
-0.526 -4.884981308350689e-15 
-0.524 -1.7763568394002505e-15 
-0.522 -8.881784197001252e-16 
-0.52 -1.3322676295501878e-15 
-0.518 -2.6645352591003757e-15 
-0.516 1.3322676295501878e-15 
-0.514 -1.7763568394002505e-15 
-0.512 0.0 
-0.51 -2.220446049250313e-15 
-0.508 1.9984014443252818e-15 
-0.506 8.881784197001252e-16 
-0.504 -8.881784197001252e-16 
-0.502 -2.220446049250313e-16 
-0.5 4.218847493575595e-15 
-0.498 3.3306690738754696e-15 
-0.496 3.1086244689504383e-15 
-0.494 3.774758283725532e-15 
-0.492 3.3306690738754696e-15 
-0.49 3.9968028886505635e-15 
-0.488 1.5543122344752192e-15 
-0.486 3.3306690738754696e-15 
-0.484 2.6645352591003757e-15 
-0.482 4.440892098500626e-15 
-0.48 3.9968028886505635e-15 
-0.478 4.6629367034256575e-15 
-0.476 6.661338147750939e-15 
-0.474 1.7763568394002505e-15 
-0.472 3.552713678800501e-15 
-0.47 5.551115123125783e-15 
-0.46799999999999997 5.10702591327572e-15 
-0.46599999999999997 5.773159728050814e-15 
-0.46399999999999997 5.995204332975845e-15 
-0.46199999999999997 2.4424906541753444e-15 
-0.45999999999999996 4.6629367034256575e-15 
-0.45799999999999996 3.774758283725532e-15 
-0.45599999999999996 5.995204332975845e-15 
-0.45399999999999996 5.773159728050814e-15 
-0.45199999999999996 6.439293542825908e-15 
-0.44999999999999996 7.105427357601002e-15 
-0.44799999999999995 3.552713678800501e-15 
-0.44599999999999995 6.439293542825908e-15 
-0.44399999999999995 5.773159728050814e-15 
-0.44199999999999995 4.884981308350689e-15 
-0.43999999999999995 4.440892098500626e-15 
-0.43799999999999994 7.105427357601002e-15 
-0.43599999999999994 5.551115123125783e-15 
-0.43399999999999994 5.551115123125783e-15 
-0.43199999999999994 4.440892098500626e-15 
-0.42999999999999994 5.773159728050814e-15 
-0.42799999999999994 5.551115123125783e-15 
-0.42599999999999993 6.217248937900877e-15 
-0.42399999999999993 7.105427357601002e-15 
-0.42200000000000004 4.6629367034256575e-15 
-0.42000000000000004 5.10702591327572e-15 
-0.41800000000000004 5.10702591327572e-15 
-0.41600000000000004 5.329070518200751e-15 
-0.41400000000000003 6.217248937900877e-15 
-0.41200000000000003 5.773159728050814e-15 
-0.41000000000000003 5.773159728050814e-15 
-0.40800000000000003 5.995204332975845e-15 
-0.406 6.439293542825908e-15 
-0.404 5.773159728050814e-15 
-0.402 5.551115123125783e-15 
-0.4 5.218048215738236e-15 
-0.398 5.995204332975845e-15 
-0.396 5.440092820663267e-15 
-0.394 5.329070518200751e-15 
-0.392 5.440092820663267e-15 
-0.39 5.773159728050814e-15 
-0.388 6.106226635438361e-15 
-0.386 5.329070518200751e-15 
-0.384 5.995204332975845e-15 
-0.382 7.105427357601002e-15 
-0.38 7.327471962526033e-15 
-0.378 6.772360450213455e-15 
-0.376 5.773159728050814e-15 
-0.374 6.661338147750939e-15 
-0.372 6.328271240363392e-15 
-0.37 6.772360450213455e-15 
-0.368 6.661338147750939e-15 
-0.366 6.8833827526759706e-15 
-0.364 6.217248937900877e-15 
-0.362 5.995204332975845e-15 
-0.36 7.105427357601002e-15 
-0.358 6.8833827526759706e-15 
-0.356 5.773159728050814e-15 
-0.354 5.218048215738236e-15 
-0.352 6.994405055138486e-15 
-0.35 5.662137425588298e-15 
-0.348 6.328271240363392e-15 
-0.346 6.5503158452884236e-15 
-0.344 5.773159728050814e-15 
-0.34199999999999997 5.828670879282072e-15 
-0.33999999999999997 5.828670879282072e-15 
-0.33799999999999997 5.6066262743570405e-15 
-0.33599999999999997 5.218048215738236e-15 
-0.33399999999999996 4.6629367034256575e-15 
-0.33199999999999996 5.10702591327572e-15 
-0.32999999999999996 4.718447854656915e-15 
-0.32799999999999996 4.3298697960381105e-15 
-0.32599999999999996 2.609024107869118e-15 
-0.32399999999999995 2.3314683517128287e-15 
-0.32199999999999995 3.164135620181696e-15 
-0.31999999999999995 2.3869795029440866e-15 
-0.31799999999999995 1.8318679906315083e-15 
-0.31599999999999995 1.942890293094024e-15 
-0.31399999999999995 1.27675647831893e-15 
-0.31199999999999994 9.992007221626409e-16 
-0.30999999999999994 -1.1102230246251565e-16 
-0.30799999999999994 3.885780586188048e-16 
-0.30599999999999994 3.885780586188048e-16 
-0.30399999999999994 -6.661338147750939e-16 
-0.30199999999999994 -1.1102230246251565e-15 
-0.29999999999999993 -9.992007221626409e-16 
-0.29799999999999993 -2.0539125955565396e-15 
-0.29600000000000004 -2.609024107869118e-15 
-0.29400000000000004 -2.9976021664879227e-15 
-0.29200000000000004 -2.942091015256665e-15 
-0.29000000000000004 -4.010680676458378e-15 
-0.28800000000000003 -4.1494585545365226e-15 
-0.28600000000000003 -4.551914400963142e-15 
-0.28400000000000003 -4.676814491233472e-15 
-0.28200000000000003 -5.037636974236648e-15 
-0.28 -4.954370247389761e-15 
-0.278 -6.945832797811136e-15 
-0.276 -6.7758298971654085e-15 
-0.274 -7.051650929845721e-15 
-0.272 -7.627579123870021e-15 
-0.27 -7.735131979380583e-15 
-0.268 -8.326672684688674e-15 
-0.266 -8.666678485980128e-15 
-0.264 -8.403000517631654e-15 
-0.262 -9.145462165349727e-15 
-0.26 -8.590350653037149e-15 
-0.258 -9.131584377541913e-15 
-0.256 -9.547918011776346e-15 
-0.254 -9.33975119465913e-15 
-0.252 -9.089951014118469e-15 
-0.25 -9.242606680004428e-15 
-0.248 -9.631184738623233e-15 
-0.246 -9.742207041085749e-15 
-0.244 -1.0325074129013956e-14 
-0.242 -1.0352829704629585e-14 
-0.24 -1.0130785099704553e-14 
-0.238 -1.021405182655144e-14 
-0.236 -1.0047518372857667e-14 
-0.23399999999999999 -9.103828801926284e-15 
-0.23199999999999998 -9.631184738623233e-15 
-0.22999999999999998 -9.631184738623233e-15 
-0.22799999999999998 -8.604228440844963e-15 
-0.22599999999999998 -8.604228440844963e-15 
-0.22399999999999998 -8.43769498715119e-15 
-0.22199999999999998 -7.549516567451064e-15 
-0.21999999999999997 -8.43769498715119e-15 
-0.21799999999999997 -7.716050021144838e-15 
-0.21599999999999997 -8.049116928532385e-15 
-0.21399999999999997 -7.049916206369744e-15 
-0.21199999999999997 -5.384581669432009e-15 
-0.20999999999999996 -5.88418203051333e-15 
-0.20799999999999996 -5.384581669432009e-15 
-0.20599999999999996 -4.9960036108132044e-15 
-0.20399999999999996 -4.052314039881821e-15 
-0.20199999999999996 -3.608224830031759e-15 
-0.19999999999999996 -2.1094237467877974e-15 
-0.19799999999999995 -2.1094237467877974e-15 
-0.19599999999999995 -1.8318679906315083e-15 
-0.19399999999999995 -7.216449660063518e-16 
-0.19199999999999995 -6.661338147750939e-16 
-0.18999999999999995 2.7755575615628914e-16 
-0.18799999999999994 1.7208456881689926e-15 
-0.18599999999999994 2.3314683517128287e-15 
-0.18399999999999994 2.1649348980190553e-15 
-0.18199999999999994 3.4416913763379853e-15 
-0.17999999999999994 3.9968028886505635e-15 
-0.17799999999999994 4.440892098500626e-15 
-0.17599999999999993 4.6629367034256575e-15 
-0.17399999999999993 5.995204332975845e-15 
-0.17199999999999993 6.772360450213455e-15 
-0.16999999999999993 7.327471962526033e-15 
-0.16799999999999993 7.993605777301127e-15 
-0.16600000000000004 8.43769498715119e-15 
-0.16400000000000003 9.769962616701378e-15 
-0.16200000000000003 1.0547118733938987e-14 
-0.16000000000000003 1.0436096431476471e-14 
-0.15800000000000003 1.0658141036401503e-14 
-0.15600000000000003 1.1657341758564144e-14 
-0.15400000000000003 1.2212453270876722e-14 
-0.15200000000000002 1.2101430968414206e-14 
-0.15000000000000002 1.3322676295501878e-14 
-0.14800000000000002 1.3211653993039363e-14 
-0.14600000000000002 1.432187701766452e-14 
-0.14400000000000002 1.4654943925052066e-14 
-0.14200000000000002 1.4765966227514582e-14 
-0.14 1.509903313490213e-14 
-0.138 1.5654144647214707e-14 
-0.136 1.5432100042289676e-14 
-0.134 1.609823385706477e-14 
-0.132 1.5765166949677223e-14 
-0.13 1.5654144647214707e-14 
-0.128 1.5987211554602254e-14 
-0.126 1.6431300764452317e-14 
-0.124 1.687538997430238e-14 
-0.122 1.6209256159527285e-14 
-0.12 1.63202784619898e-14 
-0.118 1.5765166949677223e-14 
-0.11599999999999999 1.554312234475219e-14 
-0.11399999999999999 1.5765166949677223e-14 
-0.11199999999999999 1.532107773982716e-14 
-0.10999999999999999 1.4765966227514582e-14 
-0.10799999999999998 1.4988010832439613e-14 
-0.10599999999999998 1.4988010832439613e-14 
-0.10399999999999998 1.4099832412739488e-14 
-0.10199999999999998 1.4210854715202004e-14 
-0.09999999999999998 1.2101430968414206e-14 
-0.09799999999999998 1.2212453270876722e-14 
-0.09599999999999997 1.199040866595169e-14 
-0.09399999999999997 1.1435297153639112e-14 
-0.09199999999999997 1.0769163338864018e-14 
-0.08999999999999997 1.0436096431476471e-14 
-0.08799999999999997 9.325873406851315e-15 
-0.08599999999999997 7.993605777301127e-15 
-0.08399999999999996 7.771561172376096e-15 
-0.08199999999999996 6.8833827526759706e-15 
-0.07999999999999996 6.106226635438361e-15 
-0.07799999999999996 5.218048215738236e-15 
-0.07599999999999996 4.551914400963142e-15 
-0.07399999999999995 3.552713678800501e-15 
-0.07199999999999995 2.1094237467877974e-15 
-0.06999999999999995 2.220446049250313e-15 
-0.06799999999999995 7.771561172376096e-16 
-0.06599999999999995 -5.551115123125783e-16 
-0.06399999999999995 -9.992007221626409e-16 
-0.061999999999999944 -2.220446049250313e-15 
-0.05999999999999994 -2.886579864025407e-15 
-0.05799999999999994 -3.6637359812630166e-15 
-0.05599999999999994 -4.773959005888173e-15 
-0.05399999999999994 -5.662137425588298e-15 
-0.051999999999999935 -6.439293542825908e-15 
-0.04999999999999993 -6.8833827526759706e-15 
-0.04799999999999993 -8.215650382226158e-15 
-0.04599999999999993 -8.326672684688674e-15 
-0.04399999999999993 -9.769962616701378e-15 
-0.041999999999999926 -1.0547118733938987e-14 
-0.040000000000000036 -1.1435297153639112e-14 
-0.038000000000000034 -1.1657341758564144e-14 
-0.03600000000000003 -1.2656542480726785e-14 
-0.03400000000000003 -1.354472090042691e-14 
-0.03200000000000003 -1.3655743202889425e-14 
-0.030000000000000027 -1.432187701766452e-14 
-0.028000000000000025 -1.4988010832439613e-14 
-0.026000000000000023 -1.532107773982716e-14 
-0.02400000000000002 -1.5654144647214707e-14 
-0.02200000000000002 -1.6542323066914832e-14 
-0.020000000000000018 -1.63202784619898e-14 
-0.018000000000000016 -1.709743457922741e-14 
-0.016000000000000014 -1.7430501486614958e-14 
-0.014000000000000012 -1.7319479184152442e-14 
-0.01200000000000001 -1.84297022087776e-14 
-0.010000000000000009 -1.8096635301390052e-14 
-0.008000000000000007 -1.84297022087776e-14 
-0.006000000000000005 -1.8096635301390052e-14 
-0.0040000000000000036 -1.7985612998927536e-14 
-0.0020000000000000018 -1.787459069646502e-14 
0.0 -1.7319479184152442e-14 
0.0020000000000000018 -1.7541523789077473e-14 
0.0040000000000000036 -1.687538997430238e-14 
0.006000000000000005 -1.709743457922741e-14 
0.008000000000000007 -1.6209256159527285e-14 
0.010000000000000009 -1.6653345369377348e-14 
0.01200000000000001 -1.5987211554602254e-14 
0.014000000000000012 -1.5765166949677223e-14 
0.016000000000000014 -1.4654943925052066e-14 
0.018000000000000016 -1.4654943925052066e-14 
0.020000000000000018 -1.2878587085651816e-14 
0.02200000000000002 -1.3322676295501878e-14 
0.02400000000000002 -1.199040866595169e-14 
0.026000000000000023 -1.199040866595169e-14 
0.028000000000000025 -1.1102230246251565e-14 
0.030000000000000027 -1.021405182655144e-14 
0.03200000000000003 -8.881784197001252e-15 
0.03400000000000003 -8.43769498715119e-15 
0.03600000000000003 -7.993605777301127e-15 
0.038000000000000034 -6.439293542825908e-15 
0.040000000000000036 -5.329070518200751e-15 
0.04200000000000004 -5.10702591327572e-15 
0.04400000000000004 -3.552713678800501e-15 
0.04600000000000004 -2.6645352591003757e-15 
0.04800000000000004 -1.7763568394002505e-15 
0.050000000000000044 -6.661338147750939e-16 
0.052000000000000046 1.5543122344752192e-15 
0.05400000000000005 1.5543122344752192e-15 
0.05600000000000005 2.4424906541753444e-15 
0.05800000000000005 2.886579864025407e-15 
0.06000000000000005 4.884981308350689e-15 
0.062000000000000055 5.773159728050814e-15 
0.06400000000000006 6.661338147750939e-15 
0.06600000000000006 8.215650382226158e-15 
0.06800000000000006 8.881784197001252e-15 
0.07000000000000006 1.021405182655144e-14 
0.07200000000000006 1.1324274851176597e-14 
0.07400000000000007 1.2212453270876722e-14 
0.07600000000000007 1.2878587085651816e-14 
0.07800000000000007 1.4210854715202004e-14 
0.08000000000000007 1.4432899320127035e-14 
0.08200000000000007 1.6653345369377348e-14 
0.08400000000000007 1.5987211554602254e-14 
0.08600000000000008 1.7541523789077473e-14 
0.08800000000000008 1.7763568394002505e-14 
0.09000000000000008 1.865174681370263e-14 
0.09200000000000008 1.9984014443252818e-14 
0.09400000000000008 1.9761969838327786e-14 
0.09600000000000009 2.0872192862952943e-14 
0.09800000000000009 2.0872192862952943e-14 
0.10000000000000009 2.1094237467877974e-14 
0.10200000000000009 2.1649348980190553e-14 
0.10400000000000009 2.1760371282653068e-14 
0.1060000000000001 2.19824158875781e-14 
0.1080000000000001 2.3092638912203256e-14 
0.1100000000000001 2.2648549702353193e-14 
0.1120000000000001 2.275957200481571e-14 
0.1140000000000001 2.2648549702353193e-14 
0.1160000000000001 2.2870594307278225e-14 
0.1180000000000001 2.2870594307278225e-14 
0.1200000000000001 2.2426505097428162e-14 
0.12200000000000011 2.2315482794965646e-14 
0.12400000000000011 2.220446049250313e-14 
0.1260000000000001 2.1760371282653068e-14 
0.1280000000000001 2.120525977034049e-14 
0.13000000000000012 2.0650148258027912e-14 
0.13200000000000012 2.0095036745715333e-14 
0.13400000000000012 2.0095036745715333e-14 
0.13600000000000012 1.9984014443252818e-14 
0.13800000000000012 1.8984813721090177e-14 
0.14000000000000012 1.8762769116165146e-14 
0.14200000000000013 1.787459069646502e-14 
0.14400000000000013 1.7208456881689926e-14 
0.14600000000000013 1.6542323066914832e-14 
0.14800000000000013 1.4988010832439613e-14 
0.15000000000000013 1.454392162258955e-14 
0.15200000000000014 1.3322676295501878e-14 
0.15399999999999991 1.2656542480726785e-14 
0.15599999999999992 1.1879386363489175e-14 
0.15799999999999992 9.769962616701378e-15 
0.15999999999999992 1.021405182655144e-14 
0.16199999999999992 8.881784197001252e-15 
0.16399999999999992 7.549516567451064e-15 
0.16599999999999993 6.328271240363392e-15 
0.16799999999999993 5.440092820663267e-15 
0.16999999999999993 4.6629367034256575e-15 
0.17199999999999993 2.7755575615628914e-15 
0.17399999999999993 1.6653345369377348e-15 
0.17599999999999993 4.440892098500626e-16 
0.17799999999999994 -6.661338147750939e-16 
0.17999999999999994 -1.2212453270876722e-15 
0.18199999999999994 -2.9976021664879227e-15 
0.18399999999999994 -3.219646771412954e-15 
0.18599999999999994 -4.9960036108132044e-15 
0.18799999999999994 -5.773159728050814e-15 
0.18999999999999995 -6.661338147750939e-15 
0.19199999999999995 -7.66053886991358e-15 
0.19399999999999995 -9.43689570931383e-15 
0.19599999999999995 -9.325873406851315e-15 
0.19799999999999995 -1.0880185641326534e-14 
0.19999999999999996 -1.1546319456101628e-14 
0.20199999999999996 -1.2434497875801753e-14 
0.20399999999999996 -1.2989609388114332e-14 
0.20599999999999996 -1.4432899320127035e-14 
0.20799999999999996 -1.454392162258955e-14 
0.20999999999999996 -1.4876988529977098e-14 
0.21199999999999997 -1.5987211554602254e-14 
0.21399999999999997 -1.6431300764452317e-14 
0.21599999999999997 -1.6986412276764895e-14 
0.21799999999999997 -1.6986412276764895e-14 
0.21999999999999997 -1.7763568394002505e-14 
0.22199999999999998 -1.8096635301390052e-14 
0.22399999999999998 -1.9206858326015208e-14 
0.22599999999999998 -1.84297022087776e-14 
0.22799999999999998 -1.8762769116165146e-14 
0.22999999999999998 -1.9095836023552692e-14 
0.23199999999999998 -1.84297022087776e-14 
0.23399999999999999 -1.9317880628477724e-14 
0.236 -1.9095836023552692e-14 
0.238 -1.887379141862766e-14 
0.24 -1.84297022087776e-14 
0.242 -1.8540724511240114e-14 
0.244 -1.8207657603852567e-14 
0.246 -1.8318679906315083e-14 
0.248 -1.7208456881689926e-14 
0.25 -1.7541523789077473e-14 
0.252 -1.6764367671839864e-14 
0.254 -1.6209256159527285e-14 
0.256 -1.5432100042289676e-14 
0.258 -1.5210055437364645e-14 
0.26 -1.4654943925052066e-14 
0.262 -1.3433698597964394e-14 
0.264 -1.2989609388114332e-14 
0.266 -1.1879386363489175e-14 
0.268 -1.1435297153639112e-14 
0.27 -1.0880185641326534e-14 
0.272 -9.769962616701378e-15 
0.274 -9.325873406851315e-15 
0.276 -8.326672684688674e-15 
0.278 -7.105427357601002e-15 
0.28 -6.439293542825908e-15 
0.28200000000000003 -5.218048215738236e-15 
0.28400000000000003 -4.551914400963142e-15 
0.28600000000000003 -3.497202527569243e-15 
0.28800000000000003 -2.7200464103316335e-15 
0.29000000000000004 -9.992007221626409e-16 
0.29200000000000004 -7.771561172376096e-16 
0.29400000000000004 7.216449660063518e-16 
0.29600000000000004 1.887379141862766e-15 
0.29800000000000004 2.3869795029440866e-15 
0.30000000000000004 3.4416913763379853e-15 
0.30200000000000005 3.774758283725532e-15 
0.30400000000000005 4.3298697960381105e-15 
0.30600000000000005 5.828670879282072e-15 
0.30800000000000005 6.827871601444713e-15 
0.31000000000000005 6.716849298982197e-15 
0.31200000000000006 7.771561172376096e-15 
0.31400000000000006 8.382183835919932e-15 
0.31600000000000006 8.93729534823251e-15 
0.31800000000000006 8.992806499463768e-15 
0.32000000000000006 9.603429163007604e-15 
0.32200000000000006 1.0436096431476471e-14 
0.32400000000000007 1.049160758270773e-14 
0.32600000000000007 1.0547118733938987e-14 
0.32800000000000007 1.1657341758564144e-14 
0.33000000000000007 1.2323475573339238e-14 
0.3320000000000001 1.226796442210798e-14 
0.3340000000000001 1.201816424156732e-14 
0.3360000000000001 1.1962653090336062e-14 
0.3380000000000001 1.2739809207573671e-14 
0.3400000000000001 1.199040866595169e-14 
0.3420000000000001 1.2462253451417382e-14 
0.3440000000000001 1.1601830607332886e-14 
0.3460000000000001 1.1796119636642288e-14 
0.3480000000000001 1.149080830487037e-14 
0.3500000000000001 1.0547118733938987e-14 
0.3520000000000001 1.1268763699945339e-14 
0.3540000000000001 9.797718192317006e-15 
0.3560000000000001 8.826273045769994e-15 
0.3580000000000001 9.325873406851315e-15 
0.3600000000000001 9.270362255620057e-15 
0.3620000000000001 7.591149930874508e-15 
0.3640000000000001 6.744604874597826e-15 
0.3660000000000001 6.5503158452884236e-15 
0.3680000000000001 5.974387651264124e-15 
0.3700000000000001 5.197231534026514e-15 
0.3720000000000001 4.621303340002214e-15 
0.3740000000000001 3.316791286067655e-15 
0.3760000000000001 1.9116652705264414e-15 
0.3780000000000001 1.6601303665098044e-15 
0.3800000000000001 1.1882855810441129e-15 
0.3820000000000001 1.3530843112619095e-16 
0.3840000000000001 -4.926614671774132e-16 
0.3860000000000001 -2.2412627309620348e-15 
0.3880000000000001 -2.525757381022231e-15 
0.3900000000000001 -4.121702978920894e-15 
0.3920000000000001 -5.037636974236648e-15 
0.39400000000000013 -6.217248937900877e-15 
0.39600000000000013 -6.619704784327496e-15 
0.39800000000000013 -7.91033905045424e-15 
0.40000000000000013 -8.354428260304303e-15 
0.40200000000000014 -9.270362255620057e-15 
0.40400000000000014 -1.0047518372857667e-14 
0.40600000000000014 -1.074140776324839e-14 
0.4079999999999999 -1.1102230246251565e-14 
0.4099999999999999 -1.2045919817182948e-14 
0.4119999999999999 -1.2573275753879898e-14 
0.4139999999999999 -1.301736496372996e-14 
0.4159999999999999 -1.3600232051658168e-14 
0.4179999999999999 -1.354472090042691e-14 
0.41999999999999993 -1.559863349598345e-14 
0.42199999999999993 -1.587618925213974e-14 
0.42399999999999993 -1.554312234475219e-14 
0.42599999999999993 -1.6431300764452317e-14 
0.42799999999999994 -1.6653345369377348e-14 
0.42999999999999994 -1.6930901125533637e-14 
0.43199999999999994 -1.7041923427996153e-14 
0.43399999999999994 -1.7541523789077473e-14 
0.43599999999999994 -1.8096635301390052e-14 
0.43799999999999994 -1.715294573045867e-14 
0.43999999999999995 -1.7430501486614958e-14 
0.44199999999999995 -1.6653345369377348e-14 
0.44399999999999995 -1.765254609153999e-14 
0.44599999999999995 -1.687538997430238e-14 
0.44799999999999995 -1.6930901125533637e-14 
0.44999999999999996 -1.554312234475219e-14 
0.45199999999999996 -1.5654144647214707e-14 
0.45399999999999996 -1.609823385706477e-14 
0.45599999999999996 -1.5210055437364645e-14 
0.45799999999999996 -1.4432899320127035e-14 
0.45999999999999996 -1.3100631690576847e-14 
0.46199999999999997 -1.3211653993039363e-14 
0.46399999999999997 -1.1657341758564144e-14 
0.46599999999999997 -1.1102230246251565e-14 
0.46799999999999997 -9.880984919163893e-15 
0.47 -9.658940314238862e-15 
0.472 -8.215650382226158e-15 
0.474 -8.326672684688674e-15 
0.476 -5.88418203051333e-15 
0.478 -4.884981308350689e-15 
0.48 -3.4416913763379853e-15 
0.482 -3.774758283725532e-15 
0.484 -2.1094237467877974e-15 
0.486 -9.992007221626409e-16 
0.488 -7.771561172376096e-16 
0.49 1.4432899320127035e-15 
0.492 2.4424906541753444e-15 
0.494 3.9968028886505635e-15 
0.496 4.884981308350689e-15 
0.498 7.216449660063518e-15 
0.5 5.995204332975845e-15 
0.502 8.104628079763643e-15 
0.504 8.770761894538737e-15 
0.506 1.1213252548714081e-14 
0.508 1.1435297153639112e-14 
0.51 1.1879386363489175e-14 
0.512 1.3433698597964394e-14 
0.514 1.4210854715202004e-14 
0.516 1.509903313490213e-14 
0.518 1.5987211554602254e-14 
0.52 1.63202784619898e-14 
0.522 1.7985612998927536e-14 
0.524 1.8207657603852567e-14 
0.526 1.7763568394002505e-14 
0.528 1.9095836023552692e-14 
0.53 1.9761969838327786e-14 
0.532 1.9317880628477724e-14 
0.534 2.0872192862952943e-14 
0.536 2.0872192862952943e-14 
0.538 2.1094237467877974e-14 
0.54 2.0650148258027912e-14 
0.542 2.042810365310288e-14 
0.544 2.1094237467877974e-14 
0.546 2.1316282072803006e-14 
0.548 1.9317880628477724e-14 
0.55 2.0650148258027912e-14 
0.552 1.9317880628477724e-14 
0.554 1.865174681370263e-14 
0.556 1.84297022087776e-14 
0.558 1.865174681370263e-14 
0.56 1.7763568394002505e-14 
0.562 1.7541523789077473e-14 
0.5640000000000001 1.6431300764452317e-14 
0.5660000000000001 1.6431300764452317e-14 
0.5680000000000001 1.509903313490213e-14 
0.5700000000000001 1.532107773982716e-14 
0.5720000000000001 1.2434497875801753e-14 
0.5740000000000001 1.354472090042691e-14 
0.5760000000000001 1.0658141036401503e-14 
0.5780000000000001 1.0436096431476471e-14 
0.5800000000000001 9.992007221626409e-15 
0.5820000000000001 9.547918011776346e-15 
0.5840000000000001 7.549516567451064e-15 
0.5860000000000001 7.549516567451064e-15 
0.5880000000000001 5.10702591327572e-15 
0.5900000000000001 5.551115123125783e-15 
0.5920000000000001 3.774758283725532e-15 
0.5940000000000001 2.886579864025407e-15 
0.5960000000000001 2.886579864025407e-15 
0.5980000000000001 8.881784197001252e-16 
0.6000000000000001 8.881784197001252e-16 
0.6020000000000001 -6.661338147750939e-16 
0.6040000000000001 -6.661338147750939e-16 
0.6060000000000001 -2.220446049250313e-15 
0.6080000000000001 -3.552713678800501e-15 
0.6100000000000001 -3.774758283725532e-15 
0.6120000000000001 -3.9968028886505635e-15 
0.6140000000000001 -4.884981308350689e-15 
0.6160000000000001 -5.773159728050814e-15 
0.6180000000000001 -6.439293542825908e-15 
0.6200000000000001 -6.217248937900877e-15 
0.6220000000000001 -6.217248937900877e-15 
0.6240000000000001 -7.771561172376096e-15 
0.6260000000000001 -7.327471962526033e-15 
0.6280000000000001 -7.105427357601002e-15 
0.6300000000000001 -8.215650382226158e-15 
0.6320000000000001 -7.993605777301127e-15 
0.6340000000000001 -6.661338147750939e-15 
0.6360000000000001 -8.43769498715119e-15 
0.6380000000000001 -6.8833827526759706e-15 
0.6400000000000001 -8.43769498715119e-15 
0.6420000000000001 -6.217248937900877e-15 
0.6440000000000001 -8.881784197001252e-15 
0.6460000000000001 -7.549516567451064e-15 
0.6480000000000001 -5.773159728050814e-15 
0.6500000000000001 -5.329070518200751e-15 
0.6520000000000001 -5.773159728050814e-15 
0.6540000000000001 -4.884981308350689e-15 
0.6560000000000001 -5.329070518200751e-15 
0.6580000000000001 -3.1086244689504383e-15 
0.6600000000000001 -3.552713678800501e-15 
0.6620000000000001 -2.220446049250313e-15 
0.6640000000000001 -1.3322676295501878e-15 
0.6659999999999999 -1.3322676295501878e-15 
0.6679999999999999 -4.440892098500626e-16 
0.6699999999999999 8.881784197001252e-16 
0.6719999999999999 8.881784197001252e-16 
0.6739999999999999 1.3322676295501878e-15 
0.6759999999999999 3.1086244689504383e-15 
0.6779999999999999 2.6645352591003757e-15 
0.6799999999999999 2.220446049250313e-15 
0.6819999999999999 2.220446049250313e-15 
0.6839999999999999 5.329070518200751e-15 
0.6859999999999999 4.884981308350689e-15 
0.688 5.329070518200751e-15 
0.69 6.217248937900877e-15 
0.692 6.661338147750939e-15 
0.694 7.105427357601002e-15 
0.696 7.549516567451064e-15 
0.698 7.549516567451064e-15 
0.7 9.325873406851315e-15 
0.702 6.661338147750939e-15 
0.704 6.661338147750939e-15 
0.706 7.105427357601002e-15 
0.708 8.43769498715119e-15 
0.71 6.661338147750939e-15 
0.712 7.549516567451064e-15 
0.714 8.43769498715119e-15 
0.716 7.105427357601002e-15 
0.718 6.217248937900877e-15 
0.72 5.773159728050814e-15 
0.722 4.440892098500626e-15 
0.724 4.884981308350689e-15 
0.726 3.1086244689504383e-15 
0.728 4.440892098500626e-15 
0.73 5.329070518200751e-15 
0.732 2.220446049250313e-15 
0.734 8.881784197001252e-16 
0.736 0.0 
0.738 -8.881784197001252e-16 
0.74 -4.440892098500626e-16 
0.742 -2.6645352591003757e-15 
0.744 -3.552713678800501e-15 
0.746 -4.884981308350689e-15 
0.748 -4.884981308350689e-15 
0.75 -5.773159728050814e-15 
0.752 -7.105427357601002e-15 
0.754 -5.773159728050814e-15 
0.756 -7.549516567451064e-15 
0.758 -7.549516567451064e-15 
0.76 -8.43769498715119e-15 
0.762 -8.881784197001252e-15 
0.764 -8.43769498715119e-15 
0.766 -1.199040866595169e-14 
0.768 -1.1102230246251565e-14 
0.77 -1.1546319456101628e-14 
0.772 -1.021405182655144e-14 
0.774 -9.769962616701378e-15 
0.776 -9.769962616701378e-15 
0.778 -9.769962616701378e-15 
0.78 -9.325873406851315e-15 
0.782 -8.881784197001252e-15 
0.784 -9.769962616701378e-15 
0.786 -7.993605777301127e-15 
0.788 -7.549516567451064e-15 
0.79 -7.549516567451064e-15 
0.792 -6.217248937900877e-15 
0.794 -4.884981308350689e-15 
0.796 -3.1086244689504383e-15 
0.798 -4.440892098500626e-15 
0.8 -1.3322676295501878e-15 
0.802 -1.3322676295501878e-15 
0.804 4.440892098500626e-16 
0.806 2.220446049250313e-15 
0.808 2.220446049250313e-15 
0.81 2.220446049250313e-15 
0.812 6.661338147750939e-15 
0.8140000000000001 4.884981308350689e-15 
0.8160000000000001 6.661338147750939e-15 
0.8180000000000001 9.769962616701378e-15 
0.8200000000000001 9.769962616701378e-15 
0.8220000000000001 1.0658141036401503e-14 
0.8240000000000001 1.0658141036401503e-14 
0.8260000000000001 1.2878587085651816e-14 
0.8280000000000001 1.3322676295501878e-14 
0.8300000000000001 1.1102230246251565e-14 
0.8320000000000001 9.769962616701378e-15 
0.8340000000000001 1.1546319456101628e-14 
0.8360000000000001 1.3322676295501878e-14 
0.8380000000000001 1.0658141036401503e-14 
0.8400000000000001 1.1102230246251565e-14 
0.8420000000000001 1.0658141036401503e-14 
0.8440000000000001 9.769962616701378e-15 
0.8460000000000001 9.769962616701378e-15 
0.8480000000000001 7.549516567451064e-15 
0.8500000000000001 8.881784197001252e-15 
0.8520000000000001 6.217248937900877e-15 
0.8540000000000001 2.6645352591003757e-15 
0.8560000000000001 3.1086244689504383e-15 
0.8580000000000001 1.7763568394002505e-15 
0.8600000000000001 4.440892098500626e-16 
0.8620000000000001 -2.220446049250313e-15 
0.8640000000000001 -4.440892098500626e-15 
0.8660000000000001 -7.105427357601002e-15 
0.8680000000000001 -6.217248937900877e-15 
0.8700000000000001 -8.881784197001252e-15 
0.8720000000000001 -1.0658141036401503e-14 
0.8740000000000001 -1.2434497875801753e-14 
0.8760000000000001 -1.3322676295501878e-14 
0.8780000000000001 -1.4210854715202004e-14 
0.8800000000000001 -1.509903313490213e-14 
0.8820000000000001 -1.5987211554602254e-14 
0.8840000000000001 -1.5987211554602254e-14 
0.8860000000000001 -1.687538997430238e-14 
0.8880000000000001 -1.3322676295501878e-14 
0.8900000000000001 -1.4210854715202004e-14 
0.8920000000000001 -1.509903313490213e-14 
0.8940000000000001 -1.2434497875801753e-14 
0.8960000000000001 -1.1546319456101628e-14 
0.8980000000000001 -1.0658141036401503e-14 
0.9000000000000001 -7.993605777301127e-15 
0.9020000000000001 -6.217248937900877e-15 
0.9040000000000001 -7.105427357601002e-15 
0.9060000000000001 -2.6645352591003757e-15 
0.9080000000000001 -1.7763568394002505e-15 
0.9100000000000001 2.6645352591003757e-15 
0.9120000000000001 3.552713678800501e-15 
0.9140000000000001 6.217248937900877e-15 
0.9160000000000001 9.769962616701378e-15 
0.9180000000000001 1.3322676295501878e-14 
0.9199999999999999 1.509903313490213e-14 
0.9219999999999999 2.220446049250313e-14 
0.9239999999999999 2.042810365310288e-14 
0.9259999999999999 2.3092638912203256e-14 
0.9279999999999999 2.042810365310288e-14 
0.9299999999999999 2.4868995751603507e-14 
0.9319999999999999 2.220446049250313e-14 
0.9339999999999999 2.4868995751603507e-14 
0.9359999999999999 2.3092638912203256e-14 
0.938 1.865174681370263e-14 
0.94 1.7763568394002505e-14 
0.942 1.5987211554602254e-14 
0.944 1.1546319456101628e-14 
0.946 4.440892098500626e-15 
0.948 -2.6645352591003757e-15 
0.95 -6.217248937900877e-15 
0.952 -1.0658141036401503e-14 
0.954 -1.687538997430238e-14 
0.956 -2.6645352591003757e-14 
0.958 -3.108624468950438e-14 
0.96 -3.4638958368304884e-14 
0.962 -3.907985046680551e-14 
0.964 -4.440892098500626e-14 
0.966 -4.796163466380676e-14 
0.968 -4.796163466380676e-14 
0.97 -4.440892098500626e-14 
0.972 -4.085620730620576e-14 
0.974 -3.552713678800501e-14 
0.976 -2.5757174171303632e-14 
0.978 -1.7763568394002505e-14 
0.98 -2.6645352591003757e-15 
0.982 1.4210854715202004e-14 
0.984 2.930988785010413e-14 
0.986 4.085620730620576e-14 
0.988 5.773159728050814e-14 
0.99 6.661338147750939e-14 
0.992 7.194245199571014e-14 
0.994 6.217248937900877e-14 
0.996 4.1744385725905886e-14 
0.998 -3.552713678800501e-15 
