-0.998 605.2226307158624 
-0.996 234.91044807764374 
-0.994 114.48135396829704 
-0.992 56.43754518497295 
-0.99 23.281187337728923 
-0.988 2.5144151808833612 
-0.986 -11.217809915332012 
-0.984 -20.591985352810482 
-0.982 -27.09416221995008 
-0.98 -31.615183065697025 
-0.978 -34.72124435141821 
-0.976 -36.78917751998686 
-0.974 -38.07929250490801 
-0.972 -38.777002460693076 
-0.97 -39.017798479037 
-0.968 -38.90285867306735 
-0.966 -38.50914806733727 
-0.964 -37.896151758920944 
-0.962 -37.11048172429599 
-0.96 -36.189101496811425 
-0.958 -35.16162942533049 
-0.956 -34.05201369350677 
-0.954 -32.87977030368664 
-0.952 -31.6609114947573 
-0.95 -30.408651273081556 
-0.948 -29.133948065141865 
-0.946 -27.845926720188913 
-0.944 -26.552210025952824 
-0.942 -25.25918157963077 
-0.94 -23.97219603177106 
-0.938 -22.695748587089867 
-0.9359999999999999 -21.433612675247655 
-0.9339999999999999 -20.188952543869284 
-0.9319999999999999 -18.964415937325004 
-0.9299999999999999 -17.762210844545926 
-0.9279999999999999 -16.584169413978614 
-0.926 -15.431801463917278 
-0.924 -14.306339505241901 
-0.922 -13.208776800354151 
-0.92 -12.139899677336722 
-0.918 -11.100315080507968 
-0.916 -10.090474151643743 
-0.914 -9.11069248837184 
-0.912 -8.1611676086901 
-0.91 -7.241994056525225 
-0.908 -6.3531765076077455 
-0.906 -5.494641173783997 
-0.904 -4.66624575419549 
-0.902 -3.867788141198732 
-0.9 -3.0990140556300094 
-0.898 -2.3596237586357347 
-0.896 -1.6492779646333435 
-0.894 -0.9676030611658657 
-0.892 -0.31419572574161414 
-0.89 0.3113729833528076 
-0.888 0.9095539962827512 
-0.886 1.4808170042113709 
-0.884 2.0256475862663095 
-0.882 2.544544648658537 
-0.88 3.03801813932491 
-0.878 3.5065870062695925 
-0.876 3.9507773718887904 
-0.874 4.37112089908262 
-0.872 4.768153327984873 
-0.87 5.142413164747859 
-0.868 5.494440506070371 
-0.866 5.824775985107063 
-0.864 6.133959826086836 
-0.862 6.422530996439587 
-0.86 6.6910264465115565 
-0.858 6.939980428068143 
-0.856 7.169923883762095 
-0.854 7.381383900604423 
-0.852 7.574883221227687 
-0.85 7.750939807396019 
-0.848 7.910066450800359 
-0.846 8.052770426694687 
-0.844 8.179553186384977 
-0.842 8.290910084988335 
-0.84 8.387330141238834 
-0.838 8.469295826435475 
-0.836 8.537282879912585 
-0.834 8.591760148666635 
-0.832 8.633189448998646 
-0.83 8.662025448235287 
-0.828 8.678715564771759 
-0.826 8.683699884842188 
-0.8240000000000001 8.677411094569848 
-0.8220000000000001 8.660274425979354 
-0.8200000000000001 8.632707615772112 
-0.8180000000000001 8.59512087577169 
-0.8160000000000001 8.547916874042208 
-0.8140000000000001 8.491490725769225 
-0.812 8.426229993071036 
-0.81 8.352514692978891 
-0.808 8.270717312889257 
-0.806 8.181202832849328 
-0.804 8.084328754089805 
-0.802 7.980445133267386 
-0.8 7.869894621922662 
-0.798 7.753012510699664 
-0.796 7.630126777909003 
-0.794 7.501558142050097 
-0.792 7.367620117938186 
-0.79 7.228619076109483 
-0.788 7.084854305203125 
-0.786 6.936618077041905 
-0.784 6.784195714155086 
-0.782 6.627865659505618 
-0.78 6.467899548202744 
-0.778 6.304562280997103 
-0.776 6.138112099369861 
-0.774 5.968800662042902 
-0.772 5.796873122748379 
-0.77 5.622568209108503 
-0.768 5.446118302487245 
-0.766 5.267749518685885 
-0.764 5.087681789362683 
-0.762 4.906128944067159 
-0.76 4.723298792785725 
-0.758 4.539393208903764 
-0.756 4.354608212495896 
-0.754 4.169134053862085 
-0.752 3.983155297233659 
-0.75 3.796850904577963 
-0.748 3.6103943194365034 
-0.746 3.423953550734642 
-0.744 3.2376912565066007 
-0.742 3.0517648274830145 
-0.74 2.8663264704914697 
-0.738 2.6815232916252736 
-0.736 2.4974973791373225 
-0.734 2.3143858860204922 
-0.732 2.1323211122378227 
-0.73 1.9514305865685486 
-0.728 1.7718371480390642 
-0.726 1.5936590269090463 
-0.724 1.4170099251867239 
-0.722 1.241999096647488 
-0.72 1.0687314263332972 
-0.718 0.8973075095115624 
-0.716 0.7278237300733759 
-0.714 0.5603723383537345 
-0.712 0.39504152835602646 
-0.71 0.23191551436627567 
-0.708 0.07107460694268042 
-0.706 -0.0874047117328427 
-0.704 -0.24344971315217556 
-0.702 -0.39699134843918227 
-0.7 -0.5479641749780075 
-0.698 -0.6963062837203529 
-0.696 -0.8419592271800553 
-0.694 -0.9848679481221065 
-0.692 -1.1249807089526573 
-0.69 -1.2622490218158084 
-0.688 -1.3966275794024208 
-0.6859999999999999 -1.528074186475357 
-0.6839999999999999 -1.6565496921151794 
-0.6819999999999999 -1.7820179226896222 
-0.6799999999999999 -1.9044456155498066 
-0.6779999999999999 -2.0238023534555145 
-0.6759999999999999 -2.140060499731338 
-0.6739999999999999 -2.2531951341555816 
-0.6719999999999999 -2.36318398958229 
-0.6699999999999999 -2.470007389297902 
-0.6679999999999999 -2.5736481851123614 
-0.6659999999999999 -2.6740916961848242 
-0.6639999999999999 -2.771325648583561 
-0.6619999999999999 -2.865340115579688 
-0.6599999999999999 -2.9561274586734942 
-0.6579999999999999 -3.0436822693523897 
-0.6559999999999999 -3.1280013115790473 
-0.6539999999999999 -3.20908346500805 
-0.6519999999999999 -3.286929668929041 
-0.6499999999999999 -3.361542866934574 
-0.648 -3.4329279523101914 
-0.646 -3.5010917141440987 
-0.644 -3.566042784154339 
-0.642 -3.62779158422981 
-0.64 -3.6863502746832286 
-0.638 -3.7417327032117833 
-0.636 -3.7939543545633385 
-0.634 -3.84303230090385 
-0.632 -3.8889851528832233 
-0.63 -3.9318330113956415 
-0.628 -3.9715974200307604 
-0.626 -4.008301318211885 
-0.624 -4.041968995017422 
-0.622 -4.072626043681313 
-0.62 -4.100299316768782 
-0.618 -4.125016882022747 
-0.616 -4.146807978877194 
-0.614 -4.16570297563287 
-0.612 -4.181733327291093 
-0.61 -4.194931534041274 
-0.608 -4.205331100397698 
-0.606 -4.212966494980924 
-0.604 -4.217873110939514 
-0.602 -4.220087227007266 
-0.6 -4.219645969191361 
-0.598 -4.216587273086888 
-0.596 -4.21094984681287 
-0.594 -4.202773134565126 
-0.592 -4.192097280781313 
-0.59 -4.1789630949130405 
-0.588 -4.163412016800812 
-0.586 -4.145486082646201 
-0.584 -4.125227891577179 
-0.5820000000000001 -4.102680572801166 
-0.5800000000000001 -4.0778877533412174 
-0.5780000000000001 -4.050893526350365 
-0.5760000000000001 -4.021742419999174 
-0.5740000000000001 -3.9904793669316656 
-0.5720000000000001 -3.9571496742847394 
-0.5700000000000001 -3.9217989942658917 
-0.5680000000000001 -3.8844732952847685 
-0.5660000000000001 -3.8452188336330404 
-0.5640000000000001 -3.804082125708257 
-0.562 -3.761109920776286 
-0.56 -3.7163491742676684 
-0.558 -3.6698470216027617 
-0.556 -3.6216507525409183 
-0.554 -3.571807786048672 
-0.552 -3.5203656456820336 
-0.55 -3.467371935478012 
-0.548 -3.412874316350321 
-0.546 -3.356920482984609 
-0.544 -3.2995581412279753 
-0.542 -3.2408349859683527 
-0.54 -3.1807986794983782 
-0.538 -3.119496830359276 
-0.536 -3.0569769726596996 
-0.534 -2.993286545864717 
-0.532 -2.92847287505017 
-0.53 -2.862583151617698 
-0.528 -2.7956644144651834 
-0.526 -2.7277635316083924 
-0.524 -2.658927182248822 
-0.522 -2.5892018392826115 
-0.52 -2.518633752246626 
-0.518 -2.4472689306960835 
-0.516 -2.375153128009599 
-0.514 -2.302331825616744 
-0.512 -2.228850217643565 
-0.51 -2.1547531959711295 
-0.508 -2.080085335702843 
-0.506 -2.0048908810355877 
-0.504 -1.9292137315303954 
-0.502 -1.8530974287777078 
-0.5 -1.7765851434529163 
-0.498 -1.699719662757638 
-0.496 -1.6225433782420324 
-0.494 -1.5450982740039294 
-0.492 -1.4674259152598232 
-0.49 -1.3895674372839575 
-0.488 -1.311563534710277 
-0.486 -1.2334544511934948 
-0.484 -1.1552799694244047 
-0.482 -1.0770794014954446 
-0.48 -0.9988915796116673 
-0.478 -0.9207548471433968 
-0.476 -0.8427070500157059 
-0.474 -0.7647855284306724 
-0.472 -0.6870271089182531 
-0.47 -0.6094680967112183 
-0.46799999999999997 -0.5321442684401707 
-0.46599999999999997 -0.45509086514434394 
-0.46399999999999997 -0.37834258559414535 
-0.46199999999999997 -0.301933579920862 
-0.45999999999999996 -0.22589744355012886 
-0.45799999999999996 -0.15026721143409083 
-0.45599999999999996 -0.07507535257915854 
-0.45399999999999996 -0.0003537648644971192 
-0.45199999999999996 0.07386622985229141 
-0.44999999999999996 0.14755389034662092 
-0.44799999999999995 0.2206790603593336 
-0.44599999999999995 0.29321217265404087 
-0.44399999999999995 0.36512425280360983 
-0.44199999999999995 0.4363869227092192 
-0.43999999999999995 0.5069724038564336 
-0.43799999999999994 0.5768535203118805 
-0.43599999999999994 0.6460037014643729 
-0.43399999999999994 0.7143969845144014 
-0.43199999999999994 0.7820080167158792 
-0.42999999999999994 0.8488120573737585 
-0.42799999999999994 0.9147849796013716 
-0.42599999999999993 0.9799032718412487 
-0.42399999999999993 1.0441440391531078 
-0.42200000000000004 1.1074850042726911 
-0.42000000000000004 1.1699045084452107 
-0.41800000000000004 1.2313815120368852 
-0.41600000000000004 1.2918955949283386 
-0.41400000000000003 1.3514269566935107 
-0.41200000000000003 1.409956416567292 
-0.41000000000000003 1.46746541320596 
-0.40800000000000003 1.5239360042435897 
-0.406 1.5793508656479174 
-0.404 1.6336932908795134 
-0.402 1.6869471898572108 
-0.4 1.739097087733613 
-0.398 1.7901281234839812 
-0.396 1.8400260483117583 
-0.394 1.8887772238742508 
-0.392 1.9363686203318111 
-0.39 1.9827878142237085 
-0.388 2.028022986173992 
-0.386 2.0720629184309267 
-0.384 2.11489699224271 
-0.382 2.156515185073064 
-0.38 2.196908067659978 
-0.378 2.236066800920429 
-0.376 2.2739831327044104 
-0.374 2.310649394401562 
-0.372 2.346058497403246 
-0.37 2.380203929423158 
-0.368 2.4130797506799264 
-0.366 2.444680589944041 
-0.364 2.4750016404528195 
-0.362 2.504038655696032 
-0.36 2.5317879450750267 
-0.358 2.5582463694388635 
-0.356 2.583411336499551 
-0.354 2.607280796130105 
-0.352 2.6298532355476674 
-0.35 2.6511276743850463 
-0.348 2.6711036596529487 
-0.346 2.689781260596328 
-0.344 2.7071610634470202 
-0.34199999999999997 2.723244166075997 
-0.33999999999999997 2.7380321725475385 
-0.33799999999999997 2.7515271875781386 
-0.33599999999999997 2.7637318109031193 
-0.33399999999999996 2.7746491315531925 
-0.33199999999999996 2.784282722043838 
-0.32999999999999996 2.792636632480308 
-0.32799999999999996 2.799715384580258 
-0.32599999999999996 2.8055239656174367 
-0.32399999999999995 2.810067822288128 
-0.32199999999999995 2.8133528545035 
-0.31999999999999995 2.8153854091102404 
-0.31799999999999995 2.8161722735414765 
-0.31599999999999995 2.815720669401311 
-0.31399999999999995 2.8140382459847078 
-0.31199999999999994 2.811133073735388 
-0.30999999999999994 2.807013637644187 
-0.30799999999999994 2.801688830590302 
-0.30599999999999994 2.795167946627616 
-0.30399999999999994 2.787460674218289 
-0.30199999999999994 2.778577089416643 
-0.29999999999999993 2.7685276490046453 
-0.29799999999999993 2.757323183582075 
-0.29600000000000004 2.744974890613126 
-0.29400000000000004 2.73149432743191 
-0.29200000000000004 2.716893404208906 
-0.29000000000000004 2.701184376880877 
-0.28800000000000003 2.6843798400458496 
-0.28600000000000003 2.6664927198257233 
-0.28400000000000003 2.6475362666987348 
-0.28200000000000003 2.6275240483032984 
-0.28 2.606469942215824 
-0.278 2.584388128704574 
-0.276 2.561293083461126 
-0.274 2.5371995703118584 
-0.272 2.51212263391141 
-0.27 2.4860775924199188 
-0.268 2.4590800301661626 
-0.266 2.4311457902984133 
-0.264 2.4022909674248676 
-0.262 2.3725319002457743 
-0.26 2.341885164178896 
-0.258 2.3103675639802237 
-0.256 2.277996126361789 
-0.254 2.244788092608463 
-0.252 2.2107609111951354 
-0.25 2.175932230406746 
-0.248 2.140319890962184 
-0.246 2.103941918644223 
-0.244 2.0668165169370107 
-0.242 2.0289620596729256 
-0.24 1.9903970836903309 
-0.238 1.951140281503956 
-0.236 1.9112104939894734 
-0.23399999999999999 1.8706267030839454 
-0.23199999999999998 1.829408024503647 
-0.22999999999999998 1.7875737004809034 
-0.22799999999999998 1.7451430925213138 
-0.22599999999999998 1.7021356741832983 
-0.22399999999999998 1.6585710238808633 
-0.22199999999999998 1.6144688177116844 
-0.21999999999999997 1.5698488223114682 
-0.21799999999999997 1.5247308877363528 
-0.21599999999999997 1.479134940374813 
-0.21399999999999997 1.4330809758900762 
-0.21199999999999997 1.3865890521949873 
-0.20999999999999996 1.339679282460104 
-0.20799999999999996 1.2923718281570973 
-0.20599999999999996 1.2446868921379695 
-0.20399999999999996 1.1966447117520573 
-0.20199999999999996 1.148265552001784 
-0.19999999999999996 1.0995696987384944 
-0.19799999999999995 1.0505774518997604 
-0.19599999999999995 1.001309118789094 
-0.19399999999999995 0.9517850073997349 
-0.19199999999999995 0.9020254197831344 
-0.18999999999999995 0.8520506454640091 
-0.18799999999999994 0.8018809549024817 
-0.18599999999999994 0.751536593004748 
-0.18399999999999994 0.7010377726836146 
-0.18199999999999994 0.6504046684694667 
-0.17999999999999994 0.5996574101732826 
-0.17799999999999994 0.5488160766025489 
-0.17599999999999993 0.49790068933093334 
-0.17399999999999993 0.4469312065232681 
-0.17199999999999993 0.39592751681618743 
-0.16999999999999993 0.34490943325619616 
-0.16799999999999993 0.29389668729529983 
-0.16600000000000004 0.2429089228458986 
-0.16400000000000003 0.19196569039557387 
-0.16200000000000003 0.14108644118241653 
-0.16000000000000003 0.0902905214325469 
-0.15800000000000003 0.03959716665990953 
-0.15600000000000003 -0.010974503970179406 
-0.15400000000000003 -0.0614054932132817 
-0.15200000000000002 -0.11167693125275924 
-0.15000000000000002 -0.16177008114056646 
-0.14800000000000002 -0.21166634417152252 
-0.14600000000000002 -0.2613472651894355 
-0.14400000000000002 -0.3107945378253334 
-0.14200000000000002 -0.3599900096660885 
-0.14 -0.40891568735344364 
-0.138 -0.45755374161220064 
-0.136 -0.5058865122071852 
-0.134 -0.5538965128280945 
-0.132 -0.6015664359017385 
-0.13 -0.648879157330769 
-0.128 -0.695817741158693 
-0.126 -0.7423654441598829 
-0.124 -0.7885057203546841 
-0.122 -0.8342222254485494 
-0.12 -0.8794988211948425 
-0.118 -0.9243195796805956 
-0.11599999999999999 -0.9686687875349264 
-0.11399999999999999 -1.0125309500593709 
-0.11199999999999999 -1.0558907952796157 
-0.10999999999999999 -1.0987332779183743 
-0.10799999999999998 -1.141043583288592 
-0.10599999999999998 -1.1828071311068793 
-0.10399999999999998 -1.2240095792264083 
-0.10199999999999998 -1.2646368272890047 
-0.09999999999999998 -1.3046750202960762 
-0.09799999999999998 -1.3441105520977805 
-0.09599999999999997 -1.3829300688002495 
-0.09399999999999997 -1.4211204720904487 
-0.09199999999999997 -1.4586689224781404 
-0.08999999999999997 -1.4955628424549285 
-0.08799999999999997 -1.5317899195698024 
-0.08599999999999997 -1.567338109421095 
-0.08399999999999996 -1.6021956385642393 
-0.08199999999999996 -1.6363510073354015 
-0.07999999999999996 -1.6697929925905468 
-0.07799999999999996 -1.7025106503597072 
-0.07599999999999996 -1.7344933184162055 
-0.07399999999999995 -1.7657306187607587 
-0.07199999999999995 -1.796212460019946 
-0.06999999999999995 -1.8259290397593024 
-0.06799999999999995 -1.8548708467103552 
-0.06599999999999995 -1.8830286629120878 
-0.06399999999999995 -1.9103935657657873 
-0.061999999999999944 -1.9369569300041498 
-0.05999999999999994 -1.9627104295738367 
-0.05799999999999994 -1.987646039431556 
-0.05599999999999994 -2.0117560372537473 
-0.05399999999999994 -2.0350330050595984 
-0.051999999999999935 -2.05746983074736 
-0.04999999999999993 -2.0790597095441314 
-0.04799999999999993 -2.0997961453687815 
-0.04599999999999993 -2.119672952108131 
-0.04399999999999993 -2.13868425480654 
-0.041999999999999926 -2.1568244907685656 
-0.040000000000000036 -2.174088410575067 
-0.038000000000000034 -2.1904710790126165 
-0.03600000000000003 -2.20596787591622 
-0.03400000000000003 -2.2205744969256718 
-0.03200000000000003 -2.234286954155266 
-0.030000000000000027 -2.247101576777207 
-0.028000000000000025 -2.259015011518856 
-0.026000000000000023 -2.2700242230736567 
-0.02400000000000002 -2.2801264944262245 
-0.02200000000000002 -2.289319427091474 
-0.020000000000000018 -2.2976009412680574 
-0.018000000000000016 -2.304969275906407 
-0.016000000000000014 -2.311422988691181 
-0.014000000000000012 -2.316960955938898 
-0.01200000000000001 -2.321582372410312 
-0.010000000000000009 -2.3252867510383766 
-0.008000000000000007 -2.3280739225714755 
-0.006000000000000005 -2.329944035132749 
-0.0040000000000000036 -2.3308975536951104 
-0.0020000000000000018 -2.330935259472913 
0.0 -2.33005824923002 
0.0020000000000000018 -2.3282679345048516 
0.0040000000000000036 -2.325566040752689 
0.006000000000000005 -2.321954606405421 
0.008000000000000007 -2.3174359818493766 
0.010000000000000009 -2.3120128283211123 
0.01200000000000001 -2.3056881167221155 
0.014000000000000012 -2.2984651263521103 
0.016000000000000014 -2.29034744356212 
0.018000000000000016 -2.281338960326986 
0.020000000000000018 -2.2714438727381436 
0.02200000000000002 -2.2606666794169694 
0.02400000000000002 -2.2490121798492293 
0.026000000000000023 -2.2364854726408376 
0.028000000000000025 -2.223091953695627 
0.030000000000000027 -2.208837314315547 
0.03200000000000003 -2.193727539223554 
0.03400000000000003 -2.177768904509982 
0.03600000000000003 -2.160967975502876 
0.038000000000000034 -2.1433316045623267 
0.040000000000000036 -2.1248669288002064 
0.04200000000000004 -2.1055813677247928 
0.04400000000000004 -2.0854826208117707 
0.04600000000000004 -2.0645786650016036 
0.04800000000000004 -2.042877752124041 
0.050000000000000044 -2.020388406250201 
0.052000000000000046 -1.997119420973078 
0.05400000000000005 -1.9730798566167924 
0.05600000000000005 -1.9482790373754246 
0.05800000000000005 -1.922726548381866 
0.06000000000000005 -1.8964322327074241 
0.062000000000000055 -1.86940618829283 
0.06400000000000006 -1.8416587648112726 
0.06600000000000006 -1.8132005604641788 
0.06800000000000006 -1.7840424187101223 
0.07000000000000006 -1.7541954249282474 
0.07200000000000006 -1.7236709030159418 
0.07400000000000007 -1.6924804119222738 
0.07600000000000007 -1.6606357421176021 
0.07800000000000007 -1.6281489119998565 
0.08000000000000007 -1.595032164238689 
0.08200000000000007 -1.5612979620578473 
0.08400000000000007 -1.5269589854568149 
0.08600000000000008 -1.4920281273722165 
0.08800000000000008 -1.456518489779909 
0.09000000000000008 -1.4204433797386748 
0.09200000000000008 -1.3838163053759642 
0.09400000000000008 -1.3466509718167403 
0.09600000000000009 -1.308961277056403 
0.09800000000000009 -1.2707613077780098 
0.10000000000000009 -1.2320653351153117 
0.10200000000000009 -1.1928878103620901 
0.10400000000000009 -1.15324336062859 
0.1060000000000001 -1.1131467844461946 
0.1080000000000001 -1.0726130473207924 
0.1100000000000001 -1.0316572772362043 
0.1120000000000001 -0.9902947601081702 
0.1140000000000001 -0.9485409351898967 
0.1160000000000001 -0.9064113904301802 
0.1180000000000001 -0.8639218577850464 
0.1200000000000001 -0.8210882084832957 
0.12200000000000011 -0.7779264482478042 
0.12400000000000011 -0.7344527124727849 
0.1260000000000001 -0.6906832613580945 
0.1280000000000001 -0.6466344750018593 
0.13000000000000012 -0.6023228484519579 
0.13200000000000012 -0.5577649867177793 
0.13400000000000012 -0.5129775997426281 
0.13600000000000012 -0.46797749733848293 
0.13800000000000012 -0.42278158408360444 
0.14000000000000012 -0.37740685418416386 
0.14200000000000013 -0.3318703863007494 
0.14400000000000013 -0.28618933834112226 
0.14600000000000013 -0.24038094221996797 
0.14800000000000013 -0.19446249858666365 
0.15000000000000013 -0.14845137152215027 
0.15200000000000014 -0.10236498320633358 
0.15399999999999991 -0.05622080855617928 
0.15599999999999992 -0.010036369836683767 
0.15799999999999992 0.0361707687551347 
0.15999999999999992 0.08238300653165564 
0.16199999999999992 0.12858271178046676 
0.16399999999999992 0.17475222725354944 
0.16599999999999993 0.22087387567863204 
0.16799999999999993 0.26692996529197943 
0.16999999999999993 0.31290279539078236 
0.17199999999999993 0.35877466190450635 
0.17399999999999993 0.40452786298440646 
0.17599999999999993 0.450144704608924 
0.17799999999999994 0.4956075062053975 
0.17999999999999994 0.5408986062853053 
0.18199999999999994 0.586000368093269 
0.18399999999999994 0.6308951852676211 
0.18599999999999994 0.6755654875120339 
0.18799999999999994 0.7199937462767684 
0.18999999999999995 0.7641624804482033 
0.19199999999999995 0.8080542620458749 
0.19399999999999995 0.8516517219253693 
0.19599999999999995 0.8949375554860824 
0.19799999999999995 0.9378945283829753 
0.19999999999999996 0.9805054822400859 
0.20199999999999996 1.0227533403659663 
0.20399999999999996 1.0646211134687036 
0.20599999999999996 1.1060919053695284 
0.20799999999999996 1.1471489187144468 
0.20999999999999996 1.187775460681706 
0.21199999999999997 1.2279549486842978 
0.21399999999999997 1.267670916066458 
0.21599999999999997 1.3069070177923052 
0.21799999999999997 1.3456470361259645 
0.21999999999999997 1.383874886301427 
0.22199999999999998 1.421574622181204 
0.22399999999999998 1.4587304419023184 
0.22599999999999998 1.4953266935082832 
0.22799999999999998 1.531347880565852 
0.22999999999999998 1.5667786677654767 
0.23199999999999998 1.6016038865035196 
0.23399999999999999 1.6358085404458624 
0.236 1.6693778110704094 
0.238 1.702297063188365 
0.24 1.7345518504420752 
0.242 1.7661279207785878 
0.244 1.7970112218972738 
0.246 1.8271879066704337 
0.248 1.856644338535445 
0.25 1.885367096857038 
0.252 1.9133429822582917 
0.254 1.9405590219193671 
0.256 1.9670024748420571 
0.258 1.9926608370791845 
0.26 2.017521846927312 
0.262 2.0415734900815448 
0.264 2.0648040047508216 
0.266 2.0872018867322955 
0.268 2.1087558944438873 
0.27 2.129455053912838 
0.272 2.1492886637196427 
0.274 2.168246299895406 
0.276 2.1863178207714276 
0.278 2.2034933717797958 
0.28 2.2197633902030764 
0.28200000000000003 2.235118609872165 
0.28400000000000003 2.2495500658108263 
0.28600000000000003 2.2630490988250123 
0.28800000000000003 2.275607360036256 
0.29000000000000004 2.287216815357114 
0.29200000000000004 2.2978697499076755 
0.29400000000000004 2.307558772371123 
0.29600000000000004 2.3162768192877645 
0.29800000000000004 2.3240171592851753 
0.30000000000000004 2.3307733972436604 
0.30200000000000005 2.3365394783951934 
0.30400000000000005 2.341309692354749 
0.30600000000000005 2.3450786770821694 
0.30800000000000005 2.3478414227734823 
0.31000000000000005 2.349593275679856 
0.31200000000000006 2.3503299418530306 
0.31400000000000006 2.3500474908157014 
0.31600000000000006 2.3487423591551075 
0.31800000000000006 2.346411354038857 
0.32000000000000006 2.3430516566509136 
0.32200000000000006 2.3386608255469463 
0.32400000000000007 2.3332367999270067 
0.32600000000000007 2.3267779028242015 
0.32800000000000007 2.3192828442081117 
0.33000000000000007 2.310750724001268 
0.3320000000000001 2.301181035007155 
0.3340000000000001 2.290573665748403 
0.3360000000000001 2.278928903213618 
0.3380000000000001 2.266247435511312 
0.3400000000000001 2.252530354429649 
0.3420000000000001 2.237779157900078 
0.3440000000000001 2.2219957523639375 
0.3460000000000001 2.2051824550399988 
0.3480000000000001 2.187341996091881 
0.3500000000000001 2.168477520693511 
0.3520000000000001 2.1485925909913446 
0.3540000000000001 2.127691187961726 
0.3560000000000001 2.105777713161958 
0.3580000000000001 2.0828569903735916 
0.3600000000000001 2.058934267136312 
0.3620000000000001 2.0340152161710243 
0.3640000000000001 2.008105936690697 
0.3660000000000001 1.9812129555972318 
0.3680000000000001 1.9533432285631027 
0.3700000000000001 1.924504140996148 
0.3720000000000001 1.8947035088859145 
0.3740000000000001 1.863949579530193 
0.3760000000000001 1.8322510321403054 
0.3780000000000001 1.7996169783232994 
0.3800000000000001 1.7660569624399345 
0.3820000000000001 1.7315809618367417 
0.3840000000000001 1.696199386950628 
0.3860000000000001 1.6599230812846568 
0.3880000000000001 1.6227633212533223 
0.3900000000000001 1.5847318158961143 
0.3920000000000001 1.5458407064573185 
0.39400000000000013 1.5061025658312612 
0.39600000000000013 1.4655303978708532 
0.39800000000000013 1.4241376365583436 
0.40000000000000013 1.3819381450365387 
0.40200000000000014 1.3389462144991615 
0.40400000000000014 1.2951765629386696 
0.40600000000000014 1.2506443337501836 
0.4079999999999999 1.2053650941900782 
0.4099999999999999 1.1593548336872914 
0.4119999999999999 1.1126299620066251 
0.4139999999999999 1.0652073072617247 
0.4159999999999999 1.0171041137769128 
0.4179999999999999 0.968338039795839 
0.41999999999999993 0.918927155035972 
0.42199999999999993 0.8688899380868987 
0.42399999999999993 0.8182452736515242 
0.42599999999999993 0.7670124496281001 
0.42799999999999994 0.7152111540321096 
0.42999999999999994 0.662861471756165 
0.43199999999999994 0.6099838811666111 
0.43399999999999994 0.5565992505353781 
0.43599999999999994 0.5027288343054448 
0.43799999999999994 0.4483942691886256 
0.43999999999999995 0.39361757009413 
0.44199999999999995 0.3384211258863563 
0.44399999999999995 0.2828276949706531 
0.44599999999999995 0.22686040070530383 
0.44799999999999995 0.17054272663861825 
0.44999999999999996 0.11389851156931857 
0.45199999999999996 0.05695194442906054 
0.45399999999999996 -0.0002724410144928635 
0.45599999999999996 -0.05774977163554962 
0.45799999999999996 -0.11545484061024902 
0.45999999999999996 -0.17336211326060313 
0.46199999999999997 -0.23144573308352023 
0.46399999999999997 -0.2896795279665273 
0.46599999999999997 -0.3480370165914489 
0.46799999999999997 -0.406491415027626 
0.47 -0.46501564351587843 
0.472 -0.5235823334449459 
0.474 -0.5821638345213956 
0.476 -0.6407322221348091 
0.478 -0.6992593049193127 
0.48 -0.7577166325130859 
0.482 -0.8160755035170691 
0.484 -0.8743069736543517 
0.486 -0.9323818641315187 
0.488 -0.990270770203443 
0.49 -1.0479440699427736 
0.492 -1.1053719332155723 
0.494 -1.1625243308643045 
0.496 -1.2193710440997578 
0.498 -1.2758816741029406 
0.5 -1.3320256518385247 
0.502 -1.3877722480810974 
0.504 -1.4430905836553132 
0.506 -1.4979496398916876 
0.508 -1.5523182692988844 
0.51 -1.6061652064540972 
0.512 -1.659459079112649 
0.514 -1.712168419538099 
0.516 -1.7642616760542207 
0.518 -1.8157072248199646 
0.52 -1.8664733818287573 
0.522 -1.9165284151332913 
0.524 -1.9658405572971545 
0.526 -2.0143780180743156 
0.528 -2.0621089973178903 
0.53 -2.1090016981192763 
0.532 -2.155024340178711 
0.534 -2.200145173408745 
0.536 -2.2443324917714715 
0.538 -2.2875546473508273 
0.54 -2.3297800646610867 
0.542 -2.370977255192555 
0.544 -2.4111148321957963 
0.546 -2.4501615257052567 
0.548 -2.4880861978034226 
0.55 -2.5248578581267673 
0.552 -2.5604456796142125 
0.554 -2.5948190144994747 
0.556 -2.6279474105479816 
0.558 -2.6598006275397204 
0.56 -2.6903486539986345 
0.562 -2.719561724169874 
0.5640000000000001 -2.7474103352455894 
0.5660000000000001 -2.7738652648403237 
0.5680000000000001 -2.798897588716963 
0.5700000000000001 -2.8224786987639465 
0.5720000000000001 -2.8445803212248792 
0.5740000000000001 -2.865174535181052 
0.5760000000000001 -2.8842337912880724 
0.5780000000000001 -2.90173093076719 
0.5800000000000001 -2.9176392046519473 
0.5820000000000001 -2.931932293291405 
0.5840000000000001 -2.94458432611009 
0.5860000000000001 -2.9555699016257986 
0.5880000000000001 -2.9648641077257483 
0.5900000000000001 -2.972442542201709 
0.5920000000000001 -2.9782813335448153 
0.5940000000000001 -2.9823571620005893 
0.5960000000000001 -2.984647280884796 
0.5980000000000001 -2.9851295381605123 
0.6000000000000001 -2.9837823982771594 
0.6020000000000001 -2.9805849642716 
0.6040000000000001 -2.975517000132024 
0.6060000000000001 -2.9685589534249024 
0.6080000000000001 -2.959691978185278 
0.6100000000000001 -2.9488979580706944 
0.6120000000000001 -2.93615952977925 
0.6140000000000001 -2.921460106731675 
0.6160000000000001 -2.90478390301771 
0.6180000000000001 -2.8861159576069797 
0.6200000000000001 -2.865442158824438 
0.6220000000000001 -2.842749269090195 
0.6240000000000001 -2.8180249499238825 
0.6260000000000001 -2.791257787213443 
0.6280000000000001 -2.7624373167480516 
0.6300000000000001 -2.731554050015131 
0.6320000000000001 -2.6985995002610124 
0.6340000000000001 -2.663566208814987 
0.6360000000000001 -2.6264477716762498 
0.6380000000000001 -2.5872388663634185 
0.6400000000000001 -2.5459352790257763 
0.6420000000000001 -2.502533931815757 
0.6440000000000001 -2.4570329105219506 
0.6460000000000001 -2.409431492461734 
0.6480000000000001 -2.359730174632563 
0.6500000000000001 -2.3079307021210456 
0.6520000000000001 -2.254036096768499 
0.6540000000000001 -2.198050686091963 
0.6560000000000001 -2.1399801324591716 
0.6580000000000001 -2.0798314625159713 
0.6600000000000001 -2.0176130968649497 
0.6620000000000001 -1.9533348799930192 
0.6640000000000001 -1.8870081104467338 
0.6659999999999999 -1.8186455712527385 
0.6679999999999999 -1.7482615605816085 
0.6699999999999999 -1.675871922652759 
0.6719999999999999 -1.601494078877697 
0.6739999999999999 -1.5251470592392855 
0.6759999999999999 -1.4468515339039172 
0.6779999999999999 -1.3666298450638719 
0.6799999999999999 -1.2845060390062555 
0.6819999999999999 -1.2005058984055514 
0.6839999999999999 -1.114656974835654 
0.6859999999999999 -1.0269886214976895 
0.688 -0.9375320261595999 
0.69 -0.8463202443027069 
0.692 -0.753388232470892 
0.694 -0.6587728818170953 
0.696 -0.5625130518419397 
0.698 -0.4646496043189505 
0.7 -0.36522543739988356 
0.702 -0.2642855198944085 
0.704 -0.16187692571672185 
0.706 -0.058048868492279304 
0.708 0.047147263683072094 
0.71 0.15365787333999048 
0.712 0.2614271185967567 
0.714 0.37039687799422794 
0.716 0.4805067152141196 
0.718 0.5916938436909569 
0.72 0.7038930911289825 
0.722 0.8170368639352139 
0.724 0.931055111581613 
0.726 1.0458752909090308 
0.728 1.1614223303873659 
0.73 1.2776185943464893 
0.732 1.394383847193973 
0.734 1.511635217636392 
0.736 1.6292871629219308 
0.738 1.7472514331237403 
0.74 1.8654370354836622 
0.742 1.9837501988386002 
0.744 2.1020943381518595 
0.746 2.2203700191742897 
0.748 2.3384749232611233 
0.75 2.45630381237227 
0.752 2.573748494285676 
0.754 2.6906977880552407 
0.756 2.8070374897471524 
0.758 2.922650338490353 
0.76 3.03741598287961 
0.762 3.1512109477722543 
0.764 3.2639086015223686 
0.766 3.37537912369927 
0.768 3.4854894733405235 
0.77 3.594103357792962 
0.772 3.7010812021994854 
0.774 3.8062801196930183 
0.776 3.9095538823636575 
0.778 4.010752893069987 
0.78 4.109724158170439 
0.782 4.206311261256443 
0.784 4.300354337975022 
0.786 4.391690052035051 
0.788 4.480151572499049 
0.79 4.565568552469199 
0.792 4.647767109285693 
0.794 4.726569806364073 
0.796 4.801795636808469 
0.798 4.873260008948391 
0.8 4.940774733958701 
0.802 5.004148015735165 
0.804 5.063184443212303 
0.806 5.117684985325408 
0.808 5.1674469888356995 
0.81 5.212264179255985 
0.812 5.251926665134225 
0.8140000000000001 5.286220945975017 
0.8160000000000001 5.314929924102801 
0.8180000000000001 5.337832920797859 
0.8200000000000001 5.354705697065315 
0.8220000000000001 5.365320479429849 
0.8240000000000001 5.369445991184488 
0.8260000000000001 5.366847489561388 
0.8280000000000001 5.35728680933598 
0.8300000000000001 5.340522413423852 
0.8320000000000001 5.316309451083429 
0.8340000000000001 5.2843998243961385 
0.8360000000000001 5.244542263761627 
0.8380000000000001 5.196482413218422 
0.8400000000000001 5.139962926481175 
0.8420000000000001 5.074723574676429 
0.8440000000000001 5.000501366859001 
0.8460000000000001 4.917030684503812 
0.8480000000000001 4.824043431293875 
0.8500000000000001 4.721269199665623 
0.8520000000000001 4.608435455731233 
0.8540000000000001 4.485267744374593 
0.8560000000000001 4.351489916517683 
0.8580000000000001 4.206824380778747 
0.8600000000000001 4.050992381997615 
0.8620000000000001 3.8837143093906104 
0.8640000000000001 3.704710037422428 
0.8660000000000001 3.513699302850825 
0.8680000000000001 3.310402121819222 
0.8700000000000001 3.0945392513487127 
0.8720000000000001 2.86583270012545 
0.8740000000000001 2.6240062941006794 
0.8760000000000001 2.3687863031326595 
0.8780000000000001 2.0999021357168104 
0.8800000000000001 1.817087109789635 
0.8820000000000001 1.5200793086749966 
0.8840000000000001 1.2086225324919102 
0.8860000000000001 0.882467356791298 
0.8880000000000001 0.5413723118705658 
0.8900000000000001 0.18510519817034066 
0.8920000000000001 -0.18655544455967288 
0.8940000000000001 -0.5738186939693009 
0.8960000000000001 -0.9768794042027018 
0.8980000000000001 -1.3959161402069196 
0.9000000000000001 -1.8310888557342118 
0.9020000000000001 -2.2825362783717633 
0.9040000000000001 -2.750372958821739 
0.9060000000000001 -3.234685934373749 
0.9080000000000001 -3.7355309478052092 
0.9100000000000001 -4.252928152499313 
0.9120000000000001 -4.786857221985869 
0.9140000000000001 -5.337251766893056 
0.9160000000000001 -5.903992943819869 
0.9180000000000001 -6.486902118104142 
0.9199999999999999 -7.085732414856377 
0.9219999999999999 -7.700158958654832 
0.9239999999999999 -8.329767560273442 
0.9259999999999999 -8.974041556573816 
0.9279999999999999 -9.632346444384849 
0.9299999999999999 -10.303911867098634 
0.9319999999999999 -10.987810408881739 
0.9339999999999999 -11.682932519256083 
0.9359999999999999 -12.387956721491765 
0.938 -13.101314039788596 
0.94 -13.821145296216296 
0.942 -14.545249556237964 
0.944 -15.271021509877231 
0.946 -15.995374919902765 
0.948 -16.714648385752202 
0.95 -17.42448847150608 
0.952 -18.119703595661612 
0.954 -18.79407978402066 
0.956 -19.4401461511211 
0.958 -20.04887335294735 
0.96 -20.60928155075106 
0.962 -21.107924547846252 
0.964 -21.528201944296097 
0.966 -21.849428493192125 
0.968 -22.045554434078202 
0.97 -22.083373926033442 
0.972 -21.91996563007943 
0.974 -21.498951982680126 
0.976 -20.744888063281522 
0.978 -19.55458979734719 
0.98 -17.78325902951056 
0.982 -15.221358587795628 
0.984 -11.554143580811584 
0.986 -6.286505160576141 
0.988 1.407342039502879 
0.99 13.014547646706717 
0.992 31.510345036804864 
0.994 63.83820997498242 
0.996 130.83049544693262 
