-1.0 -3.907985046680551e-14 
-0.998 -3.552713678800501e-14 
-0.996 -3.197442310920451e-14 
-0.994 -2.842170943040401e-14 
-0.992 -2.6645352591003757e-14 
-0.99 -2.1316282072803006e-14 
-0.988 -2.1316282072803006e-14 
-0.986 -1.7763568394002505e-14 
-0.984 -1.2434497875801753e-14 
-0.982 -7.105427357601002e-15 
-0.98 -8.881784197001252e-15 
-0.978 -7.105427357601002e-15 
-0.976 0.0 
-0.974 -1.7763568394002505e-15 
-0.972 1.7763568394002505e-15 
-0.97 1.7763568394002505e-15 
-0.968 3.552713678800501e-15 
-0.966 8.881784197001252e-15 
-0.964 7.105427357601002e-15 
-0.962 7.105427357601002e-15 
-0.96 1.2434497875801753e-14 
-0.958 1.2434497875801753e-14 
-0.956 1.2434497875801753e-14 
-0.954 1.0658141036401503e-14 
-0.952 1.2434497875801753e-14 
-0.95 1.4210854715202004e-14 
-0.948 1.5987211554602254e-14 
-0.946 2.1316282072803006e-14 
-0.944 2.1316282072803006e-14 
-0.942 1.7763568394002505e-14 
-0.94 2.1316282072803006e-14 
-0.938 1.687538997430238e-14 
-0.9359999999999999 2.042810365310288e-14 
-0.9339999999999999 2.220446049250313e-14 
-0.9319999999999999 2.398081733190338e-14 
-0.9299999999999999 2.398081733190338e-14 
-0.9279999999999999 2.398081733190338e-14 
-0.926 2.398081733190338e-14 
-0.924 2.042810365310288e-14 
-0.922 2.6645352591003757e-14 
-0.92 2.4868995751603507e-14 
-0.918 2.5757174171303632e-14 
-0.916 2.3092638912203256e-14 
-0.914 2.4868995751603507e-14 
-0.912 2.3092638912203256e-14 
-0.91 2.5757174171303632e-14 
-0.908 2.220446049250313e-14 
-0.906 2.3092638912203256e-14 
-0.904 1.9539925233402755e-14 
-0.902 2.1316282072803006e-14 
-0.9 1.7763568394002505e-14 
-0.898 2.1316282072803006e-14 
-0.896 1.7763568394002505e-14 
-0.894 2.220446049250313e-14 
-0.892 1.9539925233402755e-14 
-0.89 2.220446049250313e-14 
-0.888 2.1316282072803006e-14 
-0.886 1.865174681370263e-14 
-0.884 1.7763568394002505e-14 
-0.882 2.042810365310288e-14 
-0.88 1.9539925233402755e-14 
-0.878 1.7763568394002505e-14 
-0.876 1.687538997430238e-14 
-0.874 1.7763568394002505e-14 
-0.872 1.509903313490213e-14 
-0.87 1.509903313490213e-14 
-0.868 1.687538997430238e-14 
-0.866 1.687538997430238e-14 
-0.864 1.3322676295501878e-14 
-0.862 1.3322676295501878e-14 
-0.86 1.5987211554602254e-14 
-0.858 1.2434497875801753e-14 
-0.856 1.2434497875801753e-14 
-0.854 9.769962616701378e-15 
-0.852 1.0658141036401503e-14 
-0.85 9.769962616701378e-15 
-0.848 9.769962616701378e-15 
-0.846 8.881784197001252e-15 
-0.844 6.217248937900877e-15 
-0.842 7.105427357601002e-15 
-0.84 7.993605777301127e-15 
-0.838 6.217248937900877e-15 
-0.836 5.329070518200751e-15 
-0.834 5.329070518200751e-15 
-0.832 4.440892098500626e-15 
-0.83 2.6645352591003757e-15 
-0.828 8.881784197001252e-16 
-0.826 4.440892098500626e-15 
-0.8240000000000001 2.6645352591003757e-15 
-0.8220000000000001 1.7763568394002505e-15 
-0.8200000000000001 0.0 
-0.8180000000000001 -8.881784197001252e-16 
-0.8160000000000001 0.0 
-0.8140000000000001 0.0 
-0.812 8.881784197001252e-16 
-0.81 8.881784197001252e-16 
-0.808 -3.552713678800501e-15 
-0.806 -8.881784197001252e-16 
-0.804 -1.7763568394002505e-15 
-0.802 -8.881784197001252e-16 
-0.8 -3.552713678800501e-15 
-0.798 -4.440892098500626e-15 
-0.796 -4.440892098500626e-15 
-0.794 -5.329070518200751e-15 
-0.792 -3.552713678800501e-15 
-0.79 -6.217248937900877e-15 
-0.788 -6.217248937900877e-15 
-0.786 -6.217248937900877e-15 
-0.784 -7.993605777301127e-15 
-0.782 -8.881784197001252e-15 
-0.78 -8.881784197001252e-15 
-0.778 -5.329070518200751e-15 
-0.776 -7.993605777301127e-15 
-0.774 -8.881784197001252e-15 
-0.772 -9.769962616701378e-15 
-0.77 -7.993605777301127e-15 
-0.768 -8.881784197001252e-15 
-0.766 -8.881784197001252e-15 
-0.764 -7.105427357601002e-15 
-0.762 -1.0658141036401503e-14 
-0.76 -8.881784197001252e-15 
-0.758 -1.0658141036401503e-14 
-0.756 -8.881784197001252e-15 
-0.754 -1.0658141036401503e-14 
-0.752 -7.105427357601002e-15 
-0.75 -1.1546319456101628e-14 
-0.748 -1.4210854715202004e-14 
-0.746 -1.1546319456101628e-14 
-0.744 -9.769962616701378e-15 
-0.742 -8.881784197001252e-15 
-0.74 -1.4210854715202004e-14 
-0.738 -1.2434497875801753e-14 
-0.736 -9.769962616701378e-15 
-0.734 -1.4210854715202004e-14 
-0.732 -1.1546319456101628e-14 
-0.73 -9.769962616701378e-15 
-0.728 -1.2434497875801753e-14 
-0.726 -1.687538997430238e-14 
-0.724 -1.509903313490213e-14 
-0.722 -1.2434497875801753e-14 
-0.72 -1.4210854715202004e-14 
-0.718 -1.0658141036401503e-14 
-0.716 -1.4210854715202004e-14 
-0.714 -1.1546319456101628e-14 
-0.712 -1.2434497875801753e-14 
-0.71 -1.3322676295501878e-14 
-0.708 -1.0658141036401503e-14 
-0.706 -1.3322676295501878e-14 
-0.704 -1.1546319456101628e-14 
-0.702 -1.0658141036401503e-14 
-0.7 -1.3322676295501878e-14 
-0.698 -9.769962616701378e-15 
-0.696 -1.3322676295501878e-14 
-0.694 -1.0658141036401503e-14 
-0.692 -1.4210854715202004e-14 
-0.69 -1.3322676295501878e-14 
-0.688 -1.3322676295501878e-14 
-0.6859999999999999 -9.769962616701378e-15 
-0.6839999999999999 -1.2434497875801753e-14 
-0.6819999999999999 -1.0658141036401503e-14 
-0.6799999999999999 -1.1546319456101628e-14 
-0.6779999999999999 -1.0658141036401503e-14 
-0.6759999999999999 -1.021405182655144e-14 
-0.6739999999999999 -1.1102230246251565e-14 
-0.6719999999999999 -7.993605777301127e-15 
-0.6699999999999999 -1.1102230246251565e-14 
-0.6679999999999999 -1.0658141036401503e-14 
-0.6659999999999999 -1.1102230246251565e-14 
-0.6639999999999999 -8.881784197001252e-15 
-0.6619999999999999 -7.105427357601002e-15 
-0.6599999999999999 -8.881784197001252e-15 
-0.6579999999999999 -1.0658141036401503e-14 
-0.6559999999999999 -8.43769498715119e-15 
-0.6539999999999999 -8.881784197001252e-15 
-0.6519999999999999 -7.105427357601002e-15 
-0.6499999999999999 -5.773159728050814e-15 
-0.648 -7.993605777301127e-15 
-0.646 -5.773159728050814e-15 
-0.644 -7.105427357601002e-15 
-0.642 -6.217248937900877e-15 
-0.64 -6.217248937900877e-15 
-0.638 -5.329070518200751e-15 
-0.636 -3.552713678800501e-15 
-0.634 -2.6645352591003757e-15 
-0.632 -5.773159728050814e-15 
-0.63 -6.217248937900877e-15 
-0.628 -4.440892098500626e-15 
-0.626 -2.220446049250313e-15 
-0.624 -2.6645352591003757e-15 
-0.622 -8.881784197001252e-16 
-0.62 -3.1086244689504383e-15 
-0.618 -3.1086244689504383e-15 
-0.616 -1.3322676295501878e-15 
-0.614 -3.552713678800501e-15 
-0.612 -3.552713678800501e-15 
-0.61 -1.3322676295501878e-15 
-0.608 -3.552713678800501e-15 
-0.606 -3.552713678800501e-15 
-0.604 -3.1086244689504383e-15 
-0.602 -1.3322676295501878e-15 
-0.6 -1.7763568394002505e-15 
-0.598 -1.3322676295501878e-15 
-0.596 -1.7763568394002505e-15 
-0.594 0.0 
-0.592 2.6645352591003757e-15 
-0.59 4.440892098500626e-16 
-0.588 4.440892098500626e-16 
-0.586 8.881784197001252e-16 
-0.584 2.220446049250313e-15 
-0.5820000000000001 1.7763568394002505e-15 
-0.5800000000000001 3.9968028886505635e-15 
-0.5780000000000001 3.552713678800501e-15 
-0.5760000000000001 4.884981308350689e-15 
-0.5740000000000001 2.6645352591003757e-15 
-0.5720000000000001 1.3322676295501878e-15 
-0.5700000000000001 1.3322676295501878e-15 
-0.5680000000000001 4.884981308350689e-15 
-0.5660000000000001 5.773159728050814e-15 
-0.5640000000000001 4.440892098500626e-15 
-0.562 2.220446049250313e-15 
-0.56 3.9968028886505635e-15 
-0.558 5.773159728050814e-15 
-0.556 4.884981308350689e-15 
-0.554 6.661338147750939e-15 
-0.552 5.329070518200751e-15 
-0.55 5.329070518200751e-15 
-0.548 5.773159728050814e-15 
-0.546 8.881784197001252e-15 
-0.544 7.993605777301127e-15 
-0.542 8.43769498715119e-15 
-0.54 8.881784197001252e-15 
-0.538 6.661338147750939e-15 
-0.536 8.881784197001252e-15 
-0.534 9.325873406851315e-15 
-0.532 8.881784197001252e-15 
-0.53 8.881784197001252e-15 
-0.528 1.021405182655144e-14 
-0.526 7.105427357601002e-15 
-0.524 9.769962616701378e-15 
-0.522 1.1102230246251565e-14 
-0.52 9.325873406851315e-15 
-0.518 9.325873406851315e-15 
-0.516 1.199040866595169e-14 
-0.514 9.769962616701378e-15 
-0.512 9.325873406851315e-15 
-0.51 9.325873406851315e-15 
-0.508 1.2212453270876722e-14 
-0.506 1.0880185641326534e-14 
-0.504 9.103828801926284e-15 
-0.502 9.547918011776346e-15 
-0.5 1.3100631690576847e-14 
-0.498 1.2656542480726785e-14 
-0.496 1.1324274851176597e-14 
-0.494 1.2656542480726785e-14 
-0.492 1.176836406102666e-14 
-0.49 1.3100631690576847e-14 
-0.488 1.021405182655144e-14 
-0.486 1.0436096431476471e-14 
-0.484 1.1102230246251565e-14 
-0.482 1.176836406102666e-14 
-0.48 1.176836406102666e-14 
-0.478 1.3322676295501878e-14 
-0.476 1.3766765505351941e-14 
-0.474 9.769962616701378e-15 
-0.472 1.1324274851176597e-14 
-0.47 1.2656542480726785e-14 
-0.46799999999999997 1.2878587085651816e-14 
-0.46599999999999997 1.2434497875801753e-14 
-0.46399999999999997 1.354472090042691e-14 
-0.46199999999999997 1.0658141036401503e-14 
-0.45999999999999996 1.176836406102666e-14 
-0.45799999999999996 1.176836406102666e-14 
-0.45599999999999996 1.3100631690576847e-14 
-0.45399999999999996 1.2656542480726785e-14 
-0.45199999999999996 1.3766765505351941e-14 
-0.44999999999999996 1.4210854715202004e-14 
-0.44799999999999995 1.0436096431476471e-14 
-0.44599999999999995 1.354472090042691e-14 
-0.44399999999999995 1.2212453270876722e-14 
-0.44199999999999995 1.2434497875801753e-14 
-0.43999999999999995 1.0880185641326534e-14 
-0.43799999999999994 1.4210854715202004e-14 
-0.43599999999999994 1.2656542480726785e-14 
-0.43399999999999994 1.2656542480726785e-14 
-0.43199999999999994 1.1324274851176597e-14 
-0.42999999999999994 1.3100631690576847e-14 
-0.42799999999999994 1.199040866595169e-14 
-0.42599999999999993 1.3100631690576847e-14 
-0.42399999999999993 1.3988810110276972e-14 
-0.42200000000000004 1.176836406102666e-14 
-0.42000000000000004 1.1102230246251565e-14 
-0.41800000000000004 1.0880185641326534e-14 
-0.41600000000000004 1.2212453270876722e-14 
-0.41400000000000003 1.2212453270876722e-14 
-0.41200000000000003 1.176836406102666e-14 
-0.41000000000000003 1.1546319456101628e-14 
-0.40800000000000003 1.1546319456101628e-14 
-0.406 1.176836406102666e-14 
-0.404 1.1102230246251565e-14 
-0.402 1.0658141036401503e-14 
-0.4 1.0658141036401503e-14 
-0.398 1.099120794378905e-14 
-0.396 1.0769163338864018e-14 
-0.394 1.0436096431476471e-14 
-0.392 1.0103029524088925e-14 
-0.39 9.658940314238862e-15 
-0.388 1.0325074129013956e-14 
-0.386 9.880984919163893e-15 
-0.384 1.0436096431476471e-14 
-0.382 1.099120794378905e-14 
-0.38 1.099120794378905e-14 
-0.378 1.0436096431476471e-14 
-0.376 8.881784197001252e-15 
-0.374 9.658940314238862e-15 
-0.372 9.2148511043888e-15 
-0.37 9.2148511043888e-15 
-0.368 9.547918011776346e-15 
-0.366 8.881784197001252e-15 
-0.364 8.104628079763643e-15 
-0.362 8.215650382226158e-15 
-0.36 8.881784197001252e-15 
-0.358 8.548717289613705e-15 
-0.356 7.549516567451064e-15 
-0.354 7.327471962526033e-15 
-0.352 7.993605777301127e-15 
-0.35 7.438494264988549e-15 
-0.348 8.104628079763643e-15 
-0.346 8.43769498715119e-15 
-0.344 6.994405055138486e-15 
-0.34199999999999997 7.438494264988549e-15 
-0.33999999999999997 7.105427357601002e-15 
-0.33799999999999997 7.382983113757291e-15 
-0.33599999999999997 6.5503158452884236e-15 
-0.33399999999999996 5.995204332975845e-15 
-0.33199999999999996 6.494804694057166e-15 
-0.32999999999999996 6.8833827526759706e-15 
-0.32799999999999996 6.106226635438361e-15 
-0.32599999999999996 4.551914400963142e-15 
-0.32399999999999995 4.6629367034256575e-15 
-0.32199999999999995 5.2735593669694936e-15 
-0.31999999999999995 4.9960036108132044e-15 
-0.31799999999999995 4.274358644806853e-15 
-0.31599999999999995 4.6629367034256575e-15 
-0.31399999999999995 4.440892098500626e-15 
-0.31199999999999994 4.218847493575595e-15 
-0.30999999999999994 3.1086244689504383e-15 
-0.30799999999999994 4.135580766728708e-15 
-0.30599999999999994 4.246603069191224e-15 
-0.30399999999999994 3.0531133177191805e-15 
-0.30199999999999994 2.7755575615628914e-15 
-0.29999999999999993 3.608224830031759e-15 
-0.29799999999999993 2.4147350785597155e-15 
-0.29600000000000004 1.9984014443252818e-15 
-0.29400000000000004 1.9984014443252818e-15 
-0.29200000000000004 2.6367796834847468e-15 
-0.29000000000000004 1.3461454173580023e-15 
-0.28800000000000003 1.3877787807814457e-15 
-0.28600000000000003 1.2351231148954867e-15 
-0.28400000000000003 1.2906342661267445e-15 
-0.28200000000000003 1.1796119636642288e-15 
-0.28 1.880440247958859e-15 
-0.278 8.326672684688674e-17 
-0.276 4.198030811863873e-16 
-0.274 3.2439329000766293e-16 
-0.272 -1.0755285551056204e-16 
-0.27 -8.673617379884035e-17 
-0.268 -5.516420653606247e-16 
-0.266 -8.187894806610529e-16 
-0.264 -4.926614671774132e-16 
-0.262 -1.1657341758564144e-15 
-0.26 -6.245004513516506e-16 
-0.258 -1.1102230246251565e-15 
-0.256 -1.9845236565174673e-15 
-0.254 -1.8457457784393227e-15 
-0.252 -1.1657341758564144e-15 
-0.25 -1.3600232051658168e-15 
-0.248 -2.3869795029440866e-15 
-0.246 -2.6367796834847468e-15 
-0.244 -2.9698465908722937e-15 
-0.242 -3.219646771412954e-15 
-0.24 -3.1363800445660672e-15 
-0.238 -3.4139358007223564e-15 
-0.236 -3.552713678800501e-15 
-0.23399999999999999 -3.3861802251067274e-15 
-0.23199999999999998 -4.3298697960381105e-15 
-0.22999999999999998 -4.579669976578771e-15 
-0.22799999999999998 -3.7192471324942744e-15 
-0.22599999999999998 -3.885780586188048e-15 
-0.22399999999999998 -4.218847493575595e-15 
-0.22199999999999998 -3.9968028886505635e-15 
-0.21999999999999997 -5.329070518200751e-15 
-0.21799999999999997 -5.329070518200751e-15 
-0.21599999999999997 -5.828670879282072e-15 
-0.21399999999999997 -5.773159728050814e-15 
-0.21199999999999997 -4.496403249731884e-15 
-0.20999999999999996 -5.773159728050814e-15 
-0.20799999999999996 -5.88418203051333e-15 
-0.20599999999999996 -6.328271240363392e-15 
-0.20399999999999996 -5.828670879282072e-15 
-0.20199999999999996 -6.217248937900877e-15 
-0.19999999999999996 -5.773159728050814e-15 
-0.19799999999999995 -6.106226635438361e-15 
-0.19599999999999995 -7.105427357601002e-15 
-0.19399999999999995 -6.439293542825908e-15 
-0.19199999999999995 -7.271960811294775e-15 
-0.18999999999999995 -7.271960811294775e-15 
-0.18799999999999994 -6.2727600891321345e-15 
-0.18599999999999994 -6.6058269965196814e-15 
-0.18399999999999994 -7.549516567451064e-15 
-0.18199999999999994 -6.938893903907228e-15 
-0.17999999999999994 -7.771561172376096e-15 
-0.17799999999999994 -7.66053886991358e-15 
-0.17599999999999993 -7.993605777301127e-15 
-0.17399999999999993 -7.993605777301127e-15 
-0.17199999999999993 -7.66053886991358e-15 
-0.16999999999999993 -7.993605777301127e-15 
-0.16799999999999993 -7.882583474838611e-15 
-0.16600000000000004 -8.215650382226158e-15 
-0.16400000000000003 -8.215650382226158e-15 
-0.16200000000000003 -7.327471962526033e-15 
-0.16000000000000003 -8.215650382226158e-15 
-0.15800000000000003 -8.992806499463768e-15 
-0.15600000000000003 -8.659739592076221e-15 
-0.15400000000000003 -8.326672684688674e-15 
-0.15200000000000002 -8.881784197001252e-15 
-0.15000000000000002 -8.326672684688674e-15 
-0.14800000000000002 -8.881784197001252e-15 
-0.14600000000000002 -8.548717289613705e-15 
-0.14400000000000002 -8.326672684688674e-15 
-0.14200000000000002 -8.659739592076221e-15 
-0.14 -8.548717289613705e-15 
-0.138 -8.548717289613705e-15 
-0.136 -8.770761894538737e-15 
-0.134 -8.43769498715119e-15 
-0.132 -9.103828801926284e-15 
-0.13 -9.43689570931383e-15 
-0.128 -9.103828801926284e-15 
-0.126 -8.992806499463768e-15 
-0.124 -9.2148511043888e-15 
-0.122 -8.992806499463768e-15 
-0.12 -8.992806499463768e-15 
-0.118 -8.992806499463768e-15 
-0.11599999999999999 -9.325873406851315e-15 
-0.11399999999999999 -9.2148511043888e-15 
-0.11199999999999999 -9.103828801926284e-15 
-0.10999999999999999 -9.103828801926284e-15 
-0.10799999999999998 -8.659739592076221e-15 
-0.10599999999999998 -8.659739592076221e-15 
-0.10399999999999998 -9.2148511043888e-15 
-0.10199999999999998 -8.659739592076221e-15 
-0.09999999999999998 -9.547918011776346e-15 
-0.09799999999999998 -8.992806499463768e-15 
-0.09599999999999997 -8.659739592076221e-15 
-0.09399999999999997 -8.881784197001252e-15 
-0.09199999999999997 -8.770761894538737e-15 
-0.08999999999999997 -8.770761894538737e-15 
-0.08799999999999997 -8.659739592076221e-15 
-0.08599999999999997 -9.103828801926284e-15 
-0.08399999999999996 -8.659739592076221e-15 
-0.08199999999999996 -8.548717289613705e-15 
-0.07999999999999996 -8.548717289613705e-15 
-0.07799999999999996 -8.548717289613705e-15 
-0.07599999999999996 -8.326672684688674e-15 
-0.07399999999999995 -8.770761894538737e-15 
-0.07199999999999995 -8.992806499463768e-15 
-0.06999999999999995 -8.104628079763643e-15 
-0.06799999999999995 -7.771561172376096e-15 
-0.06599999999999995 -8.659739592076221e-15 
-0.06399999999999995 -8.326672684688674e-15 
-0.061999999999999944 -8.104628079763643e-15 
-0.05999999999999994 -8.215650382226158e-15 
-0.05799999999999994 -8.104628079763643e-15 
-0.05599999999999994 -7.771561172376096e-15 
-0.05399999999999994 -7.771561172376096e-15 
-0.051999999999999935 -7.771561172376096e-15 
-0.04999999999999993 -7.327471962526033e-15 
-0.04799999999999993 -7.438494264988549e-15 
-0.04599999999999993 -7.105427357601002e-15 
-0.04399999999999993 -7.66053886991358e-15 
-0.041999999999999926 -7.105427357601002e-15 
-0.040000000000000036 -7.216449660063518e-15 
-0.038000000000000034 -6.661338147750939e-15 
-0.03600000000000003 -6.772360450213455e-15 
-0.03400000000000003 -6.8833827526759706e-15 
-0.03200000000000003 -6.217248937900877e-15 
-0.030000000000000027 -6.328271240363392e-15 
-0.028000000000000025 -6.106226635438361e-15 
-0.026000000000000023 -6.328271240363392e-15 
-0.02400000000000002 -5.662137425588298e-15 
-0.02200000000000002 -5.773159728050814e-15 
-0.020000000000000018 -5.329070518200751e-15 
-0.018000000000000016 -5.329070518200751e-15 
-0.016000000000000014 -5.88418203051333e-15 
-0.014000000000000012 -5.329070518200751e-15 
-0.01200000000000001 -5.88418203051333e-15 
-0.010000000000000009 -5.218048215738236e-15 
-0.008000000000000007 -5.10702591327572e-15 
-0.006000000000000005 -4.9960036108132044e-15 
-0.0040000000000000036 -4.6629367034256575e-15 
-0.0020000000000000018 -4.551914400963142e-15 
0.0 -4.218847493575595e-15 
0.0020000000000000018 -4.218847493575595e-15 
0.0040000000000000036 -3.9968028886505635e-15 
0.006000000000000005 -3.9968028886505635e-15 
0.008000000000000007 -3.774758283725532e-15 
0.010000000000000009 -4.218847493575595e-15 
0.01200000000000001 -3.774758283725532e-15 
0.014000000000000012 -3.3306690738754696e-15 
0.016000000000000014 -3.774758283725532e-15 
0.018000000000000016 -3.552713678800501e-15 
0.020000000000000018 -2.6645352591003757e-15 
0.02200000000000002 -2.6645352591003757e-15 
0.02400000000000002 -2.6645352591003757e-15 
0.026000000000000023 -2.4424906541753444e-15 
0.028000000000000025 -2.886579864025407e-15 
0.030000000000000027 -2.4424906541753444e-15 
0.03200000000000003 -1.9984014443252818e-15 
0.03400000000000003 -2.4424906541753444e-15 
0.03600000000000003 -1.9984014443252818e-15 
0.038000000000000034 -1.7763568394002505e-15 
0.040000000000000036 -1.5543122344752192e-15 
0.04200000000000004 -1.3322676295501878e-15 
0.04400000000000004 -1.3322676295501878e-15 
0.04600000000000004 -8.881784197001252e-16 
0.04800000000000004 -6.661338147750939e-16 
0.050000000000000044 -1.1102230246251565e-15 
0.052000000000000046 -2.220446049250313e-16 
0.05400000000000005 -4.440892098500626e-16 
0.05600000000000005 -2.220446049250313e-16 
0.05800000000000005 0.0 
0.06000000000000005 2.220446049250313e-16 
0.062000000000000055 4.440892098500626e-16 
0.06400000000000006 0.0 
0.06600000000000006 4.440892098500626e-16 
0.06800000000000006 6.661338147750939e-16 
0.07000000000000006 1.1102230246251565e-15 
0.07200000000000006 1.1102230246251565e-15 
0.07400000000000007 6.661338147750939e-16 
0.07600000000000007 1.3322676295501878e-15 
0.07800000000000007 1.7763568394002505e-15 
0.08000000000000007 1.9984014443252818e-15 
0.08200000000000007 1.7763568394002505e-15 
0.08400000000000007 1.9984014443252818e-15 
0.08600000000000008 2.220446049250313e-15 
0.08800000000000008 1.9984014443252818e-15 
0.09000000000000008 2.220446049250313e-15 
0.09200000000000008 2.6645352591003757e-15 
0.09400000000000008 1.9984014443252818e-15 
0.09600000000000009 2.6645352591003757e-15 
0.09800000000000009 2.6645352591003757e-15 
0.10000000000000009 3.1086244689504383e-15 
0.10200000000000009 3.1086244689504383e-15 
0.10400000000000009 2.7755575615628914e-15 
0.1060000000000001 3.1086244689504383e-15 
0.1080000000000001 3.774758283725532e-15 
0.1100000000000001 3.1086244689504383e-15 
0.1120000000000001 3.552713678800501e-15 
0.1140000000000001 3.6637359812630166e-15 
0.1160000000000001 3.774758283725532e-15 
0.1180000000000001 3.9968028886505635e-15 
0.1200000000000001 3.9968028886505635e-15 
0.12200000000000011 3.9968028886505635e-15 
0.12400000000000011 4.3298697960381105e-15 
0.1260000000000001 4.440892098500626e-15 
0.1280000000000001 4.6629367034256575e-15 
0.13000000000000012 4.3298697960381105e-15 
0.13200000000000012 4.6629367034256575e-15 
0.13400000000000012 5.10702591327572e-15 
0.13600000000000012 5.10702591327572e-15 
0.13800000000000012 5.10702591327572e-15 
0.14000000000000012 5.440092820663267e-15 
0.14200000000000013 5.662137425588298e-15 
0.14400000000000013 5.440092820663267e-15 
0.14600000000000013 5.551115123125783e-15 
0.14800000000000013 5.551115123125783e-15 
0.15000000000000013 5.773159728050814e-15 
0.15200000000000014 5.551115123125783e-15 
0.15399999999999991 5.88418203051333e-15 
0.15599999999999992 6.217248937900877e-15 
0.15799999999999992 5.662137425588298e-15 
0.15999999999999992 6.328271240363392e-15 
0.16199999999999992 6.217248937900877e-15 
0.16399999999999992 6.439293542825908e-15 
0.16599999999999993 5.995204332975845e-15 
0.16799999999999993 6.217248937900877e-15 
0.16999999999999993 6.8833827526759706e-15 
0.17199999999999993 6.106226635438361e-15 
0.17399999999999993 5.995204332975845e-15 
0.17599999999999993 5.995204332975845e-15 
0.17799999999999994 6.217248937900877e-15 
0.17999999999999994 6.5503158452884236e-15 
0.18199999999999994 6.5503158452884236e-15 
0.18399999999999994 6.5503158452884236e-15 
0.18599999999999994 6.106226635438361e-15 
0.18799999999999994 6.661338147750939e-15 
0.18999999999999995 6.994405055138486e-15 
0.19199999999999995 6.772360450213455e-15 
0.19399999999999995 6.106226635438361e-15 
0.19599999999999995 6.994405055138486e-15 
0.19799999999999995 5.995204332975845e-15 
0.19999999999999996 6.5503158452884236e-15 
0.20199999999999996 6.328271240363392e-15 
0.20399999999999996 7.216449660063518e-15 
0.20599999999999996 6.661338147750939e-15 
0.20799999999999996 6.439293542825908e-15 
0.20999999999999996 7.327471962526033e-15 
0.21199999999999997 6.772360450213455e-15 
0.21399999999999997 6.994405055138486e-15 
0.21599999999999997 6.772360450213455e-15 
0.21799999999999997 6.661338147750939e-15 
0.21999999999999997 6.5503158452884236e-15 
0.22199999999999998 6.994405055138486e-15 
0.22399999999999998 6.661338147750939e-15 
0.22599999999999998 6.661338147750939e-15 
0.22799999999999998 6.5503158452884236e-15 
0.22999999999999998 6.5503158452884236e-15 
0.23199999999999998 7.105427357601002e-15 
0.23399999999999999 6.328271240363392e-15 
0.236 6.217248937900877e-15 
0.238 6.994405055138486e-15 
0.24 6.772360450213455e-15 
0.242 6.439293542825908e-15 
0.244 6.5503158452884236e-15 
0.246 5.773159728050814e-15 
0.248 6.5503158452884236e-15 
0.25 6.106226635438361e-15 
0.252 6.328271240363392e-15 
0.254 5.88418203051333e-15 
0.256 6.106226635438361e-15 
0.258 5.773159728050814e-15 
0.26 5.995204332975845e-15 
0.262 5.995204332975845e-15 
0.264 5.662137425588298e-15 
0.266 5.773159728050814e-15 
0.268 6.106226635438361e-15 
0.27 5.329070518200751e-15 
0.272 5.88418203051333e-15 
0.274 4.6629367034256575e-15 
0.276 4.6629367034256575e-15 
0.278 5.329070518200751e-15 
0.28 5.10702591327572e-15 
0.28200000000000003 4.551914400963142e-15 
0.28400000000000003 4.884981308350689e-15 
0.28600000000000003 4.440892098500626e-15 
0.28800000000000003 4.107825191113079e-15 
0.29000000000000004 4.829470157119431e-15 
0.29200000000000004 4.551914400963142e-15 
0.29400000000000004 4.6074255521944e-15 
0.29600000000000004 4.551914400963142e-15 
0.29800000000000004 4.3298697960381105e-15 
0.30000000000000004 4.496403249731884e-15 
0.30200000000000005 3.6637359812630166e-15 
0.30400000000000005 3.2751579226442118e-15 
0.30600000000000005 4.385380947269368e-15 
0.30800000000000005 4.274358644806853e-15 
0.31000000000000005 3.2751579226442118e-15 
0.31200000000000006 3.3306690738754696e-15 
0.31400000000000006 3.608224830031759e-15 
0.31600000000000006 3.2751579226442118e-15 
0.31800000000000006 2.4980018054066022e-15 
0.32000000000000006 2.831068712794149e-15 
0.32200000000000006 2.6645352591003757e-15 
0.32400000000000007 2.3314683517128287e-15 
0.32600000000000007 2.0539125955565396e-15 
0.32800000000000007 2.3869795029440866e-15 
0.33000000000000007 2.7200464103316335e-15 
0.3320000000000001 2.275957200481571e-15 
0.3340000000000001 1.7486012637846216e-15 
0.3360000000000001 1.4988010832439613e-15 
0.3380000000000001 2.0816681711721685e-15 
0.3400000000000001 1.1934897514720433e-15 
0.3420000000000001 1.6653345369377348e-15 
0.3440000000000001 1.27675647831893e-15 
0.3460000000000001 1.4432899320127035e-15 
0.3480000000000001 1.304512053934559e-15 
0.3500000000000001 8.326672684688674e-17 
0.3520000000000001 9.71445146547012e-16 
0.3540000000000001 -2.7755575615628914e-16 
0.3560000000000001 -4.163336342344337e-16 
0.3580000000000001 4.0245584642661925e-16 
0.3600000000000001 2.636779683484747e-16 
0.3620000000000001 -4.579669976578771e-16 
0.3640000000000001 -7.91033905045424e-16 
0.3660000000000001 -5.273559366969494e-16 
0.3680000000000001 -9.922618282587337e-16 
0.3700000000000001 -1.0894063429134349e-15 
0.3720000000000001 -1.0824674490095276e-15 
0.3740000000000001 -1.2871648191747909e-15 
0.3760000000000001 -2.4320823133194835e-15 
0.3780000000000001 -1.5321945101565149e-15 
0.3800000000000001 -1.268082860939046e-15 
0.3820000000000001 -1.5577816814271728e-15 
0.3840000000000001 -1.887379141862766e-15 
0.3860000000000001 -2.435551760271437e-15 
0.3880000000000001 -1.9567680809018384e-15 
0.3900000000000001 -2.7755575615628914e-15 
0.3920000000000001 -2.8171909249863347e-15 
0.39400000000000013 -3.3029134982598407e-15 
0.39600000000000013 -2.942091015256665e-15 
0.39800000000000013 -3.4416913763379853e-15 
0.40000000000000013 -3.164135620181696e-15 
0.40200000000000014 -3.3029134982598407e-15 
0.40400000000000014 -3.469446951953614e-15 
0.40600000000000014 -3.858025010572419e-15 
0.4079999999999999 -3.164135620181696e-15 
0.4099999999999999 -3.552713678800501e-15 
0.4119999999999999 -3.497202527569243e-15 
0.4139999999999999 -3.3584246494910985e-15 
0.4159999999999999 -3.524958103184872e-15 
0.4179999999999999 -3.3861802251067274e-15 
0.41999999999999993 -4.773959005888173e-15 
0.42199999999999993 -4.551914400963142e-15 
0.42399999999999993 -3.885780586188048e-15 
0.42599999999999993 -4.9404924595819466e-15 
0.42799999999999994 -4.773959005888173e-15 
0.42999999999999994 -5.218048215738236e-15 
0.43199999999999994 -4.6629367034256575e-15 
0.43399999999999994 -5.717648576819556e-15 
0.43599999999999994 -5.662137425588298e-15 
0.43799999999999994 -4.718447854656915e-15 
0.43999999999999995 -5.2735593669694936e-15 
0.44199999999999995 -4.718447854656915e-15 
0.44399999999999995 -5.995204332975845e-15 
0.44599999999999995 -5.495603971894525e-15 
0.44799999999999995 -5.995204332975845e-15 
0.44999999999999996 -5.218048215738236e-15 
0.45199999999999996 -5.6066262743570405e-15 
0.45399999999999996 -6.994405055138486e-15 
0.45599999999999996 -6.439293542825908e-15 
0.45799999999999996 -6.328271240363392e-15 
0.45999999999999996 -6.106226635438361e-15 
0.46199999999999997 -6.5503158452884236e-15 
0.46399999999999997 -6.217248937900877e-15 
0.46599999999999997 -6.106226635438361e-15 
0.46799999999999997 -6.439293542825908e-15 
0.47 -6.5503158452884236e-15 
0.472 -6.661338147750939e-15 
0.474 -7.216449660063518e-15 
0.476 -5.995204332975845e-15 
0.478 -6.661338147750939e-15 
0.48 -6.106226635438361e-15 
0.482 -7.438494264988549e-15 
0.484 -7.105427357601002e-15 
0.486 -6.994405055138486e-15 
0.488 -7.549516567451064e-15 
0.49 -6.772360450213455e-15 
0.492 -6.8833827526759706e-15 
0.494 -6.772360450213455e-15 
0.496 -6.994405055138486e-15 
0.498 -6.217248937900877e-15 
0.5 -7.882583474838611e-15 
0.502 -7.438494264988549e-15 
0.504 -7.438494264988549e-15 
0.506 -6.106226635438361e-15 
0.508 -6.772360450213455e-15 
0.51 -7.327471962526033e-15 
0.512 -6.5503158452884236e-15 
0.514 -7.105427357601002e-15 
0.516 -7.216449660063518e-15 
0.518 -6.772360450213455e-15 
0.52 -6.994405055138486e-15 
0.522 -5.995204332975845e-15 
0.524 -6.661338147750939e-15 
0.526 -6.8833827526759706e-15 
0.528 -6.217248937900877e-15 
0.53 -5.995204332975845e-15 
0.532 -7.105427357601002e-15 
0.534 -5.773159728050814e-15 
0.536 -6.217248937900877e-15 
0.538 -5.773159728050814e-15 
0.54 -6.661338147750939e-15 
0.542 -6.661338147750939e-15 
0.544 -6.439293542825908e-15 
0.546 -5.773159728050814e-15 
0.548 -6.661338147750939e-15 
0.55 -5.773159728050814e-15 
0.552 -6.439293542825908e-15 
0.554 -6.661338147750939e-15 
0.556 -6.217248937900877e-15 
0.558 -5.773159728050814e-15 
0.56 -5.551115123125783e-15 
0.562 -4.884981308350689e-15 
0.5640000000000001 -5.329070518200751e-15 
0.5660000000000001 -5.329070518200751e-15 
0.5680000000000001 -4.440892098500626e-15 
0.5700000000000001 -4.6629367034256575e-15 
0.5720000000000001 -5.551115123125783e-15 
0.5740000000000001 -4.440892098500626e-15 
0.5760000000000001 -5.10702591327572e-15 
0.5780000000000001 -4.6629367034256575e-15 
0.5800000000000001 -4.884981308350689e-15 
0.5820000000000001 -3.774758283725532e-15 
0.5840000000000001 -3.9968028886505635e-15 
0.5860000000000001 -3.774758283725532e-15 
0.5880000000000001 -3.9968028886505635e-15 
0.5900000000000001 -3.552713678800501e-15 
0.5920000000000001 -3.774758283725532e-15 
0.5940000000000001 -3.552713678800501e-15 
0.5960000000000001 -2.4424906541753444e-15 
0.5980000000000001 -3.1086244689504383e-15 
0.6000000000000001 -1.9984014443252818e-15 
0.6020000000000001 -2.4424906541753444e-15 
0.6040000000000001 -2.4424906541753444e-15 
0.6060000000000001 -2.220446049250313e-15 
0.6080000000000001 -2.220446049250313e-15 
0.6100000000000001 -1.5543122344752192e-15 
0.6120000000000001 -1.7763568394002505e-15 
0.6140000000000001 -1.5543122344752192e-15 
0.6160000000000001 -1.9984014443252818e-15 
0.6180000000000001 -1.9984014443252818e-15 
0.6200000000000001 -8.881784197001252e-16 
0.6220000000000001 -6.661338147750939e-16 
0.6240000000000001 -1.3322676295501878e-15 
0.6260000000000001 0.0 
0.6280000000000001 2.220446049250313e-16 
0.6300000000000001 -2.220446049250313e-16 
0.6320000000000001 -4.440892098500626e-16 
0.6340000000000001 4.440892098500626e-16 
0.6360000000000001 6.661338147750939e-16 
0.6380000000000001 8.881784197001252e-16 
0.6400000000000001 8.881784197001252e-16 
0.6420000000000001 8.881784197001252e-16 
0.6440000000000001 8.881784197001252e-16 
0.6460000000000001 8.881784197001252e-16 
0.6480000000000001 2.220446049250313e-15 
0.6500000000000001 1.7763568394002505e-15 
0.6520000000000001 1.7763568394002505e-15 
0.6540000000000001 1.7763568394002505e-15 
0.6560000000000001 2.220446049250313e-15 
0.6580000000000001 2.220446049250313e-15 
0.6600000000000001 2.220446049250313e-15 
0.6620000000000001 2.6645352591003757e-15 
0.6640000000000001 2.6645352591003757e-15 
0.6659999999999999 3.1086244689504383e-15 
0.6679999999999999 3.552713678800501e-15 
0.6699999999999999 3.1086244689504383e-15 
0.6719999999999999 3.9968028886505635e-15 
0.6739999999999999 3.1086244689504383e-15 
0.6759999999999999 3.9968028886505635e-15 
0.6779999999999999 3.1086244689504383e-15 
0.6799999999999999 4.440892098500626e-15 
0.6819999999999999 3.1086244689504383e-15 
0.6839999999999999 5.773159728050814e-15 
0.6859999999999999 4.440892098500626e-15 
0.688 4.884981308350689e-15 
0.69 5.329070518200751e-15 
0.692 5.329070518200751e-15 
0.694 5.329070518200751e-15 
0.696 5.329070518200751e-15 
0.698 5.773159728050814e-15 
0.7 5.773159728050814e-15 
0.702 5.773159728050814e-15 
0.704 5.329070518200751e-15 
0.706 6.217248937900877e-15 
0.708 6.217248937900877e-15 
0.71 5.329070518200751e-15 
0.712 6.217248937900877e-15 
0.714 8.881784197001252e-15 
0.716 7.549516567451064e-15 
0.718 7.105427357601002e-15 
0.72 7.105427357601002e-15 
0.722 6.661338147750939e-15 
0.724 7.549516567451064e-15 
0.726 7.549516567451064e-15 
0.728 7.549516567451064e-15 
0.73 8.881784197001252e-15 
0.732 8.43769498715119e-15 
0.734 6.661338147750939e-15 
0.736 7.549516567451064e-15 
0.738 6.217248937900877e-15 
0.74 8.43769498715119e-15 
0.742 7.549516567451064e-15 
0.744 7.549516567451064e-15 
0.746 6.661338147750939e-15 
0.748 8.43769498715119e-15 
0.75 7.549516567451064e-15 
0.752 7.993605777301127e-15 
0.754 8.881784197001252e-15 
0.756 8.881784197001252e-15 
0.758 7.549516567451064e-15 
0.76 8.881784197001252e-15 
0.762 8.43769498715119e-15 
0.764 9.325873406851315e-15 
0.766 7.105427357601002e-15 
0.768 7.105427357601002e-15 
0.77 7.105427357601002e-15 
0.772 8.43769498715119e-15 
0.774 6.661338147750939e-15 
0.776 6.661338147750939e-15 
0.778 7.549516567451064e-15 
0.78 6.217248937900877e-15 
0.782 7.105427357601002e-15 
0.784 7.105427357601002e-15 
0.786 6.661338147750939e-15 
0.788 7.105427357601002e-15 
0.79 7.105427357601002e-15 
0.792 6.217248937900877e-15 
0.794 7.105427357601002e-15 
0.796 5.773159728050814e-15 
0.798 6.217248937900877e-15 
0.8 6.217248937900877e-15 
0.802 5.329070518200751e-15 
0.804 5.773159728050814e-15 
0.806 6.217248937900877e-15 
0.808 4.884981308350689e-15 
0.81 5.329070518200751e-15 
0.812 6.217248937900877e-15 
0.8140000000000001 4.884981308350689e-15 
0.8160000000000001 3.9968028886505635e-15 
0.8180000000000001 3.552713678800501e-15 
0.8200000000000001 4.440892098500626e-15 
0.8220000000000001 4.440892098500626e-15 
0.8240000000000001 3.552713678800501e-15 
0.8260000000000001 3.9968028886505635e-15 
0.8280000000000001 3.1086244689504383e-15 
0.8300000000000001 2.6645352591003757e-15 
0.8320000000000001 1.3322676295501878e-15 
0.8340000000000001 1.3322676295501878e-15 
0.8360000000000001 2.6645352591003757e-15 
0.8380000000000001 1.7763568394002505e-15 
0.8400000000000001 8.881784197001252e-16 
0.8420000000000001 8.881784197001252e-16 
0.8440000000000001 4.440892098500626e-16 
0.8460000000000001 0.0 
0.8480000000000001 -1.3322676295501878e-15 
0.8500000000000001 -4.440892098500626e-16 
0.8520000000000001 8.881784197001252e-16 
0.8540000000000001 -1.7763568394002505e-15 
0.8560000000000001 -8.881784197001252e-16 
0.8580000000000001 -1.3322676295501878e-15 
0.8600000000000001 -1.3322676295501878e-15 
0.8620000000000001 -2.220446049250313e-15 
0.8640000000000001 -1.7763568394002505e-15 
0.8660000000000001 -2.6645352591003757e-15 
0.8680000000000001 -2.6645352591003757e-15 
0.8700000000000001 -4.440892098500626e-15 
0.8720000000000001 -3.552713678800501e-15 
0.8740000000000001 -3.552713678800501e-15 
0.8760000000000001 -3.552713678800501e-15 
0.8780000000000001 -5.329070518200751e-15 
0.8800000000000001 -5.329070518200751e-15 
0.8820000000000001 -5.329070518200751e-15 
0.8840000000000001 -6.217248937900877e-15 
0.8860000000000001 -7.993605777301127e-15 
0.8880000000000001 -6.217248937900877e-15 
0.8900000000000001 -7.105427357601002e-15 
0.8920000000000001 -7.105427357601002e-15 
0.8940000000000001 -8.881784197001252e-15 
0.8960000000000001 -7.993605777301127e-15 
0.8980000000000001 -8.881784197001252e-15 
0.9000000000000001 -9.769962616701378e-15 
0.9020000000000001 -7.993605777301127e-15 
0.9040000000000001 -1.1546319456101628e-14 
0.9060000000000001 -8.881784197001252e-15 
0.9080000000000001 -1.1546319456101628e-14 
0.9100000000000001 -8.881784197001252e-15 
0.9120000000000001 -9.769962616701378e-15 
0.9140000000000001 -1.0658141036401503e-14 
0.9160000000000001 -1.0658141036401503e-14 
0.9180000000000001 -1.0658141036401503e-14 
0.9199999999999999 -1.0658141036401503e-14 
0.9219999999999999 -9.769962616701378e-15 
0.9239999999999999 -1.0658141036401503e-14 
0.9259999999999999 -1.0658141036401503e-14 
0.9279999999999999 -9.769962616701378e-15 
0.9299999999999999 -9.769962616701378e-15 
0.9319999999999999 -8.881784197001252e-15 
0.9339999999999999 -9.769962616701378e-15 
0.9359999999999999 -1.0658141036401503e-14 
0.938 -9.769962616701378e-15 
0.94 -8.881784197001252e-15 
0.942 -1.1546319456101628e-14 
0.944 -1.0658141036401503e-14 
0.946 -1.1546319456101628e-14 
0.948 -1.0658141036401503e-14 
0.95 -9.769962616701378e-15 
0.952 -9.769962616701378e-15 
0.954 -8.881784197001252e-15 
0.956 -1.0658141036401503e-14 
0.958 -8.881784197001252e-15 
0.96 -7.993605777301127e-15 
0.962 -6.217248937900877e-15 
0.964 -5.329070518200751e-15 
0.966 -5.329070518200751e-15 
0.968 -3.552713678800501e-15 
0.97 -2.6645352591003757e-15 
0.972 -2.6645352591003757e-15 
0.974 -2.6645352591003757e-15 
0.976 -1.7763568394002505e-15 
0.978 0.0 
0.98 0.0 
0.982 3.552713678800501e-15 
0.984 2.6645352591003757e-15 
0.986 6.217248937900877e-15 
0.988 6.217248937900877e-15 
0.99 8.881784197001252e-15 
0.992 1.1546319456101628e-14 
0.994 1.1546319456101628e-14 
0.996 1.4210854715202004e-14 
0.998 1.5987211554602254e-14 
