-1.0 -6.661338147750939e-16 
-0.998 -1.1102230246251565e-16 
-0.996 2.220446049250313e-16 
-0.994 6.106226635438361e-16 
-0.992 7.216449660063518e-16 
-0.99 9.43689570931383e-16 
-0.988 1.2212453270876722e-15 
-0.986 1.27675647831893e-15 
-0.984 1.3322676295501878e-15 
-0.982 1.1657341758564144e-15 
-0.98 1.2212453270876722e-15 
-0.978 1.27675647831893e-15 
-0.976 1.1102230246251565e-15 
-0.974 1.1657341758564144e-15 
-0.972 7.771561172376096e-16 
-0.97 6.661338147750939e-16 
-0.968 6.106226635438361e-16 
-0.966 6.106226635438361e-16 
-0.964 5.551115123125783e-16 
-0.962 2.220446049250313e-16 
-0.96 2.7755575615628914e-16 
-0.958 -1.1102230246251565e-16 
-0.956 -5.551115123125783e-17 
-0.954 0.0 
-0.952 -3.3306690738754696e-16 
-0.95 -4.440892098500626e-16 
-0.948 -4.996003610813204e-16 
-0.946 -7.216449660063518e-16 
-0.944 -6.106226635438361e-16 
-0.942 -9.992007221626409e-16 
-0.94 -9.43689570931383e-16 
-0.938 -9.992007221626409e-16 
-0.9359999999999999 -1.0547118733938987e-15 
-0.9339999999999999 -9.43689570931383e-16 
-0.9319999999999999 -1.27675647831893e-15 
-0.9299999999999999 -1.1657341758564144e-15 
-0.9279999999999999 -1.2212453270876722e-15 
-0.926 -1.0547118733938987e-15 
-0.924 -1.0547118733938987e-15 
-0.922 -1.0547118733938987e-15 
-0.92 -1.27675647831893e-15 
-0.918 -1.2212453270876722e-15 
-0.916 -1.1102230246251565e-15 
-0.914 -1.1657341758564144e-15 
-0.912 -9.992007221626409e-16 
-0.91 -1.27675647831893e-15 
-0.908 -1.1102230246251565e-15 
-0.906 -1.1102230246251565e-15 
-0.904 -1.1102230246251565e-15 
-0.902 -7.771561172376096e-16 
-0.9 -8.326672684688674e-16 
-0.898 -7.771561172376096e-16 
-0.896 -6.661338147750939e-16 
-0.894 -6.106226635438361e-16 
-0.892 -5.551115123125783e-16 
-0.89 -4.440892098500626e-16 
-0.888 -5.551115123125783e-16 
-0.886 -4.996003610813204e-16 
-0.884 -5.551115123125783e-16 
-0.882 -3.885780586188048e-16 
-0.88 -3.3306690738754696e-16 
-0.878 -2.220446049250313e-16 
-0.876 -3.3306690738754696e-16 
-0.874 0.0 
-0.872 0.0 
-0.87 -5.551115123125783e-17 
-0.868 1.1102230246251565e-16 
-0.866 2.7755575615628914e-16 
-0.864 1.1102230246251565e-16 
-0.862 5.551115123125783e-17 
-0.86 3.3306690738754696e-16 
-0.858 2.220446049250313e-16 
-0.856 4.440892098500626e-16 
-0.854 5.551115123125783e-16 
-0.852 4.996003610813204e-16 
-0.85 4.996003610813204e-16 
-0.848 4.440892098500626e-16 
-0.846 6.661338147750939e-16 
-0.844 6.106226635438361e-16 
-0.842 6.106226635438361e-16 
-0.84 6.661338147750939e-16 
-0.838 6.106226635438361e-16 
-0.836 6.661338147750939e-16 
-0.834 7.771561172376096e-16 
-0.832 6.661338147750939e-16 
-0.83 7.216449660063518e-16 
-0.828 7.216449660063518e-16 
-0.826 6.661338147750939e-16 
-0.8240000000000001 7.216449660063518e-16 
-0.8220000000000001 7.216449660063518e-16 
-0.8200000000000001 7.771561172376096e-16 
-0.8180000000000001 4.996003610813204e-16 
-0.8160000000000001 6.106226635438361e-16 
-0.8140000000000001 6.106226635438361e-16 
-0.812 8.881784197001252e-16 
-0.81 7.771561172376096e-16 
-0.808 7.771561172376096e-16 
-0.806 7.771561172376096e-16 
-0.804 8.326672684688674e-16 
-0.802 8.326672684688674e-16 
-0.8 8.326672684688674e-16 
-0.798 7.771561172376096e-16 
-0.796 5.551115123125783e-16 
-0.794 6.661338147750939e-16 
-0.792 7.216449660063518e-16 
-0.79 6.661338147750939e-16 
-0.788 4.996003610813204e-16 
-0.786 4.996003610813204e-16 
-0.784 4.996003610813204e-16 
-0.782 7.771561172376096e-16 
-0.78 5.551115123125783e-16 
-0.778 6.106226635438361e-16 
-0.776 4.996003610813204e-16 
-0.774 5.551115123125783e-16 
-0.772 3.3306690738754696e-16 
-0.77 7.771561172376096e-16 
-0.768 5.551115123125783e-16 
-0.766 5.551115123125783e-16 
-0.764 4.996003610813204e-16 
-0.762 3.3306690738754696e-16 
-0.76 3.885780586188048e-16 
-0.758 6.106226635438361e-16 
-0.756 3.885780586188048e-16 
-0.754 3.885780586188048e-16 
-0.752 4.440892098500626e-16 
-0.75 3.3306690738754696e-16 
-0.748 2.7755575615628914e-16 
-0.746 3.885780586188048e-16 
-0.744 2.7755575615628914e-16 
-0.742 3.885780586188048e-16 
-0.74 2.7755575615628914e-16 
-0.738 4.440892098500626e-16 
-0.736 3.3306690738754696e-16 
-0.734 2.7755575615628914e-16 
-0.732 2.7755575615628914e-16 
-0.73 2.220446049250313e-16 
-0.728 3.885780586188048e-16 
-0.726 2.220446049250313e-16 
-0.724 2.7755575615628914e-16 
-0.722 1.6653345369377348e-16 
-0.72 2.220446049250313e-16 
-0.718 4.996003610813204e-16 
-0.716 2.220446049250313e-16 
-0.714 3.3306690738754696e-16 
-0.712 1.1102230246251565e-16 
-0.71 1.1102230246251565e-16 
-0.708 3.3306690738754696e-16 
-0.706 1.1102230246251565e-16 
-0.704 2.220446049250313e-16 
-0.702 2.7755575615628914e-16 
-0.7 2.220446049250313e-16 
-0.698 2.220446049250313e-16 
-0.696 1.1102230246251565e-16 
-0.694 1.1102230246251565e-16 
-0.692 -1.1102230246251565e-16 
-0.69 1.1102230246251565e-16 
-0.688 -1.1102230246251565e-16 
-0.6859999999999999 1.1102230246251565e-16 
-0.6839999999999999 -1.1102230246251565e-16 
-0.6819999999999999 0.0 
-0.6799999999999999 1.1102230246251565e-16 
-0.6779999999999999 0.0 
-0.6759999999999999 0.0 
-0.6739999999999999 0.0 
-0.6719999999999999 1.1102230246251565e-16 
-0.6699999999999999 0.0 
-0.6679999999999999 1.1102230246251565e-16 
-0.6659999999999999 2.220446049250313e-16 
-0.6639999999999999 2.220446049250313e-16 
-0.6619999999999999 2.220446049250313e-16 
-0.6599999999999999 0.0 
-0.6579999999999999 2.220446049250313e-16 
-0.6559999999999999 -1.1102230246251565e-16 
-0.6539999999999999 -1.1102230246251565e-16 
-0.6519999999999999 2.220446049250313e-16 
-0.6499999999999999 -1.1102230246251565e-16 
-0.648 1.1102230246251565e-16 
-0.646 1.1102230246251565e-16 
-0.644 2.220446049250313e-16 
-0.642 -1.1102230246251565e-16 
-0.64 0.0 
-0.638 1.1102230246251565e-16 
-0.636 0.0 
-0.634 0.0 
-0.632 -1.1102230246251565e-16 
-0.63 -1.1102230246251565e-16 
-0.628 0.0 
-0.626 1.1102230246251565e-16 
-0.624 1.1102230246251565e-16 
-0.622 0.0 
-0.62 0.0 
-0.618 -1.1102230246251565e-16 
-0.616 0.0 
-0.614 -3.3306690738754696e-16 
-0.612 -3.3306690738754696e-16 
-0.61 -2.220446049250313e-16 
-0.608 -1.1102230246251565e-16 
-0.606 -3.3306690738754696e-16 
-0.604 -1.1102230246251565e-16 
-0.602 -3.3306690738754696e-16 
-0.6 -4.440892098500626e-16 
-0.598 -3.3306690738754696e-16 
-0.596 -3.3306690738754696e-16 
-0.594 -3.3306690738754696e-16 
-0.592 -2.220446049250313e-16 
-0.59 -2.220446049250313e-16 
-0.588 -1.1102230246251565e-16 
-0.586 -4.440892098500626e-16 
-0.584 -2.220446049250313e-16 
-0.5820000000000001 -4.440892098500626e-16 
-0.5800000000000001 0.0 
-0.5780000000000001 0.0 
-0.5760000000000001 -3.3306690738754696e-16 
-0.5740000000000001 -3.3306690738754696e-16 
-0.5720000000000001 -4.440892098500626e-16 
-0.5700000000000001 -5.551115123125783e-16 
-0.5680000000000001 -2.220446049250313e-16 
-0.5660000000000001 -2.220446049250313e-16 
-0.5640000000000001 -2.220446049250313e-16 
-0.562 -3.3306690738754696e-16 
-0.56 -5.551115123125783e-16 
-0.558 -3.3306690738754696e-16 
-0.556 -2.220446049250313e-16 
-0.554 -4.440892098500626e-16 
-0.552 -5.551115123125783e-16 
-0.55 -5.551115123125783e-16 
-0.548 -3.3306690738754696e-16 
-0.546 -1.1102230246251565e-16 
-0.544 -3.3306690738754696e-16 
-0.542 -3.3306690738754696e-16 
-0.54 -2.220446049250313e-16 
-0.538 -4.440892098500626e-16 
-0.536 -3.3306690738754696e-16 
-0.534 -3.3306690738754696e-16 
-0.532 -4.440892098500626e-16 
-0.53 -5.551115123125783e-16 
-0.528 -4.440892098500626e-16 
-0.526 -4.440892098500626e-16 
-0.524 -2.220446049250313e-16 
-0.522 -4.440892098500626e-16 
-0.52 -4.440892098500626e-16 
-0.518 -5.551115123125783e-16 
-0.516 -4.440892098500626e-16 
-0.514 -4.440892098500626e-16 
-0.512 -5.551115123125783e-16 
-0.51 -5.551115123125783e-16 
-0.508 -4.440892098500626e-16 
-0.506 -4.440892098500626e-16 
-0.504 -6.661338147750939e-16 
-0.502 -5.551115123125783e-16 
-0.5 -2.220446049250313e-16 
-0.498 -4.440892098500626e-16 
-0.496 -5.551115123125783e-16 
-0.494 -3.3306690738754696e-16 
-0.492 -5.551115123125783e-16 
-0.49 -2.220446049250313e-16 
-0.488 -5.551115123125783e-16 
-0.486 -5.551115123125783e-16 
-0.484 -4.440892098500626e-16 
-0.482 -2.220446049250313e-16 
-0.48 -2.220446049250313e-16 
-0.478 0.0 
-0.476 -3.3306690738754696e-16 
-0.474 -4.440892098500626e-16 
-0.472 -3.3306690738754696e-16 
-0.47 -1.1102230246251565e-16 
-0.46799999999999997 -1.1102230246251565e-16 
-0.46599999999999997 0.0 
-0.46399999999999997 -1.1102230246251565e-16 
-0.46199999999999997 -2.220446049250313e-16 
-0.45999999999999996 -1.1102230246251565e-16 
-0.45799999999999996 -1.1102230246251565e-16 
-0.45599999999999996 0.0 
-0.45399999999999996 0.0 
-0.45199999999999996 3.3306690738754696e-16 
-0.44999999999999996 2.220446049250313e-16 
-0.44799999999999995 -2.220446049250313e-16 
-0.44599999999999995 0.0 
-0.44399999999999995 1.1102230246251565e-16 
-0.44199999999999995 1.1102230246251565e-16 
-0.43999999999999995 1.1102230246251565e-16 
-0.43799999999999994 2.220446049250313e-16 
-0.43599999999999994 1.1102230246251565e-16 
-0.43399999999999994 1.1102230246251565e-16 
-0.43199999999999994 1.1102230246251565e-16 
-0.42999999999999994 1.1102230246251565e-16 
-0.42799999999999994 0.0 
-0.42599999999999993 2.220446049250313e-16 
-0.42399999999999993 5.551115123125783e-16 
-0.42200000000000004 3.3306690738754696e-16 
-0.42000000000000004 2.220446049250313e-16 
-0.41800000000000004 2.220446049250313e-16 
-0.41600000000000004 4.440892098500626e-16 
-0.41400000000000003 4.440892098500626e-16 
-0.41200000000000003 3.3306690738754696e-16 
-0.41000000000000003 5.551115123125783e-16 
-0.40800000000000003 2.220446049250313e-16 
-0.406 6.661338147750939e-16 
-0.404 4.440892098500626e-16 
-0.402 7.771561172376096e-16 
-0.4 3.3306690738754696e-16 
-0.398 2.220446049250313e-16 
-0.396 4.440892098500626e-16 
-0.394 4.440892098500626e-16 
-0.392 6.661338147750939e-16 
-0.39 5.551115123125783e-16 
-0.388 4.440892098500626e-16 
-0.386 4.440892098500626e-16 
-0.384 6.661338147750939e-16 
-0.382 5.551115123125783e-16 
-0.38 5.551115123125783e-16 
-0.378 6.661338147750939e-16 
-0.376 6.661338147750939e-16 
-0.374 7.771561172376096e-16 
-0.372 4.440892098500626e-16 
-0.37 7.771561172376096e-16 
-0.368 7.771561172376096e-16 
-0.366 7.771561172376096e-16 
-0.364 6.661338147750939e-16 
-0.362 8.881784197001252e-16 
-0.36 7.771561172376096e-16 
-0.358 8.881784197001252e-16 
-0.356 7.771561172376096e-16 
-0.354 5.551115123125783e-16 
-0.352 5.551115123125783e-16 
-0.35 6.661338147750939e-16 
-0.348 8.881784197001252e-16 
-0.346 7.771561172376096e-16 
-0.344 7.771561172376096e-16 
-0.34199999999999997 8.881784197001252e-16 
-0.33999999999999997 7.771561172376096e-16 
-0.33799999999999997 9.992007221626409e-16 
-0.33599999999999997 1.1102230246251565e-15 
-0.33399999999999996 7.771561172376096e-16 
-0.33199999999999996 7.771561172376096e-16 
-0.32999999999999996 7.771561172376096e-16 
-0.32799999999999996 6.661338147750939e-16 
-0.32599999999999996 7.771561172376096e-16 
-0.32399999999999995 7.771561172376096e-16 
-0.32199999999999995 7.771561172376096e-16 
-0.31999999999999995 5.551115123125783e-16 
-0.31799999999999995 5.551115123125783e-16 
-0.31599999999999995 7.771561172376096e-16 
-0.31399999999999995 7.771561172376096e-16 
-0.31199999999999994 5.551115123125783e-16 
-0.30999999999999994 3.3306690738754696e-16 
-0.30799999999999994 6.661338147750939e-16 
-0.30599999999999994 5.551115123125783e-16 
-0.30399999999999994 6.661338147750939e-16 
-0.30199999999999994 7.771561172376096e-16 
-0.29999999999999993 6.661338147750939e-16 
-0.29799999999999993 6.661338147750939e-16 
-0.29600000000000004 6.661338147750939e-16 
-0.29400000000000004 4.440892098500626e-16 
-0.29200000000000004 7.771561172376096e-16 
-0.29000000000000004 6.661338147750939e-16 
-0.28800000000000003 4.440892098500626e-16 
-0.28600000000000003 6.661338147750939e-16 
-0.28400000000000003 5.551115123125783e-16 
-0.28200000000000003 4.440892098500626e-16 
-0.28 6.661338147750939e-16 
-0.278 3.3306690738754696e-16 
-0.276 4.440892098500626e-16 
-0.274 6.661338147750939e-16 
-0.272 3.3306690738754696e-16 
-0.27 3.3306690738754696e-16 
-0.268 1.1102230246251565e-16 
-0.266 3.3306690738754696e-16 
-0.264 2.220446049250313e-16 
-0.262 3.3306690738754696e-16 
-0.26 1.1102230246251565e-16 
-0.258 3.3306690738754696e-16 
-0.256 2.220446049250313e-16 
-0.254 -1.1102230246251565e-16 
-0.252 2.220446049250313e-16 
-0.25 -2.220446049250313e-16 
-0.248 2.220446049250313e-16 
-0.246 1.1102230246251565e-16 
-0.244 -1.1102230246251565e-16 
-0.242 1.1102230246251565e-16 
-0.24 1.1102230246251565e-16 
-0.238 0.0 
-0.236 -1.1102230246251565e-16 
-0.23399999999999999 2.220446049250313e-16 
-0.23199999999999998 -1.1102230246251565e-16 
-0.22999999999999998 1.1102230246251565e-16 
-0.22799999999999998 0.0 
-0.22599999999999998 0.0 
-0.22399999999999998 2.220446049250313e-16 
-0.22199999999999998 2.220446049250313e-16 
-0.21999999999999997 -1.1102230246251565e-16 
-0.21799999999999997 0.0 
-0.21599999999999997 -2.220446049250313e-16 
-0.21399999999999997 -4.440892098500626e-16 
-0.21199999999999997 2.220446049250313e-16 
-0.20999999999999996 -4.440892098500626e-16 
-0.20799999999999996 -1.1102230246251565e-16 
-0.20599999999999996 -3.3306690738754696e-16 
-0.20399999999999996 -3.3306690738754696e-16 
-0.20199999999999996 0.0 
-0.19999999999999996 -1.1102230246251565e-16 
-0.19799999999999995 -2.220446049250313e-16 
-0.19599999999999995 -1.1102230246251565e-16 
-0.19399999999999995 -1.1102230246251565e-16 
-0.19199999999999995 -4.440892098500626e-16 
-0.18999999999999995 -5.551115123125783e-16 
-0.18799999999999994 -3.3306690738754696e-16 
-0.18599999999999994 -1.1102230246251565e-16 
-0.18399999999999994 -4.440892098500626e-16 
-0.18199999999999994 -4.440892098500626e-16 
-0.17999999999999994 -5.551115123125783e-16 
-0.17799999999999994 -2.220446049250313e-16 
-0.17599999999999993 -1.1102230246251565e-16 
-0.17399999999999993 -5.551115123125783e-16 
-0.17199999999999993 -4.440892098500626e-16 
-0.16999999999999993 -6.661338147750939e-16 
-0.16799999999999993 -4.440892098500626e-16 
-0.16600000000000004 -5.551115123125783e-16 
-0.16400000000000003 -2.220446049250313e-16 
-0.16200000000000003 -1.1102230246251565e-16 
-0.16000000000000003 -1.1102230246251565e-16 
-0.15800000000000003 -4.440892098500626e-16 
-0.15600000000000003 -4.440892098500626e-16 
-0.15400000000000003 -5.551115123125783e-16 
-0.15200000000000002 -5.551115123125783e-16 
-0.15000000000000002 -4.440892098500626e-16 
-0.14800000000000002 -4.440892098500626e-16 
-0.14600000000000002 -6.661338147750939e-16 
-0.14400000000000002 -3.3306690738754696e-16 
-0.14200000000000002 -3.3306690738754696e-16 
-0.14 -2.220446049250313e-16 
-0.138 -2.220446049250313e-16 
-0.136 -6.661338147750939e-16 
-0.134 -4.440892098500626e-16 
-0.132 -6.661338147750939e-16 
-0.13 -3.3306690738754696e-16 
-0.128 -4.440892098500626e-16 
-0.126 -1.1102230246251565e-16 
-0.124 0.0 
-0.122 -3.3306690738754696e-16 
-0.12 -4.440892098500626e-16 
-0.118 -1.1102230246251565e-16 
-0.11599999999999999 -2.220446049250313e-16 
-0.11399999999999999 0.0 
-0.11199999999999999 1.1102230246251565e-16 
-0.10999999999999999 -3.3306690738754696e-16 
-0.10799999999999998 1.1102230246251565e-16 
-0.10599999999999998 -2.220446049250313e-16 
-0.10399999999999998 1.1102230246251565e-16 
-0.10199999999999998 0.0 
-0.09999999999999998 -1.1102230246251565e-16 
-0.09799999999999998 0.0 
-0.09599999999999997 0.0 
-0.09399999999999997 3.3306690738754696e-16 
-0.09199999999999997 0.0 
-0.08999999999999997 0.0 
-0.08799999999999997 0.0 
-0.08599999999999997 -3.3306690738754696e-16 
-0.08399999999999996 -2.220446049250313e-16 
-0.08199999999999996 3.3306690738754696e-16 
-0.07999999999999996 5.551115123125783e-16 
-0.07799999999999996 1.1102230246251565e-16 
-0.07599999999999996 1.1102230246251565e-16 
-0.07399999999999995 -2.220446049250313e-16 
-0.07199999999999995 0.0 
-0.06999999999999995 0.0 
-0.06799999999999995 3.3306690738754696e-16 
-0.06599999999999995 -1.1102230246251565e-16 
-0.06399999999999995 1.1102230246251565e-16 
-0.061999999999999944 2.220446049250313e-16 
-0.05999999999999994 -1.1102230246251565e-16 
-0.05799999999999994 4.440892098500626e-16 
-0.05599999999999994 1.1102230246251565e-16 
-0.05399999999999994 3.3306690738754696e-16 
-0.051999999999999935 1.1102230246251565e-16 
-0.04999999999999993 3.3306690738754696e-16 
-0.04799999999999993 1.1102230246251565e-16 
-0.04599999999999993 1.1102230246251565e-16 
-0.04399999999999993 1.1102230246251565e-16 
-0.041999999999999926 4.440892098500626e-16 
-0.040000000000000036 1.1102230246251565e-16 
-0.038000000000000034 0.0 
-0.03600000000000003 4.440892098500626e-16 
-0.03400000000000003 4.440892098500626e-16 
-0.03200000000000003 4.440892098500626e-16 
-0.030000000000000027 5.551115123125783e-16 
-0.028000000000000025 4.440892098500626e-16 
-0.026000000000000023 3.3306690738754696e-16 
-0.02400000000000002 5.551115123125783e-16 
-0.02200000000000002 6.661338147750939e-16 
-0.020000000000000018 6.661338147750939e-16 
-0.018000000000000016 6.661338147750939e-16 
-0.016000000000000014 5.551115123125783e-16 
-0.014000000000000012 5.551115123125783e-16 
-0.01200000000000001 4.440892098500626e-16 
-0.010000000000000009 4.440892098500626e-16 
-0.008000000000000007 7.771561172376096e-16 
-0.006000000000000005 3.3306690738754696e-16 
-0.0040000000000000036 6.661338147750939e-16 
-0.0020000000000000018 8.881784197001252e-16 
0.0 5.551115123125783e-16 
0.0020000000000000018 6.661338147750939e-16 
0.0040000000000000036 4.440892098500626e-16 
0.006000000000000005 6.661338147750939e-16 
0.008000000000000007 8.881784197001252e-16 
0.010000000000000009 6.661338147750939e-16 
0.01200000000000001 1.1102230246251565e-15 
0.014000000000000012 2.220446049250313e-16 
0.016000000000000014 6.661338147750939e-16 
0.018000000000000016 4.440892098500626e-16 
0.020000000000000018 4.440892098500626e-16 
0.02200000000000002 6.661338147750939e-16 
0.02400000000000002 4.440892098500626e-16 
0.026000000000000023 2.220446049250313e-16 
0.028000000000000025 4.440892098500626e-16 
0.030000000000000027 6.661338147750939e-16 
0.03200000000000003 8.881784197001252e-16 
0.03400000000000003 6.661338147750939e-16 
0.03600000000000003 4.440892098500626e-16 
0.038000000000000034 4.440892098500626e-16 
0.040000000000000036 6.661338147750939e-16 
0.04200000000000004 6.661338147750939e-16 
0.04400000000000004 4.440892098500626e-16 
0.04600000000000004 2.220446049250313e-16 
0.04800000000000004 6.661338147750939e-16 
0.050000000000000044 2.220446049250313e-16 
0.052000000000000046 6.661338147750939e-16 
0.05400000000000005 4.440892098500626e-16 
0.05600000000000005 0.0 
0.05800000000000005 4.440892098500626e-16 
0.06000000000000005 4.440892098500626e-16 
0.062000000000000055 6.661338147750939e-16 
0.06400000000000006 4.440892098500626e-16 
0.06600000000000006 2.220446049250313e-16 
0.06800000000000006 4.440892098500626e-16 
0.07000000000000006 2.220446049250313e-16 
0.07200000000000006 8.881784197001252e-16 
0.07400000000000007 0.0 
0.07600000000000007 2.220446049250313e-16 
0.07800000000000007 6.661338147750939e-16 
0.08000000000000007 2.220446049250313e-16 
0.08200000000000007 0.0 
0.08400000000000007 6.661338147750939e-16 
0.08600000000000008 6.661338147750939e-16 
0.08800000000000008 2.220446049250313e-16 
0.09000000000000008 0.0 
0.09200000000000008 4.440892098500626e-16 
0.09400000000000008 6.661338147750939e-16 
0.09600000000000009 6.661338147750939e-16 
0.09800000000000009 4.440892098500626e-16 
0.10000000000000009 2.220446049250313e-16 
0.10200000000000009 -4.440892098500626e-16 
0.10400000000000009 2.220446049250313e-16 
0.1060000000000001 0.0 
0.1080000000000001 -6.661338147750939e-16 
0.1100000000000001 2.220446049250313e-16 
0.1120000000000001 2.220446049250313e-16 
0.1140000000000001 4.440892098500626e-16 
0.1160000000000001 4.440892098500626e-16 
0.1180000000000001 -2.220446049250313e-16 
0.1200000000000001 2.220446049250313e-16 
0.12200000000000011 0.0 
0.12400000000000011 -4.440892098500626e-16 
0.1260000000000001 -2.220446049250313e-16 
0.1280000000000001 -2.220446049250313e-16 
0.13000000000000012 0.0 
0.13200000000000012 0.0 
0.13400000000000012 0.0 
0.13600000000000012 0.0 
0.13800000000000012 -2.220446049250313e-16 
0.14000000000000012 -4.440892098500626e-16 
0.14200000000000013 -2.220446049250313e-16 
0.14400000000000013 2.220446049250313e-16 
0.14600000000000013 2.220446049250313e-16 
0.14800000000000013 6.661338147750939e-16 
0.15000000000000013 0.0 
0.15200000000000014 2.220446049250313e-16 
0.15399999999999991 -2.220446049250313e-16 
0.15599999999999992 2.220446049250313e-16 
0.15799999999999992 -2.220446049250313e-16 
0.15999999999999992 -4.440892098500626e-16 
0.16199999999999992 -2.220446049250313e-16 
0.16399999999999992 -2.220446049250313e-16 
0.16599999999999993 0.0 
0.16799999999999993 -2.220446049250313e-16 
0.16999999999999993 0.0 
0.17199999999999993 0.0 
0.17399999999999993 2.220446049250313e-16 
0.17599999999999993 2.220446049250313e-16 
0.17799999999999994 -2.220446049250313e-16 
0.17999999999999994 2.220446049250313e-16 
0.18199999999999994 2.220446049250313e-16 
0.18399999999999994 -4.440892098500626e-16 
0.18599999999999994 -2.220446049250313e-16 
0.18799999999999994 -4.440892098500626e-16 
0.18999999999999995 -2.220446049250313e-16 
0.19199999999999995 -2.220446049250313e-16 
0.19399999999999995 -2.220446049250313e-16 
0.19599999999999995 -2.220446049250313e-16 
0.19799999999999995 2.220446049250313e-16 
0.19999999999999996 4.440892098500626e-16 
0.20199999999999996 2.220446049250313e-16 
0.20399999999999996 -2.220446049250313e-16 
0.20599999999999996 0.0 
0.20799999999999996 0.0 
0.20999999999999996 0.0 
0.21199999999999997 0.0 
0.21399999999999997 -2.220446049250313e-16 
0.21599999999999997 -2.220446049250313e-16 
0.21799999999999997 -2.220446049250313e-16 
0.21999999999999997 -2.220446049250313e-16 
0.22199999999999998 0.0 
0.22399999999999998 4.440892098500626e-16 
0.22599999999999998 -4.440892098500626e-16 
0.22799999999999998 0.0 
0.22999999999999998 0.0 
0.23199999999999998 -4.440892098500626e-16 
0.23399999999999999 0.0 
0.236 0.0 
0.238 -4.440892098500626e-16 
0.24 0.0 
0.242 0.0 
0.244 0.0 
0.246 2.220446049250313e-16 
0.248 0.0 
0.25 4.440892098500626e-16 
0.252 2.220446049250313e-16 
0.254 -2.220446049250313e-16 
0.256 6.661338147750939e-16 
0.258 -4.440892098500626e-16 
0.26 0.0 
0.262 -4.440892098500626e-16 
0.264 -2.220446049250313e-16 
0.266 -2.220446049250313e-16 
0.268 0.0 
0.27 -2.220446049250313e-16 
0.272 2.220446049250313e-16 
0.274 4.440892098500626e-16 
0.276 0.0 
0.278 -2.220446049250313e-16 
0.28 0.0 
0.28200000000000003 0.0 
0.28400000000000003 -4.440892098500626e-16 
0.28600000000000003 0.0 
0.28800000000000003 0.0 
0.29000000000000004 0.0 
0.29200000000000004 0.0 
0.29400000000000004 0.0 
0.29600000000000004 0.0 
0.29800000000000004 2.220446049250313e-16 
0.30000000000000004 2.220446049250313e-16 
0.30200000000000005 -2.220446049250313e-16 
0.30400000000000005 0.0 
0.30600000000000005 -2.220446049250313e-16 
0.30800000000000005 -6.661338147750939e-16 
0.31000000000000005 -4.440892098500626e-16 
0.31200000000000006 -4.440892098500626e-16 
0.31400000000000006 -2.220446049250313e-16 
0.31600000000000006 -2.220446049250313e-16 
0.31800000000000006 -6.661338147750939e-16 
0.32000000000000006 0.0 
0.32200000000000006 -4.440892098500626e-16 
0.32400000000000007 -2.220446049250313e-16 
0.32600000000000007 0.0 
0.32800000000000007 -2.220446049250313e-16 
0.33000000000000007 -6.661338147750939e-16 
0.3320000000000001 -2.220446049250313e-16 
0.3340000000000001 2.220446049250313e-16 
0.3360000000000001 0.0 
0.3380000000000001 -2.220446049250313e-16 
0.3400000000000001 0.0 
0.3420000000000001 -4.440892098500626e-16 
0.3440000000000001 0.0 
0.3460000000000001 -8.881784197001252e-16 
0.3480000000000001 -2.220446049250313e-16 
0.3500000000000001 -4.440892098500626e-16 
0.3520000000000001 -6.661338147750939e-16 
0.3540000000000001 -6.661338147750939e-16 
0.3560000000000001 -2.220446049250313e-16 
0.3580000000000001 -4.440892098500626e-16 
0.3600000000000001 -1.1102230246251565e-15 
0.3620000000000001 -4.440892098500626e-16 
0.3640000000000001 -8.881784197001252e-16 
0.3660000000000001 -8.881784197001252e-16 
0.3680000000000001 -4.440892098500626e-16 
0.3700000000000001 -4.440892098500626e-16 
0.3720000000000001 -6.661338147750939e-16 
0.3740000000000001 -2.220446049250313e-16 
0.3760000000000001 -4.440892098500626e-16 
0.3780000000000001 -8.881784197001252e-16 
0.3800000000000001 -1.3322676295501878e-15 
0.3820000000000001 -8.881784197001252e-16 
0.3840000000000001 -6.661338147750939e-16 
0.3860000000000001 -6.661338147750939e-16 
0.3880000000000001 -1.1102230246251565e-15 
0.3900000000000001 -4.440892098500626e-16 
0.3920000000000001 -1.1102230246251565e-15 
0.39400000000000013 -8.881784197001252e-16 
0.39600000000000013 -4.440892098500626e-16 
0.39800000000000013 -6.661338147750939e-16 
0.40000000000000013 -8.881784197001252e-16 
0.40200000000000014 -6.661338147750939e-16 
0.40400000000000014 -6.661338147750939e-16 
0.40600000000000014 -6.661338147750939e-16 
0.4079999999999999 -8.881784197001252e-16 
0.4099999999999999 -1.1102230246251565e-15 
0.4119999999999999 -4.440892098500626e-16 
0.4139999999999999 -6.661338147750939e-16 
0.4159999999999999 -8.881784197001252e-16 
0.4179999999999999 -1.1102230246251565e-15 
0.41999999999999993 -1.1102230246251565e-15 
0.42199999999999993 -8.881784197001252e-16 
0.42399999999999993 -1.3322676295501878e-15 
0.42599999999999993 -8.881784197001252e-16 
0.42799999999999994 -8.881784197001252e-16 
0.42999999999999994 -6.661338147750939e-16 
0.43199999999999994 -4.440892098500626e-16 
0.43399999999999994 -6.661338147750939e-16 
0.43599999999999994 -8.881784197001252e-16 
0.43799999999999994 -8.881784197001252e-16 
0.43999999999999995 -6.661338147750939e-16 
0.44199999999999995 -1.3322676295501878e-15 
0.44399999999999995 -4.440892098500626e-16 
0.44599999999999995 -8.881784197001252e-16 
0.44799999999999995 -8.881784197001252e-16 
0.44999999999999996 -8.881784197001252e-16 
0.45199999999999996 -6.661338147750939e-16 
0.45399999999999996 -1.1102230246251565e-15 
0.45599999999999996 -8.881784197001252e-16 
0.45799999999999996 -6.661338147750939e-16 
0.45999999999999996 -8.881784197001252e-16 
0.46199999999999997 -4.440892098500626e-16 
0.46399999999999997 -8.881784197001252e-16 
0.46599999999999997 -8.881784197001252e-16 
0.46799999999999997 -4.440892098500626e-16 
0.47 -6.661338147750939e-16 
0.472 -4.440892098500626e-16 
0.474 -2.220446049250313e-16 
0.476 -1.1102230246251565e-15 
0.478 -8.881784197001252e-16 
0.48 2.220446049250313e-16 
0.482 -8.881784197001252e-16 
0.484 -6.661338147750939e-16 
0.486 -8.881784197001252e-16 
0.488 -6.661338147750939e-16 
0.49 -6.661338147750939e-16 
0.492 -4.440892098500626e-16 
0.494 -2.220446049250313e-16 
0.496 -4.440892098500626e-16 
0.498 -2.220446049250313e-16 
0.5 0.0 
0.502 -6.661338147750939e-16 
0.504 -4.440892098500626e-16 
0.506 -4.440892098500626e-16 
0.508 -4.440892098500626e-16 
0.51 6.661338147750939e-16 
0.512 0.0 
0.514 2.220446049250313e-16 
0.516 4.440892098500626e-16 
0.518 4.440892098500626e-16 
0.52 2.220446049250313e-16 
0.522 2.220446049250313e-16 
0.524 0.0 
0.526 4.440892098500626e-16 
0.528 6.661338147750939e-16 
0.53 2.220446049250313e-16 
0.532 1.1102230246251565e-15 
0.534 8.881784197001252e-16 
0.536 1.1102230246251565e-15 
0.538 8.881784197001252e-16 
0.54 1.3322676295501878e-15 
0.542 8.881784197001252e-16 
0.544 1.1102230246251565e-15 
0.546 8.881784197001252e-16 
0.548 1.1102230246251565e-15 
0.55 1.3322676295501878e-15 
0.552 1.1102230246251565e-15 
0.554 1.3322676295501878e-15 
0.556 1.3322676295501878e-15 
0.558 1.1102230246251565e-15 
0.56 1.9984014443252818e-15 
0.562 1.3322676295501878e-15 
0.5640000000000001 1.5543122344752192e-15 
0.5660000000000001 1.3322676295501878e-15 
0.5680000000000001 1.5543122344752192e-15 
0.5700000000000001 1.5543122344752192e-15 
0.5720000000000001 2.220446049250313e-15 
0.5740000000000001 1.5543122344752192e-15 
0.5760000000000001 1.7763568394002505e-15 
0.5780000000000001 2.220446049250313e-15 
0.5800000000000001 1.5543122344752192e-15 
0.5820000000000001 1.9984014443252818e-15 
0.5840000000000001 1.7763568394002505e-15 
0.5860000000000001 2.220446049250313e-15 
0.5880000000000001 1.9984014443252818e-15 
0.5900000000000001 2.220446049250313e-15 
0.5920000000000001 1.9984014443252818e-15 
0.5940000000000001 1.9984014443252818e-15 
0.5960000000000001 1.5543122344752192e-15 
0.5980000000000001 2.220446049250313e-15 
0.6000000000000001 2.220446049250313e-15 
0.6020000000000001 1.9984014443252818e-15 
0.6040000000000001 1.7763568394002505e-15 
0.6060000000000001 2.220446049250313e-15 
0.6080000000000001 2.4424906541753444e-15 
0.6100000000000001 1.9984014443252818e-15 
0.6120000000000001 1.9984014443252818e-15 
0.6140000000000001 1.7763568394002505e-15 
0.6160000000000001 2.220446049250313e-15 
0.6180000000000001 2.4424906541753444e-15 
0.6200000000000001 1.9984014443252818e-15 
0.6220000000000001 1.3322676295501878e-15 
0.6240000000000001 1.5543122344752192e-15 
0.6260000000000001 1.7763568394002505e-15 
0.6280000000000001 1.5543122344752192e-15 
0.6300000000000001 1.7763568394002505e-15 
0.6320000000000001 1.3322676295501878e-15 
0.6340000000000001 1.5543122344752192e-15 
0.6360000000000001 2.220446049250313e-15 
0.6380000000000001 1.5543122344752192e-15 
0.6400000000000001 1.9984014443252818e-15 
0.6420000000000001 1.3322676295501878e-15 
0.6440000000000001 1.9984014443252818e-15 
0.6460000000000001 1.5543122344752192e-15 
0.6480000000000001 1.3322676295501878e-15 
0.6500000000000001 1.5543122344752192e-15 
0.6520000000000001 1.1102230246251565e-15 
0.6540000000000001 1.3322676295501878e-15 
0.6560000000000001 8.881784197001252e-16 
0.6580000000000001 6.661338147750939e-16 
0.6600000000000001 8.881784197001252e-16 
0.6620000000000001 4.440892098500626e-16 
0.6640000000000001 6.661338147750939e-16 
0.6659999999999999 2.220446049250313e-16 
0.6679999999999999 4.440892098500626e-16 
0.6699999999999999 2.220446049250313e-16 
0.6719999999999999 2.220446049250313e-16 
0.6739999999999999 2.220446049250313e-16 
0.6759999999999999 -2.220446049250313e-16 
0.6779999999999999 -2.220446049250313e-16 
0.6799999999999999 -2.220446049250313e-16 
0.6819999999999999 2.220446049250313e-16 
0.6839999999999999 -4.440892098500626e-16 
0.6859999999999999 -8.881784197001252e-16 
0.688 -6.661338147750939e-16 
0.69 -8.881784197001252e-16 
0.692 -6.661338147750939e-16 
0.694 -8.881784197001252e-16 
0.696 -1.3322676295501878e-15 
0.698 -2.220446049250313e-15 
0.7 -1.3322676295501878e-15 
0.702 -1.7763568394002505e-15 
0.704 -1.3322676295501878e-15 
0.706 -1.7763568394002505e-15 
0.708 -2.6645352591003757e-15 
0.71 -1.7763568394002505e-15 
0.712 -2.220446049250313e-15 
0.714 -1.7763568394002505e-15 
0.716 -2.220446049250313e-15 
0.718 -2.220446049250313e-15 
0.72 -2.6645352591003757e-15 
0.722 -2.220446049250313e-15 
0.724 -3.1086244689504383e-15 
0.726 -1.7763568394002505e-15 
0.728 -3.1086244689504383e-15 
0.73 -3.1086244689504383e-15 
0.732 -3.1086244689504383e-15 
0.734 -2.6645352591003757e-15 
0.736 -3.1086244689504383e-15 
0.738 -3.9968028886505635e-15 
0.74 -3.1086244689504383e-15 
0.742 -3.552713678800501e-15 
0.744 -3.9968028886505635e-15 
0.746 -3.1086244689504383e-15 
0.748 -3.1086244689504383e-15 
0.75 -3.1086244689504383e-15 
0.752 -3.1086244689504383e-15 
0.754 -3.552713678800501e-15 
0.756 -4.440892098500626e-15 
0.758 -3.9968028886505635e-15 
0.76 -3.9968028886505635e-15 
0.762 -4.440892098500626e-15 
0.764 -3.552713678800501e-15 
0.766 -3.9968028886505635e-15 
0.768 -4.440892098500626e-15 
0.77 -3.1086244689504383e-15 
0.772 -2.6645352591003757e-15 
0.774 -3.552713678800501e-15 
0.776 -3.1086244689504383e-15 
0.778 -3.1086244689504383e-15 
0.78 -3.552713678800501e-15 
0.782 -3.1086244689504383e-15 
0.784 -3.552713678800501e-15 
0.786 -3.552713678800501e-15 
0.788 -3.9968028886505635e-15 
0.79 -2.6645352591003757e-15 
0.792 -3.1086244689504383e-15 
0.794 -2.6645352591003757e-15 
0.796 -3.1086244689504383e-15 
0.798 -3.552713678800501e-15 
0.8 -3.9968028886505635e-15 
0.802 -2.6645352591003757e-15 
0.804 -2.220446049250313e-15 
0.806 -3.552713678800501e-15 
0.808 -2.220446049250313e-15 
0.81 -1.7763568394002505e-15 
0.812 -2.6645352591003757e-15 
0.8140000000000001 -1.3322676295501878e-15 
0.8160000000000001 -2.6645352591003757e-15 
0.8180000000000001 -8.881784197001252e-16 
0.8200000000000001 -8.881784197001252e-16 
0.8220000000000001 -2.220446049250313e-15 
0.8240000000000001 -2.220446049250313e-15 
0.8260000000000001 -1.3322676295501878e-15 
0.8280000000000001 -1.7763568394002505e-15 
0.8300000000000001 -8.881784197001252e-16 
0.8320000000000001 -8.881784197001252e-16 
0.8340000000000001 -8.881784197001252e-16 
0.8360000000000001 -1.3322676295501878e-15 
0.8380000000000001 -4.440892098500626e-16 
0.8400000000000001 -4.440892098500626e-16 
0.8420000000000001 -1.3322676295501878e-15 
0.8440000000000001 -8.881784197001252e-16 
0.8460000000000001 0.0 
0.8480000000000001 4.440892098500626e-16 
0.8500000000000001 4.440892098500626e-16 
0.8520000000000001 4.440892098500626e-16 
0.8540000000000001 8.881784197001252e-16 
0.8560000000000001 8.881784197001252e-16 
0.8580000000000001 8.881784197001252e-16 
0.8600000000000001 8.881784197001252e-16 
0.8620000000000001 1.3322676295501878e-15 
0.8640000000000001 8.881784197001252e-16 
0.8660000000000001 1.3322676295501878e-15 
0.8680000000000001 1.7763568394002505e-15 
0.8700000000000001 1.7763568394002505e-15 
0.8720000000000001 4.440892098500626e-16 
0.8740000000000001 1.7763568394002505e-15 
0.8760000000000001 1.3322676295501878e-15 
0.8780000000000001 2.220446049250313e-15 
0.8800000000000001 2.6645352591003757e-15 
0.8820000000000001 1.7763568394002505e-15 
0.8840000000000001 1.3322676295501878e-15 
0.8860000000000001 1.7763568394002505e-15 
0.8880000000000001 2.220446049250313e-15 
0.8900000000000001 2.220446049250313e-15 
0.8920000000000001 1.3322676295501878e-15 
0.8940000000000001 1.3322676295501878e-15 
0.8960000000000001 1.3322676295501878e-15 
0.8980000000000001 1.7763568394002505e-15 
0.9000000000000001 8.881784197001252e-16 
0.9020000000000001 4.440892098500626e-16 
0.9040000000000001 4.440892098500626e-16 
0.9060000000000001 -4.440892098500626e-16 
0.9080000000000001 4.440892098500626e-16 
0.9100000000000001 8.881784197001252e-16 
0.9120000000000001 4.440892098500626e-16 
0.9140000000000001 4.440892098500626e-16 
0.9160000000000001 4.440892098500626e-16 
0.9180000000000001 0.0 
0.9199999999999999 -4.440892098500626e-16 
0.9219999999999999 -1.3322676295501878e-15 
0.9239999999999999 -1.7763568394002505e-15 
0.9259999999999999 -1.3322676295501878e-15 
0.9279999999999999 -8.881784197001252e-16 
0.9299999999999999 -1.3322676295501878e-15 
0.9319999999999999 -1.3322676295501878e-15 
0.9339999999999999 -1.7763568394002505e-15 
0.9359999999999999 -1.7763568394002505e-15 
0.938 -1.3322676295501878e-15 
0.94 -2.6645352591003757e-15 
0.942 -1.7763568394002505e-15 
0.944 -2.220446049250313e-15 
0.946 -3.552713678800501e-15 
0.948 -3.552713678800501e-15 
0.95 -3.1086244689504383e-15 
0.952 -3.1086244689504383e-15 
0.954 -3.9968028886505635e-15 
0.956 -3.552713678800501e-15 
0.958 -3.9968028886505635e-15 
0.96 -4.440892098500626e-15 
0.962 -3.552713678800501e-15 
0.964 -3.552713678800501e-15 
0.966 -3.9968028886505635e-15 
0.968 -3.9968028886505635e-15 
0.97 -4.440892098500626e-15 
0.972 -2.6645352591003757e-15 
0.974 -2.6645352591003757e-15 
0.976 -2.6645352591003757e-15 
0.978 -2.220446049250313e-15 
0.98 -1.3322676295501878e-15 
0.982 -1.7763568394002505e-15 
0.984 -8.881784197001252e-16 
0.986 -8.881784197001252e-16 
0.988 -4.440892098500626e-16 
0.99 8.881784197001252e-16 
0.992 2.220446049250313e-15 
0.994 3.552713678800501e-15 
0.996 3.552713678800501e-15 
0.998 4.440892098500626e-15 
