-1.0 -5.241234113384508e-10 
-0.998 -4.2272663147713274e-10 
-0.996 -3.279809757117391e-10 
-0.994 -2.3963098172430364e-10 
-0.992 -1.5742940284724227e-10 
-0.99 -8.113365534967443e-11 
-0.988 -1.0508593994984494e-11 
-0.986 5.467459818220277e-11 
-0.984 1.1463940907674441e-10 
-0.982 1.6960222115613988e-10 
-0.98 2.1977430986197533e-10 
-0.978 2.653611774761089e-10 
-0.976 3.065623310760657e-10 
-0.974 3.4357161560194527e-10 
-0.972 3.7657765794563147e-10 
-0.97 4.0576364490618744e-10 
-0.968 4.3130765625676304e-10 
-0.966 4.5338244269998995e-10 
-0.964 4.721556479125866e-10 
-0.962 4.877903636568703e-10 
-0.96 5.00444463646943e-10 
-0.958 5.102711586602027e-10 
-0.956 5.174191075596468e-10 
-0.954 5.220325283161742e-10 
-0.952 5.242507539193753e-10 
-0.95 5.242095646451617e-10 
-0.948 5.220391896543219e-10 
-0.946 5.178668605054781e-10 
-0.944 5.118152568428513e-10 
-0.942 5.040032835523789e-10 
-0.94 4.94545737694807e-10 
-0.938 4.83552864416481e-10 
-0.9359999999999999 4.711331325069068e-10 
-0.9339999999999999 4.573891265735597e-10 
-0.9319999999999999 4.424214328224707e-10 
-0.9299999999999999 4.263261965675724e-10 
-0.9279999999999999 4.091965655206309e-10 
-0.926 3.9112202365743087e-10 
-0.924 3.721893904184981e-10 
-0.922 3.5248171048607446e-10 
-0.92 3.320790309402355e-10 
-0.918 3.110586233034951e-10 
-0.916 2.894944284292933e-10 
-0.914 2.6745761161350856e-10 
-0.912 2.450165625944578e-10 
-0.91 2.2223689555289639e-10 
-0.908 1.9918122706741315e-10 
-0.906 1.759102863374551e-10 
-0.904 1.524810278041855e-10 
-0.902 1.2894929568574298e-10 
-0.9 1.053671594419825e-10 
-0.898 8.17853562651294e-11 
-0.896 5.825162574524256e-11 
-0.894 3.4812042137843946e-11 
-0.892 1.1509460051684073e-11 
-0.89 -1.16139320383013e-11 
-0.888 -3.451949837085522e-11 
-0.886 -5.716982443004781e-11 
-0.884 -7.9529605123696e-11 
-0.882 -1.015656447833635e-10 
-0.88 -1.2324619103054602e-10 
-0.878 -1.4454215602199838e-10 
-0.876 -1.654251180482902e-10 
-0.874 -1.858694309575526e-10 
-0.872 -2.058505588209414e-10 
-0.87 -2.253452979772419e-10 
-0.868 -2.443327762335912e-10 
-0.866 -2.6279312059784843e-10 
-0.864 -2.807084564793172e-10 
-0.862 -2.980614643988133e-10 
-0.86 -3.1483693430089943e-10 
-0.858 -3.310209883977677e-10 
-0.856 -3.4660108116923993e-10 
-0.854 -3.6156544425125503e-10 
-0.852 -3.75903752569684e-10 
-0.85 -3.8960745740723723e-10 
-0.848 -4.0266823209123004e-10 
-0.846 -4.150793042612122e-10 
-0.844 -4.2683556689127045e-10 
-0.842 -4.3793180193318904e-10 
-0.84 -4.4836423462868424e-10 
-0.838 -4.581306445317068e-10 
-0.836 -4.672292552854174e-10 
-0.834 -4.756591787113962e-10 
-0.832 -4.834199707204334e-10 
-0.83 -4.905129635801586e-10 
-0.828 -4.969399336474112e-10 
-0.826 -5.027025462567281e-10 
-0.8240000000000001 -5.07804576166393e-10 
-0.8220000000000001 -5.122495760900847e-10 
-0.8200000000000001 -5.160423199868092e-10 
-0.8180000000000001 -5.191879148824796e-10 
-0.8160000000000001 -5.216921339368241e-10 
-0.8140000000000001 -5.235614164433855e-10 
-0.812 -5.24802534762614e-10 
-0.81 -5.25423038411077e-10 
-0.808 -5.254312540614592e-10 
-0.806 -5.248351753195379e-10 
-0.804 -5.236440170364176e-10 
-0.802 -5.218674381524124e-10 
-0.8 -5.195152086301391e-10 
-0.798 -5.165970984322144e-10 
-0.796 -5.131242097888844e-10 
-0.794 -5.091068677742783e-10 
-0.792 -5.045570627970619e-10 
-0.79 -4.994860081097841e-10 
-0.788 -4.939055830988082e-10 
-0.786 -4.878278891951027e-10 
-0.784 -4.812656939634508e-10 
-0.782 -4.742309878125184e-10 
-0.78 -4.66737315463206e-10 
-0.778 -4.5879666732417945e-10 
-0.776 -4.5042358731706145e-10 
-0.774 -4.416302878951228e-10 
-0.772 -4.3243075786847385e-10 
-0.77 -4.228386529803174e-10 
-0.768 -4.1286785101846135e-10 
-0.766 -4.025317856815036e-10 
-0.764 -3.918446678241594e-10 
-0.762 -3.808203752342365e-10 
-0.76 -3.694730077441477e-10 
-0.758 -3.5781666518630573e-10 
-0.756 -3.4586533637082084e-10 
-0.754 -3.3363323215240825e-10 
-0.752 -3.2113456338578317e-10 
-0.75 -3.083835409256608e-10 
-0.748 -2.9539393153754645e-10 
-0.746 -2.8218005709845784e-10 
-0.744 -2.687559064185052e-10 
-0.742 -2.5513546830779887e-10 
-0.74 -2.413326205541466e-10 
-0.738 -2.2736090787844887e-10 
-0.736 -2.1323454113542084e-10 
-0.734 -1.9896739811287034e-10 
-0.732 -1.8457246842018549e-10 
-0.73 -1.7006318575596424e-10 
-0.728 -1.554532058634095e-10 
-0.726 -1.4075585141881675e-10 
-0.724 -1.259838899869692e-10 
-0.722 -1.1115053322185986e-10 
-0.72 -9.626832664366702e-11 
-0.718 -8.135003781717387e-11 
-0.716 -6.640832328486113e-11 
-0.714 -5.145517345539474e-11 
-0.712 -3.6503133848952984e-11 
-0.71 -2.1563972829596878e-11 
-0.708 -6.64945876138745e-12 
-0.706 8.228751013916735e-12 
-0.704 2.3059443243766964e-11 
-0.702 3.783084956410221e-11 
-0.7 5.253231183388607e-11 
-0.698 6.71532829343846e-11 
-0.696 8.16825496130491e-11 
-0.694 9.611011986265794e-11 
-0.692 1.1042533554217471e-10 
-0.69 1.246187597558901e-10 
-0.688 1.386806225411874e-10 
-0.6859999999999999 1.5260115393544993e-10 
-0.6839999999999999 1.663708060206659e-10 
-0.6819999999999999 1.799810300795457e-10 
-0.6799999999999999 1.9342261126098492e-10 
-0.6779999999999999 2.0668700084769398e-10 
-0.6759999999999999 2.197660942115931e-10 
-0.6739999999999999 2.326512316130902e-10 
-0.6719999999999999 2.4533541864713015e-10 
-0.6699999999999999 2.5780977352951595e-10 
-0.6679999999999999 2.700675238997974e-10 
-0.6659999999999999 2.821014533083144e-10 
-0.6639999999999999 2.9390467837231427e-10 
-0.6619999999999999 3.0547042673134683e-10 
-0.6599999999999999 3.167921480695668e-10 
-0.6579999999999999 3.2786329207112885e-10 
-0.6559999999999999 3.386785296655148e-10 
-0.6539999999999999 3.492316436037868e-10 
-0.6519999999999999 3.5951752686003147e-10 
-0.6499999999999999 3.695305172968233e-10 
-0.648 3.79265507888249e-10 
-0.646 3.887181687645125e-10 
-0.644 3.97883503922003e-10 
-0.642 4.0675784962473926e-10 
-0.64 4.1533654293601785e-10 
-0.638 4.236155870529501e-10 
-0.636 4.3159198437336954e-10 
-0.634 4.3926196013899244e-10 
-0.632 4.4662240572534984e-10 
-0.63 4.536707676194851e-10 
-0.628 4.6040404821923175e-10 
-0.626 4.668198050339356e-10 
-0.624 4.729158176175474e-10 
-0.622 4.786904206355302e-10 
-0.62 4.841411715972299e-10 
-0.618 4.892671823242267e-10 
-0.616 4.940665654373788e-10 
-0.614 4.985385437805689e-10 
-0.612 5.026822291753774e-10 
-0.61 5.064967334433845e-10 
-0.608 5.099816124953804e-10 
-0.606 5.131367553090627e-10 
-0.604 5.159616067729189e-10 
-0.602 5.184567219984615e-10 
-0.6 5.206222120079929e-10 
-0.598 5.224587429353278e-10 
-0.596 5.239668698919786e-10 
-0.594 5.25147481056365e-10 
-0.592 5.260017976738141e-10 
-0.59 5.265307079227455e-10 
-0.588 5.267362102046036e-10 
-0.586 5.26619414742413e-10 
-0.584 5.261823199376181e-10 
-0.5820000000000001 5.254268131693607e-10 
-0.5800000000000001 5.243550038613876e-10 
-0.5780000000000001 5.229693345043529e-10 
-0.5760000000000001 5.21272025544306e-10 
-0.5740000000000001 5.192660745834132e-10 
-0.5720000000000001 5.169535910454215e-10 
-0.5700000000000001 5.143380166217071e-10 
-0.5680000000000001 5.114225709590414e-10 
-0.5660000000000001 5.082099185926836e-10 
-0.5640000000000001 5.047036122363124e-10 
-0.562 5.009069825590018e-10 
-0.56 4.968241373859428e-10 
-0.558 4.924584073862093e-10 
-0.556 4.878139003849924e-10 
-0.554 4.828943911405759e-10 
-0.552 4.777037654335459e-10 
-0.55 4.722467972229083e-10 
-0.548 4.665278163784592e-10 
-0.546 4.605510417476921e-10 
-0.544 4.543209142227056e-10 
-0.542 4.478425408294129e-10 
-0.54 4.4112014041530756e-10 
-0.538 4.3415893102860537e-10 
-0.536 4.269640196952196e-10 
-0.534 4.1953995832955115e-10 
-0.532 4.1189218702442076e-10 
-0.53 4.0402592382804414e-10 
-0.528 3.9594638678863703e-10 
-0.526 3.876590159990201e-10 
-0.524 3.79169251552014e-10 
-0.522 3.7048253354043936e-10 
-0.52 3.61604080012512e-10 
-0.518 3.5254033026177467e-10 
-0.516 3.432963913141407e-10 
-0.514 3.338780363293381e-10 
-0.512 3.242911494893974e-10 
-0.51 3.1454161497634914e-10 
-0.508 3.046353169722238e-10 
-0.506 2.945780286367494e-10 
-0.504 2.84375745174259e-10 
-0.502 2.740347948559929e-10 
-0.5 2.635609508416792e-10 
-0.498 2.5296009731334834e-10 
-0.496 2.422383404976358e-10 
-0.494 2.3140211968808444e-10 
-0.492 2.2045720804442226e-10 
-0.49 2.0940993383788964e-10 
-0.488 1.9826651431742448e-10 
-0.486 1.870328336650573e-10 
-0.484 1.7571533117433091e-10 
-0.482 1.6432022409418323e-10 
-0.48 1.5285317456203984e-10 
-0.478 1.4132106596065341e-10 
-0.476 1.2972933838284462e-10 
-0.474 1.1808454214445874e-10 
-0.472 1.0639278347213121e-10 
-0.47 9.466027961479995e-11 
-0.46799999999999997 8.289280373219299e-11 
-0.46599999999999997 7.109657307324824e-11 
-0.46399999999999997 5.927802693150852e-11 
-0.46199999999999997 4.744282744439943e-11 
-0.45999999999999996 3.5597080838556394e-11 
-0.45799999999999996 2.3746782318312398e-11 
-0.45599999999999996 1.1897927088000415e-11 
-0.45399999999999996 5.6288307348495437e-14 
-0.45199999999999996 -1.177236086391531e-11 
-0.44999999999999996 -2.3581692154550637e-11 
-0.44799999999999995 -3.536659853864421e-11 
-0.44599999999999995 -4.7120529700350744e-11 
-0.44399999999999995 -5.883860065836188e-11 
-0.44199999999999995 -7.05143721191348e-11 
-0.43999999999999995 -8.214273705675623e-11 
-0.43799999999999994 -9.371781128919565e-11 
-0.43599999999999994 -1.0523459881284225e-10 
-0.43399999999999994 -1.1668710442336305e-10 
-0.43199999999999994 -1.280704431394497e-10 
-0.42999999999999994 -1.3937861975676924e-10 
-0.42799999999999994 -1.5060719338322315e-10 
-0.42599999999999993 -1.617506129036883e-10 
-0.42399999999999993 -1.7280354924764652e-10 
-0.42200000000000004 -1.8376122845609189e-10 
-0.42000000000000004 -1.9461854350311114e-10 
-0.41800000000000004 -2.0537049838509347e-10 
-0.41600000000000004 -2.1601220812073052e-10 
-0.41400000000000003 -2.265392318179238e-10 
-0.41200000000000003 -2.3694657347306247e-10 
-0.41000000000000003 -2.4722979219404806e-10 
-0.40800000000000003 -2.5738444708878205e-10 
-0.406 -2.6740587522056103e-10 
-0.404 -2.772898577418914e-10 
-0.402 -2.870321758052796e-10 
-0.4 -2.966279444294173e-10 
-0.398 -3.0607405498983553e-10 
-0.396 -3.1536617761673824e-10 
-0.394 -3.2449987141802694e-10 
-0.392 -3.3347180572462776e-10 
-0.39 -3.422783168005594e-10 
-0.388 -3.5091529682063083e-10 
-0.386 -3.593794151157681e-10 
-0.384 -3.676672299945949e-10 
-0.382 -3.7577541078803733e-10 
-0.38 -3.837005158047191e-10 
-0.378 -3.9143954744247367e-10 
-0.376 -3.9898928605452966e-10 
-0.374 -4.063466230164181e-10 
-0.372 -4.1350911583748484e-10 
-0.37 -4.2047354487095845e-10 
-0.368 -4.2723724558157983e-10 
-0.366 -4.3379799752329973e-10 
-0.364 -4.401529141162541e-10 
-0.362 -4.462996638920913e-10 
-0.36 -4.5223624844936694e-10 
-0.358 -4.5796022529742686e-10 
-0.356 -4.634693739902218e-10 
-0.354 -4.687622512378198e-10 
-0.352 -4.738365255718691e-10 
-0.35 -4.786907537024376e-10 
-0.348 -4.833226041611738e-10 
-0.346 -4.877311887696578e-10 
-0.344 -4.919149532156553e-10 
-0.34199999999999997 -4.95872676253839e-10 
-0.33999999999999997 -4.996025815273697e-10 
-0.33799999999999997 -5.0310389188013e-10 
-0.33599999999999997 -5.06375386066793e-10 
-0.33399999999999996 -5.094160648866364e-10 
-0.33199999999999996 -5.122253732281479e-10 
-0.32999999999999996 -5.148023118906053e-10 
-0.32799999999999996 -5.171467698517063e-10 
-0.32599999999999996 -5.192575258661236e-10 
-0.32399999999999995 -5.211344689115549e-10 
-0.32199999999999995 -5.227771548987903e-10 
-0.31999999999999995 -5.241855838278298e-10 
-0.31799999999999995 -5.253595336540684e-10 
-0.31599999999999995 -5.262988933552037e-10 
-0.31399999999999995 -5.270038849758407e-10 
-0.31199999999999994 -5.274743974936769e-10 
-0.30999999999999994 -5.277110970425269e-10 
-0.30799999999999994 -5.277138726000885e-10 
-0.30599999999999994 -5.274838343893862e-10 
-0.30399999999999994 -5.270212044550249e-10 
-0.30199999999999994 -5.263265379085169e-10 
-0.29999999999999993 -5.254006119059795e-10 
-0.29799999999999993 -5.242445366704374e-10 
-0.29600000000000004 -5.228590893580076e-10 
-0.29400000000000004 -5.212452691694125e-10 
-0.29200000000000004 -5.194044083722815e-10 
-0.29000000000000004 -5.173375061673369e-10 
-0.28800000000000003 -5.150460058445105e-10 
-0.28600000000000003 -5.125313506937346e-10 
-0.28400000000000003 -5.097949840049409e-10 
-0.28200000000000003 -5.068385711126666e-10 
-0.28 -5.036634442845411e-10 
-0.278 -5.002718239666137e-10 
-0.276 -4.966653754934214e-10 
-0.274 -4.928458752218035e-10 
-0.272 -4.888156546201117e-10 
-0.27 -4.845764900451854e-10 
-0.268 -4.801308239876789e-10 
-0.266 -4.754807658713389e-10 
-0.264 -4.706284251199122e-10 
-0.262 -4.655766883132628e-10 
-0.26 -4.6032766487513754e-10 
-0.258 -4.548840193407955e-10 
-0.256 -4.492484162454957e-10 
-0.254 -4.4342363114679983e-10 
-0.252 -4.374123285799669e-10 
-0.25 -4.31217395124861e-10 
-0.248 -4.2484171736134613e-10 
-0.246 -4.1828829289158875e-10 
-0.244 -4.1155967522854553e-10 
-0.242 -4.0465997219740757e-10 
-0.24 -3.9759162628882905e-10 
-0.238 -3.9035830123879123e-10 
-0.236 -3.8296288362715813e-10 
-0.23399999999999999 -3.754085931007012e-10 
-0.23199999999999998 -3.676992044177041e-10 
-0.22999999999999998 -3.598381592695432e-10 
-0.22799999999999998 -3.518287883252924e-10 
-0.22599999999999998 -3.436748663432354e-10 
-0.22399999999999998 -3.3537983501474855e-10 
-0.22199999999999998 -3.2694724705351064e-10 
-0.21999999999999997 -3.183808772178054e-10 
-0.21799999999999997 -3.0968472231052147e-10 
-0.21599999999999997 -3.008622240230352e-10 
-0.21399999999999997 -2.9191760120284016e-10 
-0.21199999999999997 -2.8285440656361516e-10 
-0.20999999999999996 -2.7367663690824884e-10 
-0.20799999999999996 -2.6438828903962985e-10 
-0.20599999999999996 -2.5499335976064685e-10 
-0.20399999999999996 -2.4549573485188603e-10 
-0.20199999999999996 -2.358998552054459e-10 
-0.19999999999999996 -2.262092735350052e-10 
-0.19799999999999995 -2.1642831971036003e-10 
-0.19599999999999995 -2.0656154564591134e-10 
-0.19399999999999995 -1.9661250405533792e-10 
-0.19199999999999995 -1.8658563583073828e-10 
-0.18999999999999995 -1.76485159819606e-10 
-0.18799999999999994 -1.6631529486943464e-10 
-0.18599999999999994 -1.5608037085002024e-10 
-0.18399999999999994 -1.4578482865346132e-10 
-0.18199999999999994 -1.3543244303804158e-10 
-0.17999999999999994 -1.25027765918162e-10 
-0.17799999999999994 -1.1457534920822354e-10 
-0.17599999999999993 -1.0407918971111485e-10 
-0.17399999999999993 -9.354383934123689e-11 
-0.17199999999999993 -8.297351694608324e-11 
-0.16999999999999993 -7.237266341775239e-11 
-0.16799999999999993 -6.174571964834286e-11 
-0.16600000000000004 -5.1096904485348205e-11 
-0.16400000000000003 -4.043043677626201e-11 
-0.16200000000000003 -2.975097945778771e-11 
-0.16000000000000003 -1.90626403551164e-11 
-0.15800000000000003 -8.369971382649055e-12 
-0.15600000000000003 2.3228086121207525e-12 
-0.15400000000000003 1.3011258737094522e-11 
-0.15200000000000002 2.3691160144778678e-11 
-0.15000000000000002 3.435807194307472e-11 
-0.14800000000000002 4.500777528448907e-11 
-0.14600000000000002 5.563605132152816e-11 
-0.14400000000000002 6.623845916209348e-11 
-0.14200000000000002 7.681066893638899e-11 
-0.14 8.734857281922359e-11 
-0.138 9.784806298540616e-11 
-0.136 1.0830480956514066e-10 
-0.134 1.1871459371093351e-10 
-0.132 1.2907319657529115e-10 
-0.13 1.3937651033302245e-10 
-0.128 1.4962064920354123e-10 
-0.126 1.5980095025014407e-10 
-0.124 1.6991408280375708e-10 
-0.122 1.7995571699458424e-10 
-0.12 1.8992185601973688e-10 
-0.118 1.9980861409862882e-10 
-0.11599999999999999 2.0961188340606896e-10 
-0.11399999999999999 2.1932822225068094e-10 
-0.11199999999999999 2.289530787180638e-10 
-0.10999999999999999 2.384833441837486e-10 
-0.10799999999999998 2.4791491082254424e-10 
-0.10599999999999998 2.5724411489846943e-10 
-0.10399999999999998 2.664674036978454e-10 
-0.10199999999999998 2.7558100246238837e-10 
-0.09999999999999998 2.845812474561171e-10 
-0.09799999999999998 2.934650300545627e-10 
-0.09599999999999997 3.022284644771389e-10 
-0.09399999999999997 3.108682200547719e-10 
-0.09199999999999997 3.193807440737828e-10 
-0.08999999999999997 3.2776314995430766e-10 
-0.08799999999999997 3.360117739603652e-10 
-0.08599999999999997 3.441236184897889e-10 
-0.08399999999999996 3.5209524185120245e-10 
-0.08199999999999996 3.599237574647418e-10 
-0.07999999999999996 3.676061677282405e-10 
-0.07799999999999996 3.751392529949271e-10 
-0.07599999999999996 3.8252034872954255e-10 
-0.07399999999999995 3.897464573299203e-10 
-0.07199999999999995 3.9681469221619636e-10 
-0.06999999999999995 4.037223888531116e-10 
-0.06799999999999995 4.10466882705407e-10 
-0.06599999999999995 4.170456202601258e-10 
-0.06399999999999995 4.234556039151016e-10 
-0.061999999999999944 4.29695057313495e-10 
-0.05999999999999994 4.3576098285313947e-10 
-0.05799999999999994 4.416513821325907e-10 
-0.05599999999999994 4.473638126611945e-10 
-0.05399999999999994 4.5289616501520413e-10 
-0.051999999999999935 4.5824610772626784e-10 
-0.04999999999999993 4.634119754598487e-10 
-0.04799999999999993 4.683911036806876e-10 
-0.04599999999999993 4.731820490988525e-10 
-0.04399999999999993 4.777831463798066e-10 
-0.041999999999999926 4.82192064055198e-10 
-0.040000000000000036 4.864074698573972e-10 
-0.038000000000000034 4.904278094741699e-10 
-0.03600000000000003 4.942514175709789e-10 
-0.03400000000000003 4.97876517790985e-10 
-0.03200000000000003 5.013021109334659e-10 
-0.030000000000000027 5.045266426861872e-10 
-0.028000000000000025 5.075492248707292e-10 
-0.026000000000000023 5.103680811302524e-10 
-0.02400000000000002 5.129826563532447e-10 
-0.02200000000000002 5.153919513389837e-10 
-0.020000000000000018 5.175946338198401e-10 
-0.018000000000000016 5.195901486843013e-10 
-0.016000000000000014 5.213778297985527e-10 
-0.014000000000000012 5.229565669395697e-10 
-0.01200000000000001 5.243262490850498e-10 
-0.010000000000000009 5.254860990788757e-10 
-0.008000000000000007 5.264355618095351e-10 
-0.006000000000000005 5.271744152324231e-10 
-0.0040000000000000036 5.277024373029349e-10 
-0.0020000000000000018 5.280192949541629e-10 
0.0 5.281249881861072e-10 
0.0020000000000000018 5.280192949541629e-10 
0.0040000000000000036 5.277024373029349e-10 
0.006000000000000005 5.271744152324231e-10 
0.008000000000000007 5.264353397649302e-10 
0.010000000000000009 5.254858770342707e-10 
0.01200000000000001 5.243260270404448e-10 
0.014000000000000012 5.229565669395697e-10 
0.016000000000000014 5.213778297985527e-10 
0.018000000000000016 5.195901486843013e-10 
0.020000000000000018 5.175946338198401e-10 
0.02200000000000002 5.153917292943788e-10 
0.02400000000000002 5.129824343086398e-10 
0.026000000000000023 5.103678590856475e-10 
0.028000000000000025 5.075487807815193e-10 
0.030000000000000027 5.045261985969773e-10 
0.03200000000000003 5.01301666844256e-10 
0.03400000000000003 4.978760737017751e-10 
0.03600000000000003 4.942507514371641e-10 
0.038000000000000034 4.904271433403551e-10 
0.040000000000000036 4.864070257681874e-10 
0.04200000000000004 4.821916199659881e-10 
0.04400000000000004 4.777827022905967e-10 
0.04600000000000004 4.731816050096427e-10 
0.04800000000000004 4.683906595914777e-10 
0.050000000000000044 4.634113093260339e-10 
0.052000000000000046 4.5824544159245306e-10 
0.05400000000000005 4.5289549888138936e-10 
0.05600000000000005 4.4736314652737974e-10 
0.05800000000000005 4.416507159987759e-10 
0.06000000000000005 4.357603167193247e-10 
0.062000000000000055 4.296943911796802e-10 
0.06400000000000006 4.2345493778128684e-10 
0.06600000000000006 4.170447320817061e-10 
0.06800000000000006 4.104662165715922e-10 
0.07000000000000006 4.0372172271929685e-10 
0.07200000000000006 3.968140260823816e-10 
0.07400000000000007 3.8974579119610553e-10 
0.07600000000000007 3.8251968259572777e-10 
0.07800000000000007 3.7513858686111234e-10 
0.08000000000000007 3.6760539057212327e-10 
0.08200000000000007 3.599228692863221e-10 
0.08400000000000007 3.520941316281778e-10 
0.08600000000000008 3.4412250826676427e-10 
0.08800000000000008 3.3601066373734056e-10 
0.09000000000000008 3.2776203973128304e-10 
0.09200000000000008 3.193796338507582e-10 
0.09400000000000008 3.1086710983174726e-10 
0.09600000000000009 3.022273542541143e-10 
0.09800000000000009 2.934639198315381e-10 
0.10000000000000009 2.8458024825539496e-10 
0.10200000000000009 2.7557989223936374e-10 
0.10400000000000009 2.6646629347482076e-10 
0.1060000000000001 2.572430046754448e-10 
0.1080000000000001 2.479139116218221e-10 
0.1100000000000001 2.384821229384215e-10 
0.1120000000000001 2.2895196849503918e-10 
0.1140000000000001 2.1932700100535385e-10 
0.1160000000000001 2.0961077318304433e-10 
0.1180000000000001 1.998075038756042e-10 
0.1200000000000001 1.8992074579671225e-10 
0.12200000000000011 1.799546067715596e-10 
0.12400000000000011 1.6991297258073246e-10 
0.1260000000000001 1.5979984002711944e-10 
0.1280000000000001 1.4961931693591168e-10 
0.13000000000000012 1.393751780653929e-10 
0.13200000000000012 1.290718643076616e-10 
0.13400000000000012 1.1871326144330396e-10 
0.13600000000000012 1.0830347729751111e-10 
0.13800000000000012 9.784695276238153e-11 
0.14000000000000012 8.734746259619897e-11 
0.14200000000000013 7.680955871336437e-11 
0.14400000000000013 6.623734893906885e-11 
0.14600000000000013 5.563471905389861e-11 
0.14800000000000013 4.500644301685952e-11 
0.15000000000000013 3.435673967544517e-11 
0.15200000000000014 2.3689827877149128e-11 
0.15399999999999991 1.3010037491767434e-11 
0.15599999999999992 2.3214763444912023e-12 
0.15799999999999992 -8.371414672581068e-12 
0.15999999999999992 -1.906397262274595e-11 
0.16199999999999992 -2.9752200703114795e-11 
0.16399999999999992 -4.0431769043891563e-11 
0.16599999999999993 -5.1098236752977755e-11 
0.16799999999999993 -6.17470519159724e-11 
0.16999999999999993 -7.237399568538194e-11 
0.17199999999999993 -8.297484921371279e-11 
0.17399999999999993 -9.354494956426151e-11 
0.17599999999999993 -1.0408029993413948e-10 
0.17799999999999994 -1.1457645943124817e-10 
0.17999999999999994 -1.2502887614118663e-10 
0.18199999999999994 -1.354335532610662e-10 
0.18399999999999994 -1.4578593887648594e-10 
0.18599999999999994 -1.5608159209534733e-10 
0.18799999999999994 -1.6631651611476173e-10 
0.18999999999999995 -1.7648627004263062e-10 
0.19199999999999995 -1.8658663503146045e-10 
0.19399999999999995 -1.9661361427836255e-10 
0.19599999999999995 -2.0656265586893596e-10 
0.19799999999999995 -2.1642942993338465e-10 
0.19999999999999996 -2.2621049478033228e-10 
0.20199999999999996 -2.359009654284705e-10 
0.20399999999999996 -2.4549684507491065e-10 
0.20599999999999996 -2.549944699836715e-10 
0.20799999999999996 -2.643893992626545e-10 
0.20999999999999996 -2.7367774713127346e-10 
0.21199999999999997 -2.828555167866398e-10 
0.21399999999999997 -2.919186004035623e-10 
0.21599999999999997 -3.008633342460598e-10 
0.21799999999999997 -3.096858325335461e-10 
0.21999999999999997 -3.1838198744083e-10 
0.22199999999999998 -3.2694813523193034e-10 
0.22399999999999998 -3.3538072319316825e-10 
0.22599999999999998 -3.436757545216551e-10 
0.22799999999999998 -3.518296765037121e-10 
0.22999999999999998 -3.598390474479629e-10 
0.23199999999999998 -3.677000925961238e-10 
0.23399999999999999 -3.7540959230142334e-10 
0.236 -3.8296377180557784e-10 
0.238 -3.9035918941721093e-10 
0.24 -3.9759273651185367e-10 
0.242 -4.046610824204322e-10 
0.244 -4.1156078545157015e-10 
0.246 -4.1828918107000845e-10 
0.248 -4.2484260553976583e-10 
0.25 -4.312182833032807e-10 
0.252 -4.374132167583866e-10 
0.254 -4.4342451932521953e-10 
0.256 -4.492493044239154e-10 
0.258 -4.548849075192152e-10 
0.26 -4.6032855305355724e-10 
0.262 -4.655775764916825e-10 
0.264 -4.706293132983319e-10 
0.266 -4.754814320051537e-10 
0.268 -4.801314901214937e-10 
0.27 -4.845771561790002e-10 
0.272 -4.888163207539264e-10 
0.274 -4.928465413556182e-10 
0.276 -4.966660416272362e-10 
0.278 -5.00272379078126e-10 
0.28 -5.036641104183559e-10 
0.28200000000000003 -5.068390152018765e-10 
0.28400000000000003 -5.097954280941508e-10 
0.28600000000000003 -5.125317947829444e-10 
0.28800000000000003 -5.150465609560229e-10 
0.29000000000000004 -5.173379502565467e-10 
0.29200000000000004 -5.194048524614914e-10 
0.29400000000000004 -5.212457132586223e-10 
0.29600000000000004 -5.228593114026125e-10 
0.29800000000000004 -5.242448697373447e-10 
0.30000000000000004 -5.254009449728869e-10 
0.30200000000000005 -5.263266489308194e-10 
0.30400000000000005 -5.270213154773273e-10 
0.30600000000000005 -5.274840564339911e-10 
0.30800000000000005 -5.277142056669959e-10 
0.31000000000000005 -5.277112080648294e-10 
0.31200000000000006 -5.274747305605842e-10 
0.31400000000000006 -5.270039959981432e-10 
0.31600000000000006 -5.262990043775062e-10 
0.31800000000000006 -5.253597556986733e-10 
0.32000000000000006 -5.241858058724347e-10 
0.32200000000000006 -5.227773769433952e-10 
0.32400000000000007 -5.211344689115549e-10 
0.32600000000000007 -5.192575258661236e-10 
0.32800000000000007 -5.171466588294038e-10 
0.33000000000000007 -5.148024229129078e-10 
0.3320000000000001 -5.122253732281479e-10 
0.3340000000000001 -5.094159538643339e-10 
0.3360000000000001 -5.063752750444905e-10 
0.3380000000000001 -5.031035588132227e-10 
0.3400000000000001 -4.996023594827648e-10 
0.3420000000000001 -4.958724542092341e-10 
0.3440000000000001 -4.919150642379577e-10 
0.3460000000000001 -4.877312997919603e-10 
0.3480000000000001 -4.833227151834762e-10 
0.3500000000000001 -4.786904206355302e-10 
0.3520000000000001 -4.738361925049617e-10 
0.3540000000000001 -4.687620291932149e-10 
0.3560000000000001 -4.6346926296791935e-10 
0.3580000000000001 -4.5796000325282193e-10 
0.3600000000000001 -4.5223591538245955e-10 
0.3620000000000001 -4.462993308251839e-10 
0.3640000000000001 -4.401523590047418e-10 
0.3660000000000001 -4.337974424117874e-10 
0.3680000000000001 -4.2723691251467244e-10 
0.3700000000000001 -4.2047321180405106e-10 
0.3720000000000001 -4.1350856072597253e-10 
0.3740000000000001 -4.063462899495107e-10 
0.3760000000000001 -3.989888419653198e-10 
0.3780000000000001 -3.9143877028635643e-10 
0.3800000000000001 -3.8369973864860185e-10 
0.3820000000000001 -3.7577474465422256e-10 
0.3840000000000001 -3.6766645283847765e-10 
0.3860000000000001 -3.593787489819533e-10 
0.3880000000000001 -3.5091440864221113e-10 
0.3900000000000001 -3.422775396444422e-10 
0.3920000000000001 -3.3347091754620806e-10 
0.39400000000000013 -3.2449898323960724e-10 
0.39600000000000013 -3.153651784160161e-10 
0.39800000000000013 -3.060732778337183e-10 
0.40000000000000013 -2.96627389317905e-10 
0.40200000000000014 -2.8703117660455746e-10 
0.40400000000000014 -2.7728908058577417e-10 
0.40600000000000014 -2.6740498704214133e-10 
0.4079999999999999 -2.573834478880599e-10 
0.4099999999999999 -2.472290150379308e-10 
0.4119999999999999 -2.3694568529464277e-10 
0.4139999999999999 -2.265383436395041e-10 
0.4159999999999999 -2.1601120892000836e-10 
0.4179999999999999 -2.0536938816206884e-10 
0.41999999999999993 -1.9461754430238898e-10 
0.42199999999999993 -1.8376011823306726e-10 
0.42399999999999993 -1.7280266106922682e-10 
0.42599999999999993 -1.617497247252686e-10 
0.42799999999999994 -1.5060630520480345e-10 
0.42999999999999994 -1.39377842600652e-10 
0.43199999999999994 -1.2806955496103e-10 
0.43399999999999994 -1.1668621624494335e-10 
0.43599999999999994 -1.0523359961212009e-10 
0.43799999999999994 -9.371670106617103e-11 
0.43999999999999995 -8.214162683373161e-11 
0.44199999999999995 -7.051315087380772e-11 
0.44399999999999995 -5.883749043533726e-11 
0.44599999999999995 -4.7119641521931044e-11 
0.44799999999999995 -3.536571036022451e-11 
0.44999999999999996 -2.35809149984334e-11 
0.45199999999999996 -1.177147268549561e-11 
0.45399999999999996 5.706546346573305e-14 
0.45599999999999996 1.1898704244117653e-11 
0.45799999999999996 2.374778151903456e-11 
0.45999999999999996 3.559819106158102e-11 
0.46199999999999997 4.744393766742405e-11 
0.46399999999999997 5.927935919913807e-11 
0.46599999999999997 7.109790534087779e-11 
0.46799999999999997 8.289413599982254e-11 
0.47 9.466127881552211e-11 
0.472 1.0639389369515584e-10 
0.474 1.1808576338978582e-10 
0.476 1.2973044860586924e-10 
0.478 1.4132217618367804e-10 
0.48 1.5285439580736693e-10 
0.482 1.6432133431720786e-10 
0.484 1.7571644139735554e-10 
0.486 1.8703394388808192e-10 
0.488 1.982676245404491e-10 
0.49 2.0941104406091426e-10 
0.492 2.2045831826744688e-10 
0.494 2.3140289684420168e-10 
0.496 2.422392286760555e-10 
0.498 2.5296098549176804e-10 
0.5 2.6356161697549396e-10 
0.502 2.740356830344126e-10 
0.504 2.8437674437498117e-10 
0.506 2.945789168151691e-10 
0.508 3.046362051506435e-10 
0.51 3.1454250315476884e-10 
0.512 3.242920376678171e-10 
0.514 3.338789245077578e-10 
0.516 3.4329705744795547e-10 
0.518 3.5254132946249683e-10 
0.52 3.6160507921323415e-10 
0.522 3.704833106965566e-10 
0.524 3.791701397304337e-10 
0.526 3.8766001519974225e-10 
0.528 3.9594727496705673e-10 
0.53 4.040269230287663e-10 
0.532 4.1189307520284046e-10 
0.534 4.1954084650797085e-10 
0.536 4.269647968513368e-10 
0.538 4.3415981920702507e-10 
0.54 4.4112102859372726e-10 
0.542 4.4784320696322766e-10 
0.544 4.5432158035652037e-10 
0.546 4.605517078815069e-10 
0.548 4.66528482512274e-10 
0.55 4.722474633567231e-10 
0.552 4.777044315673606e-10 
0.554 4.828947242074833e-10 
0.556 4.878143444742022e-10 
0.558 4.924588514754191e-10 
0.56 4.968246924974551e-10 
0.562 5.009075376705141e-10 
0.5640000000000001 5.047038342809174e-10 
0.5660000000000001 5.082103626818935e-10 
0.5680000000000001 5.114227930036463e-10 
0.5700000000000001 5.143385717332194e-10 
0.5720000000000001 5.169541461569338e-10 
0.5740000000000001 5.192665186726231e-10 
0.5760000000000001 5.212724696335158e-10 
0.5780000000000001 5.229696675712603e-10 
0.5800000000000001 5.243552259059925e-10 
0.5820000000000001 5.254270352139656e-10 
0.5840000000000001 5.26182541982223e-10 
0.5860000000000001 5.266195257647155e-10 
0.5880000000000001 5.267364322492085e-10 
0.5900000000000001 5.265309299673504e-10 
0.5920000000000001 5.260019086961165e-10 
0.5940000000000001 5.251475920786675e-10 
0.5960000000000001 5.239668698919786e-10 
0.5980000000000001 5.224588539576303e-10 
0.6000000000000001 5.206223230302953e-10 
0.6020000000000001 5.184569440430664e-10 
0.6040000000000001 5.159616067729189e-10 
0.6060000000000001 5.131365332644577e-10 
0.6080000000000001 5.09981501473078e-10 
0.6100000000000001 5.064967334433845e-10 
0.6120000000000001 5.026822291753774e-10 
0.6140000000000001 4.985384327582665e-10 
0.6160000000000001 4.940664544150764e-10 
0.6180000000000001 4.892668492573193e-10 
0.6200000000000001 4.84140949552625e-10 
0.6220000000000001 4.786900875686229e-10 
0.6240000000000001 4.7291548455064e-10 
0.6260000000000001 4.668194719670282e-10 
0.6280000000000001 4.6040371515232437e-10 
0.6300000000000001 4.5367032353027525e-10 
0.6320000000000001 4.4662207265844245e-10 
0.6340000000000001 4.392614050274801e-10 
0.6360000000000001 4.3159142926185723e-10 
0.6380000000000001 4.236150319414378e-10 
0.6400000000000001 4.153357657799006e-10 
0.6420000000000001 4.0675707246862203e-10 
0.6440000000000001 3.978829488104907e-10 
0.6460000000000001 3.8871739160839525e-10 
0.6480000000000001 3.792648417544342e-10 
0.6500000000000001 3.695296291184036e-10 
0.6520000000000001 3.5951663868161177e-10 
0.6540000000000001 3.4923108849227447e-10 
0.6560000000000001 3.3867786353170004e-10 
0.6580000000000001 3.2786273695961654e-10 
0.6600000000000001 3.167912598911471e-10 
0.6620000000000001 3.0546953855292713e-10 
0.6640000000000001 2.9390379019389457e-10 
0.6659999999999999 2.8210067615219714e-10 
0.6679999999999999 2.7006674674368014e-10 
0.6699999999999999 2.578087743287938e-10 
0.6719999999999999 2.4533419740180307e-10 
0.6739999999999999 2.3265023241236804e-10 
0.6759999999999999 2.1976498398856847e-10 
0.6779999999999999 2.0668589062466936e-10 
0.6799999999999999 1.9342139001565783e-10 
0.6819999999999999 1.7997969781191614e-10 
0.6839999999999999 1.663695847753388e-10 
0.6859999999999999 1.5259971064551792e-10 
0.688 1.3867940129586032e-10 
0.69 1.2461776055516793e-10 
0.692 1.1042411429684762e-10 
0.694 9.610878759502839e-11 
0.696 8.168121734541955e-11 
0.698 6.715195066675506e-11 
0.7 5.253131263316391e-11 
0.702 3.782962831877512e-11 
0.704 2.3058110976137414e-11 
0.706 8.227529768589648e-12 
0.708 -6.650791029017e-12 
0.71 -2.1565305097226428e-11 
0.712 -3.650435509428007e-11 
0.714 -5.145650572302429e-11 
0.716 -6.640954453018821e-11 
0.718 -8.135137008480342e-11 
0.72 -9.626965891129657e-11 
0.722 -1.1115186548948941e-10 
0.724 -1.2598511123229628e-10 
0.726 -1.4075707266414383e-10 
0.728 -1.5545453813103904e-10 
0.73 -1.7006440700129133e-10 
0.732 -1.8457380068781504e-10 
0.734 -1.9896861935819743e-10 
0.736 -2.1323609544765532e-10 
0.738 -2.273625732129858e-10 
0.74 -2.413338417994737e-10 
0.742 -2.551369115977309e-10 
0.744 -2.6875723868613477e-10 
0.746 -2.8218150038838985e-10 
0.748 -2.9539515278287354e-10 
0.75 -3.0838487319329033e-10 
0.752 -3.211360066757152e-10 
0.754 -3.3363445339773534e-10 
0.756 -3.458666686384504e-10 
0.758 -3.5781777540933035e-10 
0.76 -3.6947411796717233e-10 
0.762 -3.8082148545726113e-10 
0.764 -3.9184566702488155e-10 
0.766 -4.025326738599233e-10 
0.768 -4.128688502191835e-10 
0.77 -4.2283976320334205e-10 
0.772 -4.32431757069196e-10 
0.774 -4.416311760735425e-10 
0.776 -4.5042447549548115e-10 
0.778 -4.587976665249016e-10 
0.78 -4.667380926193232e-10 
0.782 -4.742318759909381e-10 
0.784 -4.81266471119568e-10 
0.786 -4.878288883958248e-10 
0.788 -4.939064712772279e-10 
0.79 -4.994866742435988e-10 
0.792 -5.045577289308767e-10 
0.794 -5.09107533908093e-10 
0.796 -5.131246538780943e-10 
0.798 -5.165975425214242e-10 
0.8 -5.195155416970465e-10 
0.802 -5.218678822416223e-10 
0.804 -5.236445721479299e-10 
0.806 -5.248355083864453e-10 
0.808 -5.254313650837616e-10 
0.81 -5.254233714779843e-10 
0.812 -5.24802534762614e-10 
0.8140000000000001 -5.235614164433855e-10 
0.8160000000000001 -5.216921339368241e-10 
0.8180000000000001 -5.191879148824796e-10 
0.8200000000000001 -5.160424310091116e-10 
0.8220000000000001 -5.122495760900847e-10 
0.8240000000000001 -5.078041320771831e-10 
0.8260000000000001 -5.027022131898207e-10 
0.8280000000000001 -4.969393785358989e-10 
0.8300000000000001 -4.905125194909488e-10 
0.8320000000000001 -4.834195266312236e-10 
0.8340000000000001 -4.756585125775814e-10 
0.8360000000000001 -4.672287001739051e-10 
0.8380000000000001 -4.5812997839789205e-10 
0.8400000000000001 -4.4836334645026454e-10 
0.8420000000000001 -4.3793058068786195e-10 
0.8440000000000001 -4.268345676905483e-10 
0.8460000000000001 -4.1507830506049004e-10 
0.8480000000000001 -4.026671218682054e-10 
0.8500000000000001 -3.8960623616191015e-10 
0.8520000000000001 -3.759026423466594e-10 
0.8540000000000001 -3.615643340282304e-10 
0.8560000000000001 -3.465997489016104e-10 
0.8580000000000001 -3.3101976715244064e-10 
0.8600000000000001 -3.148354910109674e-10 
0.8620000000000001 -2.980597990642764e-10 
0.8640000000000001 -2.8070656910017533e-10 
0.8660000000000001 -2.627914552633115e-10 
0.8680000000000001 -2.443309998767518e-10 
0.8700000000000001 -2.2534329957579757e-10 
0.8720000000000001 -2.058484493971946e-10 
0.8740000000000001 -1.8586743255610827e-10 
0.8760000000000001 -1.6542311964684586e-10 
0.8780000000000001 -1.445400465982516e-10 
0.8800000000000001 -1.2324408160679923e-10 
0.8820000000000001 -1.0156342433731425e-10 
0.8840000000000001 -7.952716263304183e-11 
0.8860000000000001 -5.71674929616961e-11 
0.8880000000000001 -3.451705588020104e-11 
0.8900000000000001 -1.1611378525344662e-11 
0.8920000000000001 1.1512235609245636e-11 
0.8940000000000001 3.4814595650800584e-11 
0.8960000000000001 5.825429028050166e-11 
0.8980000000000001 8.17880208003885e-11 
0.9000000000000001 1.053698239772416e-10 
0.9020000000000001 1.2895184919869962e-10 
0.9040000000000001 1.524839143840495e-10 
0.9060000000000001 1.7591306189501665e-10 
0.9080000000000001 1.9918411364727717e-10 
0.9100000000000001 2.222397821327604e-10 
0.9120000000000001 2.4501967121892676e-10 
0.9140000000000001 2.674607202379775e-10 
0.9160000000000001 2.8949753705376224e-10 
0.9180000000000001 3.110616209056616e-10 
0.9199999999999999 3.3208213956470445e-10 
0.9219999999999999 3.524848191105434e-10 
0.9239999999999999 3.721926100652695e-10 
0.9259999999999999 3.911251322818998e-10 
0.9279999999999999 4.0919967414509983e-10 
0.9299999999999999 4.263293051920414e-10 
0.9319999999999999 4.424244304246372e-10 
0.9339999999999999 4.5739223519802863e-10 
0.9359999999999999 4.711360190867708e-10 
0.938 4.835558620186475e-10 
0.94 4.945484022300661e-10 
0.942 5.040058370653355e-10 
0.944 5.118176993335055e-10 
0.946 5.178693029961323e-10 
0.948 5.220415211226737e-10 
0.95 5.242117850912109e-10 
0.952 5.242529743654245e-10 
0.954 5.220347487622234e-10 
0.956 5.174211059610911e-10 
0.958 5.102729350170421e-10 
0.96 5.004461289814799e-10 
0.962 4.877919179691048e-10 
0.964 4.721570912025186e-10 
0.966 4.533835529230146e-10 
0.968 4.313086554574852e-10 
0.97 4.0576453308460714e-10 
0.972 3.765781020348413e-10 
0.974 3.435718376465502e-10 
0.976 3.065623310760657e-10 
0.978 2.6536095543150395e-10 
0.98 2.1977386577276548e-10 
0.982 1.696015550223251e-10 
0.984 1.1463829885371979e-10 
0.986 5.4673043869968296e-11 
0.988 -1.0510370351823894e-11 
0.99 -8.113565375111875e-11 
0.992 -1.5743162329329152e-10 
0.994 -2.3963386830416766e-10 
0.996 -3.2798408433620807e-10 
0.998 -4.2273040623541647e-10 
