-0.998 -750.2482607748423 
-0.996 -88.78583652443893 
-0.994 173.88897053306255 
-0.992 187.7230504099765 
-0.99 105.46599329358733 
-0.988 12.551971831995331 
-0.986 -53.67050635699141 
-0.984 -84.02130505472995 
-0.982 -83.50983206957606 
-0.98 -62.587734219016426 
-0.978 -32.17508391140106 
-0.976 -1.2014220940712406 
-0.974 24.280587316856533 
-0.972 41.072480497990554 
-0.97 48.344925720895596 
-0.968 46.97664179295894 
-0.966 38.88940655138151 
-0.964 26.472409304655002 
-0.962 12.13682237234227 
-0.96 -1.9916157415244413 
-0.958 -14.253578346345122 
-0.956 -23.53215750063633 
-0.954 -29.24896530378681 
-0.952 -31.30502068476232 
-0.95 -29.988433444951713 
-0.948 -25.867075391405336 
-0.946 -19.68024612777564 
-0.944 -12.239298452375081 
-0.942 -4.343580099976144 
-0.94 3.284976137957557 
-0.938 10.047674031961986 
-0.9359999999999999 15.496123655817858 
-0.9339999999999999 19.34261291771105 
-0.9319999999999999 21.456571515968086 
-0.9299999999999999 21.85026199063782 
-0.9279999999999999 20.656870879321826 
-0.926 18.103986981715863 
-0.924 14.48511550619925 
-0.922 10.131447618334635 
-0.92 5.385634473615983 
-0.918 0.5788420299590911 
-0.916 -3.9880834817945576 
-0.914 -8.058909802691534 
-0.912 -11.431684858411941 
-0.91 -13.963964721448512 
-0.908 -15.574005225828714 
-0.906 -16.238468515405543 
-0.904 -15.987287755411835 
-0.902 -14.896374806969485 
-0.9 -13.078854874793466 
-0.898 -10.675477360554236 
-0.896 -7.844791630163497 
-0.894 -4.753597887715571 
-0.892 -1.5680938592628877 
-0.89 1.5539563514666987 
-0.888 4.469798922030909 
-0.886 7.056869783428263 
-0.884 9.216516207748978 
-0.882 10.876271950953043 
-0.88 11.990758228698857 
-0.878 12.541331634930632 
-0.876 12.534636846215111 
-0.874 12.00024700027508 
-0.872 10.987588801044014 
-0.87 9.562353781201752 
-0.868 7.802593042219053 
-0.866 5.794681599106592 
-0.864 3.6293216340751098 
-0.862 1.397732941583829 
-0.86 -0.8118450078755952 
-0.858 -2.9172403863153065 
-0.856 -4.8449525843199694 
-0.854 -6.532224262204679 
-0.852 -7.928558087523486 
-0.85 -8.996676361082121 
-0.848 -9.71294122815673 
-0.846 -10.067269827906411 
-0.844 -10.062592351461028 
-0.842 -9.713911483185989 
-0.84 -9.047029126953428 
-0.838 -8.097010799222975 
-0.836 -6.9064598101231045 
-0.834 -5.523672617661363 
-0.832 -4.000743837267104 
-0.83 -2.3916846557287332 
-0.828 -0.7506121851286505 
-0.826 0.8699400491055389 
-0.8240000000000001 2.420548418021723 
-0.8220000000000001 3.8562288143424563 
-0.8200000000000001 5.137544854462584 
-0.8180000000000001 6.231478550504503 
-0.8160000000000001 7.112055629155897 
-0.8140000000000001 7.760725409208218 
-0.812 8.166502174482964 
-0.81 8.325881168464186 
-0.808 8.24254760354687 
-0.806 7.926901367532662 
-0.804 7.3954234016900555 
-0.802 6.669912025462654 
-0.8 5.776618825737583 
-0.798 4.7453141681589655 
-0.796 3.608311996473603 
-0.794 2.399482450392151 
-0.792 1.1532790494154348 
-0.79 -0.09619513614525221 
-0.788 -1.3160606681732165 
-0.786 -2.4754557097313192 
-0.784 -3.546235525032981 
-0.782 -4.503565690236845 
-0.78 -5.32640065624669 
-0.778 -5.997842706510574 
-0.776 -6.505379617799328 
-0.774 -6.841002393053069 
-0.772 -7.001207236772093 
-0.77 -6.986888440034789 
-0.768 -6.803130999802566 
-0.766 -6.45891359293692 
-0.764 -5.9667339461147595 
-0.762 -5.342169685290925 
-0.76 -4.603388418247319 
-0.758 -3.7706211141960253 
-0.756 -2.8656128159749974 
-0.754 -1.911064378785266 
-0.752 -0.9300783059781992 
-0.75 0.054379118924924974 
-0.748 1.0199882864382364 
-0.746 1.9455494376687206 
-0.744 2.8114100855604183 
-0.742 3.599839682859484 
-0.74 4.29534607407388 
-0.738 4.884929823236352 
-0.736 5.358274049057293 
-0.734 5.707868893175624 
-0.732 5.929071167698021 
-0.73 6.020101050970805 
-0.728 5.981978904755163 
-0.726 5.818406355442974 
-0.724 5.535596703517077 
-0.722 5.142060490406916 
-0.72 4.648352655175747 
-0.718 4.066788153174497 
-0.716 3.4111331868393577 
-0.714 2.696279319835412 
-0.712 1.9379077171517558 
-0.71 1.152150585293123 
-0.708 0.355256590383104 
-0.706 -0.4367333790155268 
-0.704 -1.2082942482236145 
-0.702 -1.9447033308211266 
-0.7 -2.632300842754545 
-0.698 -3.258720472278579 
-0.696 -3.8130868716406017 
-0.694 -4.286177705156598 
-0.692 -4.670548661458365 
-0.69 -4.960620600081667 
-0.688 -5.152728741527394 
-0.6859999999999999 -5.245134512750355 
-0.6839999999999999 -5.238001316736434 
-0.6819999999999999 -5.133336095329804 
-0.6799999999999999 -4.934899091975927 
-0.6779999999999999 -4.648084688696521 
-0.6759999999999999 -4.279776585337861 
-0.6739999999999999 -3.8381809057825675 
-0.6719999999999999 -3.3326410539540827 
-0.6699999999999999 -2.7734383020484055 
-0.6679999999999999 -2.1715821758804736 
-0.6659999999999999 -1.5385947100361959 
-0.6639999999999999 -0.8862925824493493 
-0.6619999999999999 -0.22657100876600822 
-0.6599999999999999 0.4288069131211376 
-0.6579999999999999 1.0684119621718833 
-0.6559999999999999 1.6813385026597718 
-0.6539999999999999 2.2573793197414345 
-0.6519999999999999 2.78718312474977 
-0.6499999999999999 3.2623926626924984 
-0.648 3.675761761783684 
-0.646 4.021250081893829 
-0.644 4.29409473851391 
-0.642 4.490858393957487 
-0.64 4.6094538117560795 
-0.638 4.649145257226635 
-0.636 4.610527491961444 
-0.634 4.49548344707799 
-0.632 4.307121966114094 
-0.63 4.049697279145805 
-0.628 3.728512103137886 
-0.626 3.349806457039735 
-0.624 2.920634432923106 
-0.622 2.4487312756282757 
-0.62 1.9423731930991133 
-0.618 1.410232348771626 
-0.616 0.8612294769364235 
-0.614 0.3043865141956741 
-0.612 -0.2513184429388464 
-0.61 -0.7970916598469544 
-0.608 -1.324457715215285 
-0.606 -1.8253850031916277 
-0.604 -2.292401100181544 
-0.602 -2.7186965216742722 
-0.6 -3.0982156202141047 
-0.598 -3.4257336120664617 
-0.596 -3.696918963009503 
-0.594 -3.908380609266895 
-0.592 -4.057699734181907 
-0.59 -4.143446061173885 
-0.588 -4.165178855516512 
-0.586 -4.123433048383227 
-0.584 -4.0196911037959655 
-0.5820000000000001 -3.8563414398249742 
-0.5800000000000001 -3.6366243878163202 
-0.5780000000000001 -3.364566825482309 
-0.5760000000000001 -3.0449067501352847 
-0.5740000000000001 -2.683009166126244 
-0.5720000000000001 -2.2847747448025455 
-0.5700000000000001 -1.8565427758757478 
-0.5680000000000001 -1.4049899660109495 
-0.5660000000000001 -0.9370266537377208 
-0.5640000000000001 -0.45969200068916427 
-0.562 0.019950312040940332 
-0.56 0.49491440513549323 
-0.558 0.958391133423147 
-0.556 1.4038423110030225 
-0.554 1.825089014652904 
-0.552 2.2163928684073064 
-0.55 2.5725293411801715 
-0.548 2.888852227763785 
-0.546 3.16134862887779 
-0.544 3.3866838965727544 
-0.542 3.5622361643515923 
-0.54 3.6861202351318054 
-0.538 3.7572007523166855 
-0.536 3.7750947278912528 
-0.534 3.740163644593333 
-0.532 3.653495485301649 
-0.53 3.516877169927933 
-0.528 3.332757997279476 
-0.526 3.1042047950104514 
-0.524 2.834849573951333 
-0.522 2.5288305632032233 
-0.52 2.1907275683294287 
-0.518 1.8254926467381356 
-0.516 1.4383771314643718 
-0.514 1.0348560571127794 
-0.512 0.6205510497426776 
-0.51 0.20115273646998855 
-0.508 -0.2176562891327194 
-0.506 -0.6302769423809922 
-0.504 -1.031266604853611 
-0.502 -1.415408661054043 
-0.5 -1.777777777785153 
-0.498 -2.1138001647419475 
-0.496 -2.419308137819556 
-0.494 -2.6905883960706687 
-0.492 -2.924423517890081 
-0.49 -3.1181262805211216 
-0.488 -3.269566507926871 
-0.486 -3.377190254286372 
-0.484 -3.4400312322670015 
-0.482 -3.4577144958768447 
-0.48 -3.430452485527037 
-0.478 -3.3590336370783227 
-0.476 -3.2448038459102673 
-0.474 -3.089641160416206 
-0.472 -2.8959241560851168 
-0.47 -2.6664945105096445 
-0.46799999999999997 -2.4046143608259913 
-0.46599999999999997 -2.113919077466193 
-0.46399999999999997 -1.7983661315157524 
-0.46199999999999997 -1.4621807669160867 
-0.45999999999999996 -1.1097992133144703 
-0.45799999999999996 -0.7458101900610266 
-0.45599999999999996 -0.3748954573794585 
-0.45399999999999996 -0.0017701666184521958 
-0.45199999999999996 0.3688762515345334 
-0.44999999999999996 0.7324379437325585 
-0.44799999999999995 1.0844485482852617 
-0.44599999999999995 1.420634517494885 
-0.44399999999999995 1.7369652428956426 
-0.44199999999999995 2.0296994291081516 
-0.43999999999999995 2.2954272184795377 
-0.43799999999999994 2.531107629660018 
-0.43599999999999994 2.734100938354649 
-0.43399999999999994 2.9021956964508395 
-0.43199999999999994 3.033630155886277 
-0.42999999999999994 3.1271079350412223 
-0.42799999999999994 3.181807837294846 
-0.42599999999999993 3.1973878027185805 
-0.42399999999999993 3.173983044015424 
-0.42200000000000004 3.1121984858096825 
-0.42000000000000004 3.013095691628801 
-0.41800000000000004 2.878174524587244 
-0.41600000000000004 2.709349845369457 
-0.41400000000000003 2.5089236039388254 
-0.41200000000000003 2.2795527289441346 
-0.41000000000000003 2.024213260842953 
-0.40800000000000003 1.7461612105661921 
-0.406 1.448890655257716 
-0.404 1.136089605672431 
-0.402 0.8115941963613675 
-0.4 0.4793417595091566 
-0.398 0.1433233465466658 
-0.396 -0.19246374182115666 
-0.394 -0.5240628661493567 
-0.392 -0.8476038642719042 
-0.39 -1.1593472593713843 
-0.388 -1.4557263737387407 
-0.386 -1.7333868940543986 
-0.384 -1.9892234707019436 
-0.382 -2.2204129744063437 
-0.38 -2.4244440777096443 
-0.378 -2.599142876124409 
-0.376 -2.742694313320417 
-0.374 -2.8536592260818154 
-0.372 -2.9309868772971193 
-0.37 -2.9740228982953156 
-0.368 -2.9825126148437233 
-0.366 -2.9565997835129316 
-0.364 -2.896820816242025 
-0.362 -2.804094620397162 
-0.36 -2.679708228735821 
-0.358 -2.5252984380633565 
-0.356 -2.3428297167199474 
-0.354 -2.1345686785416715 
-0.352 -1.90305545480137 
-0.35 -1.6510723251139188 
-0.348 -1.381609993338461 
-0.346 -1.097831914942943 
-0.344 -0.8030370979079542 
-0.34199999999999997 -0.5006218099374409 
-0.33999999999999997 -0.1940406306208725 
-0.33799999999999997 0.11323271193839757 
-0.33599999999999997 0.4177442843316386 
-0.33399999999999996 0.7160982438169787 
-0.33199999999999996 1.0049940730273788 
-0.32999999999999996 1.2812623567814547 
-0.32799999999999996 1.5418987257690198 
-0.32599999999999996 1.7840956170518587 
-0.32399999999999995 2.005271529853058 
-0.32199999999999995 2.203097486723381 
-0.31999999999999995 2.3755204444488434 
-0.31799999999999995 2.5207834354995335 
-0.31599999999999995 2.63744225922344 
-0.31399999999999995 2.7243785816100674 
-0.31199999999999994 2.7808093431385257 
-0.30999999999999994 2.806292415323645 
-0.30799999999999994 2.800728487729263 
-0.30599999999999994 2.76435920803972 
-0.30399999999999994 2.6977616376989246 
-0.30199999999999994 2.6018391243620336 
-0.29999999999999993 2.4778087295503406 
-0.29799999999999993 2.3271853849816524 
-0.29600000000000004 2.1517629839033368 
-0.29400000000000004 1.9535926438742641 
-0.29200000000000004 1.7349584047566253 
-0.29000000000000004 1.4983506497248824 
-0.28800000000000003 1.246437557889974 
-0.28600000000000003 0.9820349143217619 
-0.28400000000000003 0.7080746168228175 
-0.28200000000000003 0.42757222860046407 
-0.28 0.1435939320319513 
-0.278 -0.14077675912868157 
-0.276 -0.4224721732524745 
-0.274 -0.698473189508264 
-0.272 -0.9658411400379311 
-0.27 -1.2217485762549103 
-0.268 -1.463508585531168 
-0.266 -1.688602363196563 
-0.264 -1.8947047663214305 
-0.262 -2.079707599856852 
-0.26 -2.2417404120928754 
-0.258 -2.379188604858597 
-0.256 -2.4907086938905345 
-0.254 -2.5752405863349703 
-0.252 -2.632016774704556 
-0.25 -2.6605683797770925 
-0.248 -2.6607280083170908 
-0.246 -2.6326294249326954 
-0.244 -2.5767040703695288 
-0.242 -2.4936744908997865 
-0.24 -2.3845447747414728 
-0.238 -2.2505881214630223 
-0.236 -2.0933316985947483 
-0.23399999999999999 -1.914538966230385 
-0.23199999999999998 -1.7161896746777552 
-0.22999999999999998 -1.5004577622176096 
-0.22799999999999998 -1.2696873994114348 
-0.22599999999999998 -1.0263674431990613 
-0.22399999999999998 -0.7731045777687995 
-0.22199999999999998 -0.5125954301453455 
-0.21999999999999997 -0.24759795625706854 
-0.21799999999999997 0.019097601982804746 
-0.21599999999999997 0.2846978864012166 
-0.21399999999999997 0.5464354183146327 
-0.21199999999999997 0.8015971240005838 
-0.20999999999999996 1.0475521009789426 
-0.20799999999999996 1.2817783464774515 
-0.20599999999999996 1.5018881824214867 
-0.20399999999999996 1.705652126829836 
-0.20199999999999996 1.8910209794336155 
-0.19999999999999996 2.0561459094146737 
-0.19799999999999995 2.1993963552067104 
-0.19599999999999995 2.3193755700519714 
-0.19399999999999995 2.4149336722447545 
-0.19199999999999995 2.485178085326708 
-0.18999999999999995 2.5294812809364187 
-0.18799999999999994 2.547485764809688 
-0.18599999999999994 2.539106274882273 
-0.18399999999999994 2.5045291887219023 
-0.18199999999999994 2.444209165685959 
-0.17999999999999994 2.3588630769012697 
-0.17799999999999994 2.2494613029928656 
-0.17599999999999993 2.1172165054261596 
-0.17399999999999993 1.9635700018626783 
-0.17199999999999993 1.7901758990945216 
-0.16999999999999993 1.5988831584549483 
-0.16799999999999993 1.3917157880777102 
-0.16600000000000004 1.1708513737872237 
-0.16400000000000003 0.9385981755030884 
-0.16200000000000003 0.6973710288031202 
-0.16000000000000003 0.44966630160959475 
-0.15800000000000003 0.1980361636408663 
-0.15600000000000003 -0.05493756858518539 
-0.15400000000000003 -0.30666974597583807 
-0.15200000000000002 -0.5545980952317011 
-0.15000000000000002 -0.7962090591322839 
-0.14800000000000002 -1.0290630118572583 
-0.14600000000000002 -1.2508186003302098 
-0.14400000000000002 -1.4592559729137913 
-0.14200000000000002 -1.6522986692949544 
-0.14 -1.8280339601563826 
-0.138 -1.9847314419315876 
-0.136 -2.1208597104371636 
-0.134 -2.2351009573265346 
-0.132 -2.3263633548046814 
-0.13 -2.3937911168191413 
-0.128 -2.4367721485400997 
-0.126 -2.4549432203940924 
-0.124 -2.4481926277435697 
-0.122 -2.4166603224103627 
-0.12 -2.3607355273076234 
-0.118 -2.2810518702651565 
-0.11599999999999999 -2.1784800974389253 
-0.11399999999999999 -2.0541184502769774 
-0.11199999999999999 -1.9092808126343443 
-0.10999999999999999 -1.7454827560605835 
-0.10799999999999998 -1.5644256313750522 
-0.10599999999999998 -1.3679788731395301 
-0.10399999999999998 -1.1581607004159065 
-0.10199999999999998 -0.9371174121030492 
-0.09999999999999998 -0.7071014880166346 
-0.09799999999999998 -0.4704487176054297 
-0.09599999999999997 -0.2295545867562362 
-0.09399999999999997 0.013149840654509859 
-0.09199999999999997 0.2552223059384293 
-0.08999999999999997 0.49423376138045494 
-0.08799999999999997 0.72779255746779 
-0.08599999999999997 0.9535681734652507 
-0.08399999999999996 1.1693142588699414 
-0.08199999999999996 1.3728907608943626 
-0.07999999999999996 1.5622849231197495 
-0.07799999999999996 1.7356309523523725 
-0.07599999999999996 1.891228164570594 
-0.07399999999999995 2.0275574365536237 
-0.07199999999999995 2.143295806993012 
-0.06999999999999995 2.237329089605094 
-0.06799999999999995 2.3087623808094997 
-0.06599999999999995 2.3569283654577062 
-0.06399999999999995 2.3813933460862344 
-0.061999999999999944 2.3819609436623455 
-0.05999999999999994 2.3586734407195067 
-0.05799999999999994 2.3118107609846525 
-0.05599999999999994 2.2418871026553515 
-0.05399999999999994 2.1496452654285387 
-0.051999999999999935 2.0360487337102233 
-0.04999999999999993 1.9022716002547237 
-0.04799999999999993 1.7496864352167842 
-0.04599999999999993 1.5798502254220175 
-0.04399999999999993 1.3944885271104015 
-0.041999999999999926 1.1954779924314947 
-0.040000000000000036 0.9848274454202275 
-0.038000000000000034 0.7646576968273507 
-0.03600000000000003 0.537180299020491 
-0.03400000000000003 0.304675451947682 
-0.03200000000000003 0.069469278963328 
-0.030000000000000027 -0.16608930313334114 
-0.028000000000000025 -0.3996518920277331 
-0.026000000000000023 -0.6288938567637716 
-0.02400000000000002 -0.8515373155846605 
-0.02200000000000002 -1.065373609923168 
-0.020000000000000018 -1.2682850551512521 
-0.018000000000000016 -1.4582657561786165 
-0.016000000000000014 -1.633441285512542 
-0.014000000000000012 -1.7920870328813354 
-0.01200000000000001 -1.9326450488014304 
-0.010000000000000009 -2.053739219462779 
-0.008000000000000007 -2.154188626852035 
-0.006000000000000005 -2.2330189659371165 
-0.0040000000000000036 -2.2894719098786656 
-0.0020000000000000018 -2.3230123343883573 
0.0 -2.3333333333415545 
0.0020000000000000018 -2.320358979351142 
0.0040000000000000036 -2.284244805060691 
0.006000000000000005 -2.225376003131645 
0.008000000000000007 -2.1443633651539193 
0.010000000000000009 -2.042037001686256 
0.01200000000000001 -1.9194379072355559 
0.014000000000000012 -1.7778074549274967 
0.016000000000000014 -1.6185749256870223 
0.018000000000000016 -1.4433431958506604 
0.020000000000000018 -1.2538727249755326 
0.02200000000000002 -1.052064002072737 
0.02400000000000002 -0.8399386234283905 
0.026000000000000023 -0.619619188424166 
0.028000000000000025 -0.3933082111985362 
0.030000000000000027 -0.16326625548547824 
0.03200000000000003 0.06821049248578115 
0.03400000000000003 0.2988129927743588 
0.03600000000000003 0.5262422386369023 
0.038000000000000034 0.7482320368655093 
0.040000000000000036 0.9625714579564557 
0.04200000000000004 1.167126735697291 
0.04400000000000004 1.3598624011581475 
0.04600000000000004 1.5388614434918337 
0.04800000000000004 1.7023442994299918 
0.050000000000000044 1.8486864847571314 
0.052000000000000046 1.976434694211815 
0.05400000000000005 2.0843212112190592 
0.05600000000000005 2.1712764852510498 
0.05800000000000005 2.23643975247692 
0.06000000000000005 2.2791675944042136 
0.062000000000000055 2.299040349329642 
0.06400000000000006 2.295866312332537 
0.06600000000000006 2.2696836811497874 
0.06800000000000006 2.220760227279998 
0.07000000000000006 2.1495906939325966 
0.07200000000000006 2.056891944671448 
0.07400000000000007 1.9435959086814056 
0.07600000000000007 1.8108403902353296 
0.07800000000000007 1.6599578308946368 
0.08000000000000007 1.4924621332564671 
0.08200000000000007 1.3100336741274092 
0.08400000000000007 1.114502652981277 
0.08600000000000008 0.9078309381472558 
0.08800000000000008 0.6920925880897346 
0.09000000000000008 0.4694532385224466 
0.09200000000000008 0.24214855752313924 
0.09400000000000008 0.012461980315093157 
0.09600000000000009 -0.21729805710111028 
0.09800000000000009 -0.44482116100836344 
0.10000000000000009 -0.667818072021185 
0.10200000000000009 -0.8840435775514054 
0.10400000000000009 -1.0913190173773137 
0.1060000000000001 -1.2875541584725574 
0.1080000000000001 -1.4707682210751023 
0.1100000000000001 -1.6391098457228308 
0.1120000000000001 -1.790875801002736 
0.1140000000000001 -1.9245282436777262 
0.1160000000000001 -2.0387103566781932 
0.1180000000000001 -2.132260205983865 
0.1200000000000001 -2.2042226746716707 
0.12200000000000011 -2.2538593509422125 
0.12400000000000011 -2.280656266906602 
0.1260000000000001 -2.284329405850736 
0.1280000000000001 -2.264827917552826 
0.13000000000000012 -2.2223350037702136 
0.13200000000000012 -2.1572664589713306 
0.13400000000000012 -2.0702668746173614 
0.13600000000000012 -1.9622035384799001 
0.13800000000000012 -1.834158083499824 
0.14000000000000012 -1.6874159632205616 
0.14200000000000013 -1.5234538526881836 
0.14400000000000013 -1.3439250947021162 
0.14600000000000013 -1.150643331185634 
0.14800000000000013 -0.9455644779985477 
0.15000000000000013 -0.7307672186536793 
0.15200000000000014 -0.5084322077837939 
0.15399999999999991 -0.28082018884164706 
0.15599999999999992 -0.050249242160799956 
0.15799999999999992 0.18092861096183976 
0.15999999999999992 0.41035121513314954 
0.16199999999999992 0.6356702605570759 
0.16399999999999992 0.8545751947304413 
0.16599999999999993 1.0648168249377763 
0.16799999999999993 1.2642303723789183 
0.16999999999999993 1.4507577432341188 
0.17199999999999993 1.6224687887261422 
0.17399999999999993 1.777581335385809 
0.17599999999999993 1.9144797780328777 
0.17799999999999994 2.0317320414773175 
0.17999999999999994 2.1281047324244176 
0.18199999999999994 2.202576320412139 
0.18399999999999994 2.2543482057033297 
0.18599999999999994 2.2828535526236897 
0.18799999999999994 2.2877637887899005 
0.18999999999999995 2.2689926937420113 
0.19199999999999995 2.226698024449724 
0.19399999999999995 2.1612806498231434 
0.19599999999999995 2.073381191412166 
0.19799999999999995 1.9638741927792354 
0.19999999999999996 1.8338598651546674 
0.20199999999999996 1.684653481949102 
0.20399999999999996 1.5177725189079991 
0.20599999999999996 1.3349216602535785 
0.20799999999999996 1.1379758135386098 
0.20999999999999996 0.9289612970942195 
0.21199999999999997 0.7100353835430452 
0.21399999999999997 0.48346440080289155 
0.21599999999999997 0.25160060789539995 
0.21799999999999997 0.01685807684311713 
0.21999999999999997 -0.21831217648706236 
0.22199999999999998 -0.45144756045771817 
0.22399999999999998 -0.6800995157841275 
0.22599999999999998 -0.9018591006548323 
0.22799999999999998 -1.1143822883261016 
0.22999999999999998 -1.3154147137962546 
0.23199999999999998 -1.5028156100909518 
0.23399999999999999 -1.6745806812307198 
0.236 -1.8288636681536294 
0.238 -1.9639963756612797 
0.24 -2.07850694269115 
0.242 -2.1711361548250068 
0.244 -2.240851616755128 
0.246 -2.2868596232614853 
0.248 -2.3086145899282173 
0.25 -2.305825929141152 
0.252 -2.278462282580657 
0.254 -2.226753048280818 
0.256 -2.1511871679932852 
0.258 -2.0525091689611776 
0.26 -1.9317124827615313 
0.262 -1.790030092593077 
0.264 -1.6289225886857672 
0.266 -1.4500637393989464 
0.268 -1.2553237124297838 
0.27 -1.0467501064458826 
0.272 -0.8265469777406393 
0.274 -0.5970520692487752 
0.276 -0.36071246995684514 
0.278 -0.120058951272626 
0.28 0.1223207569175746 
0.28200000000000003 0.3638094742574045 
0.28400000000000003 0.6017885749766839 
0.28600000000000003 0.833666195097178 
0.28800000000000003 1.056905342120055 
0.29000000000000004 1.2690516057057228 
0.29200000000000004 1.4677601694276476 
0.29400000000000004 1.6508218282211677 
0.29600000000000004 1.8161877240346667 
0.29800000000000004 1.961992523096007 
0.30000000000000004 2.086575772255268 
0.30200000000000005 2.1885011887730754 
0.30400000000000005 2.266573657752513 
0.30600000000000005 2.3198537337055223 
0.30800000000000005 2.347669467656666 
0.31000000000000005 2.349625408106633 
0.31200000000000006 2.3256086531827167 
0.31400000000000006 2.2757918618283046 
0.31600000000000006 2.2006331638803713 
0.31800000000000006 2.1008729417925993 
0.32000000000000006 1.9775274904054096 
0.32200000000000006 1.8318795951876674 
0.32400000000000007 1.6654661032456888 
0.32600000000000007 1.4800625950141435 
0.32800000000000007 1.277665297319643 
0.33000000000000007 1.0604704101815237 
0.3320000000000001 0.8308510499348143 
0.3340000000000001 0.5913320396251549 
0.3360000000000001 0.34456280386441296 
0.3380000000000001 0.0932886490736953 
0.3400000000000001 -0.15967926894972093 
0.3420000000000001 -0.41149497027361953 
0.3440000000000001 -0.6593093342877292 
0.3460000000000001 -0.9003020956150393 
0.3480000000000001 -1.131713799118589 
0.3500000000000001 -1.3508773569134545 
0.3520000000000001 -1.555248850395022 
0.3540000000000001 -1.7424372243630442 
0.3560000000000001 -1.910232528365237 
0.3580000000000001 -2.056632372318514 
0.3600000000000001 -2.1798662793363963 
0.3620000000000001 -2.2784176382228822 
0.3640000000000001 -2.3510429812999827 
0.3660000000000001 -2.3967883397656453 
0.3680000000000001 -2.415002458556983 
0.3700000000000001 -2.405346685185856 
0.3720000000000001 -2.3678013822799033 
0.3740000000000001 -2.3026687508353594 
0.3760000000000001 -2.210571990407191 
0.3780000000000001 -2.092450763090214 
0.3800000000000001 -1.9495529697052396 
0.3820000000000001 -1.7834228887692223 
0.3840000000000001 -1.5958857710372376 
0.3860000000000001 -1.3890290242117078 
0.3880000000000001 -1.1651801633423293 
0.3900000000000001 -0.9268817420676491 
0.3920000000000001 -0.6768635175116191 
0.39400000000000013 -0.41801213719983776 
0.39600000000000013 -0.1533386690481508 
0.39800000000000013 0.11405567495854199 
0.40000000000000013 0.3810152447390269 
0.40200000000000014 0.6443666889613745 
0.40400000000000014 0.90095630613846 
0.40600000000000014 1.1476875799707114 
0.4079999999999999 1.3815584603566438 
0.4099999999999999 1.599697947827818 
0.4119999999999999 1.7994015406396686 
0.4139999999999999 1.978165110310944 
0.4159999999999999 2.1337167832294894 
0.4179999999999999 2.264046422863241 
0.41999999999999993 2.367432329137629 
0.42199999999999993 2.4424647983997545 
0.42399999999999993 2.4880662190092466 
0.42599999999999993 2.5035074135407913 
0.42799999999999994 2.488419978658787 
0.42999999999999994 2.4428044174498265 
0.43199999999999994 2.3670339059651306 
0.43399999999999994 2.261853585488266 
0.43599999999999994 2.1283753239611065 
0.43799999999999994 1.9680679436310307 
0.43999999999999995 1.7827429666367602 
0.44199999999999995 1.5745359853397631 
0.44399999999999995 1.345883819036793 
0.44599999999999995 1.0994976726878218 
0.44799999999999995 0.8383325656952353 
0.44999999999999996 0.5655533489585278 
0.45199999999999996 0.28449767577878454 
0.45399999999999996 -0.0013636640194781835 
0.45599999999999996 -0.2884685976397442 
0.45799999999999996 -0.5732073264697665 
0.45999999999999996 -0.851967072848739 
0.46199999999999997 -1.121177478521433 
0.46399999999999997 -1.3773560987096602 
0.46599999999999997 -1.6171534243673027 
0.46799999999999997 -1.8373968603894122 
0.47 -2.035133089885259 
0.472 -2.207668264003912 
0.474 -2.352605473432646 
0.476 -2.467878981396015 
0.478 -2.5517847288205417 
0.48 -2.6030066598717587 
0.482 -2.6206384602110333 
0.484 -2.604200350531406 
0.486 -2.553650633822468 
0.488 -2.4693917557357623 
0.49 -2.3522707028484686 
0.492 -2.2035736327180695 
0.494 -2.0250147016985838 
0.496 -1.8187191306320485 
0.498 -1.5872006239495535 
0.5 -1.3333333333367285 
0.502 -1.0603186321420595 
0.504 -0.7716470399934013 
0.506 -0.47105570780920614 
0.508 -0.1624819403888571 
0.51 0.1499867037540329 
0.512 0.46216513874315013 
0.514 0.7698256568377029 
0.516 1.0687543227831302 
0.518 1.3548081315525413 
0.52 1.6239721775196592 
0.522 1.8724160659439109 
0.524 2.0965487902799085 
0.526 2.2930713016315316 
0.528 2.459026009911845 
0.53 2.5918424800706314 
0.532 2.6893786211249298 
0.534 2.7499567104280653 
0.536 2.7723936505127615 
0.538 2.756024920348339 
0.54 2.7007217564330754 
0.542 2.606901181135318 
0.544 2.475528585130164 
0.546 2.308112666757852 
0.548 2.1066926324988087 
0.55 1.8738176682651189 
0.552 1.6125187996176897 
0.554 1.3262733688114339 
0.556 1.0189624663666184 
0.558 0.69482176306627 
0.56 0.3583862933719322 
0.562 0.01442984164670702 
0.5640000000000001 -0.332100323334366 
0.5660000000000001 -0.6761525337121994 
0.5680000000000001 -1.0126427188670521 
0.5700000000000001 -1.3365283374257408 
0.5720000000000001 -1.6428832153213893 
0.5740000000000001 -1.9269722189735354 
0.5760000000000001 -2.184324665701679 
0.5780000000000001 -2.41080536146748 
0.5800000000000001 -2.6026821599091994 
0.5820000000000001 -2.756688956740466 
0.5840000000000001 -2.870083070193549 
0.5860000000000001 -2.9406960115005134 
0.5880000000000001 -2.966976718997753 
0.5900000000000001 -2.948026415162331 
0.5920000000000001 -2.883624346773742 
0.5940000000000001 -2.7742437837146756 
0.5960000000000001 -2.62105778041468 
0.5980000000000001 -2.4259343441215595 
0.6000000000000001 -2.191420804539309 
0.6020000000000001 -1.9207173378363298 
0.6040000000000001 -1.617639762698241 
0.6060000000000001 -1.2865718945987141 
0.6080000000000001 -0.9324079144095754 
0.6100000000000001 -0.5604853763870989 
0.6120000000000001 -0.17650964571956784 
0.6140000000000001 0.21352928536380023 
0.6160000000000001 0.6034465042505011 
0.6180000000000001 0.9869571707562352 
0.6200000000000001 1.3577754359557739 
0.6220000000000001 1.709715820298961 
0.6240000000000001 2.0367954968724526 
0.6260000000000001 2.3333358598006004 
0.6280000000000001 2.59406171517059 
0.6300000000000001 2.8141964143242895 
0.6320000000000001 2.9895512581858745 
0.6340000000000001 3.116607537332394 
0.6360000000000001 3.192589636600677 
0.6380000000000001 3.215527725032915 
0.6400000000000001 3.1843086718893714 
0.6420000000000001 3.0987139763239693 
0.6440000000000001 2.9594436711370493 
0.6460000000000001 2.7681253578679583 
0.6480000000000001 2.5273077494218685 
0.6500000000000001 2.2404383346179424 
0.6520000000000001 1.9118250335448244 
0.6540000000000001 1.546581979772749 
0.6560000000000001 1.1505598415664802 
0.6580000000000001 0.7302613748148201 
0.6600000000000001 0.29274318106969144 
0.6620000000000001 -0.1544950799838074 
0.6640000000000001 -0.6036325081276339 
0.6659999999999999 -1.046658043268402 
0.6679999999999999 -1.475508810486319 
0.6699999999999999 -1.8822135239350417 
0.6719999999999999 -2.259038566778001 
0.6739999999999999 -2.5986342213114404 
0.6759999999999999 -2.8941784188237554 
0.6779999999999999 -3.139515316303273 
0.6799999999999999 -3.3292859902844683 
0.6819999999999999 -3.4590485692613964 
0.6839999999999999 -3.5253852074440473 
0.6859999999999999 -3.5259934349954767 
0.688 -3.459759603911665 
0.69 -3.3268123833501684 
0.692 -3.128554542312084 
0.694 -2.8676715881420143 
0.696 -2.5481162030672397 
0.698 -2.175067833092353 
0.7 -1.7548672285011624 
0.702 -1.2949262064803073 
0.704 -0.8036133962930889 
0.706 -0.2901172279972779 
0.708 0.2357120723280488 
0.71 0.7635392239865784 
0.712 1.282736637092927 
0.714 1.7825899822206985 
0.716 2.252512996246373 
0.718 2.682267577560763 
0.72 3.0621849245035535 
0.722 3.3833832407309083 
0.724 3.637977379019751 
0.726 3.8192757288253656 
0.728 3.9219596792785874 
0.73 3.9422411137587865 
0.732 3.877993618194763 
0.734 3.7288534148633206 
0.736 3.496286466383911 
0.738 3.1836187285949924 
0.74 2.7960271614258736 
0.742 2.3404898268093097 
0.744 1.8256942025926657 
0.746 1.2619037096881702 
0.748 0.6607833720040928 
0.75 0.03518648871452745 
0.752 -0.6010948223990846 
0.754 -1.2336113738030985 
0.756 -1.8475661576709985 
0.758 -2.4281453957581878 
0.76 -2.9608648511759528 
0.762 -3.4319241197435706 
0.764 -3.828560993571032 
0.766 -4.1393975065896935 
0.768 -4.354768953017057 
0.77 -4.4670270354357955 
0.772 -4.470808366555746 
0.774 -4.363259832352104 
0.776 -4.1442128341673135 
0.778 -3.8162991695006507 
0.78 -3.3850022862126927 
0.782 -2.8586388477508624 
0.784 -2.2482669668500854 
0.786 -1.5675190845084694 
0.788 -0.8323592658772334 
0.79 -0.060766624462158525 
0.792 0.7276513666879909 
0.794 1.5121098068880894 
0.796 2.271153547132715 
0.798 2.983210535686308 
0.8 3.627179262676827 
0.802 4.183036412068094 
0.804 4.632449231175028 
0.806 4.95937582075056 
0.808 5.150635596278944 
0.81 5.196431634150624 
0.812 5.090806550330154 
0.8140000000000001 4.832014012319616 
0.8160000000000001 4.422788996446386 
0.8180000000000001 3.8705014989499222 
0.8200000000000001 3.1871806041589448 
0.8220000000000001 2.389398603612655 
0.8240000000000001 1.4980082253991682 
0.8260000000000001 0.5377299332648624 
0.8280000000000001 -0.4634093712284404 
0.8300000000000001 -1.4747801456835994 
0.8320000000000001 -2.4639853549947643 
0.8340000000000001 -3.3978106134531814 
0.8360000000000001 -4.243267743124752 
0.8380000000000001 -4.968705105475091 
0.8400000000000001 -5.544953335880555 
0.8420000000000001 -5.946470917165995 
0.8440000000000001 -6.152450572169301 
0.8460000000000001 -6.147844943232631 
0.8480000000000001 -5.924268660785368 
0.8500000000000001 -5.48073387514735 
0.8520000000000001 -4.8241778069348715 
0.8540000000000001 -3.9697440050089003 
0.8560000000000001 -2.9407838918627105 
0.8580000000000001 -1.7685518817478476 
0.8600000000000001 -0.49157587632916844 
0.8620000000000001 0.8453047913559208 
0.8640000000000001 2.1922300246152515 
0.8660000000000001 3.4959210563553547 
0.8680000000000001 4.701562474159704 
0.8700000000000001 5.754917721869742 
0.8720000000000001 6.604616507125247 
0.8740000000000001 7.20453786528189 
0.8760000000000001 7.516199059525109 
0.8780000000000001 7.511048777251302 
0.8800000000000001 7.17255400895134 
0.8820000000000001 6.497964392427059 
0.8840000000000001 5.499636496233021 
0.8860000000000001 4.205804289533599 
0.8880000000000001 2.660691609925757 
0.8900000000000001 0.9238783775247938 
0.8920000000000001 -0.931144987465073 
0.8940000000000001 -2.8192708455589788 
0.8960000000000001 -4.646914787294689 
0.8980000000000001 -6.315960002766708 
0.9000000000000001 -7.72841424419793 
0.9020000000000001 -8.7916360173817 
0.9040000000000001 -9.423932564274429 
0.9060000000000001 -9.560278558551738 
0.9080000000000001 -9.15785425257757 
0.9100000000000001 -8.20105864593409 
0.9120000000000001 -6.705621127286857 
0.9140000000000001 -4.721418384633013 
0.9160000000000001 -2.333606819966171 
0.9180000000000001 0.3382911094034018 
0.9199999999999999 3.143650891837442 
0.9219999999999999 5.906574391692177 
0.9239999999999999 8.434371054243446 
0.9259999999999999 10.528617824433281 
0.9279999999999999 11.998525723040686 
0.9299999999999999 12.67611135800279 
0.9319999999999999 12.432417791746756 
0.9339999999999999 11.193762910884535 
0.9359999999999999 8.956731526946204 
0.938 5.800392264512094 
0.94 1.894040295763622 
0.942 -2.5013232543273265 
0.944 -7.03952449240745 
0.946 -11.305296583520722 
0.948 -14.841001888233794 
0.95 -17.184383210028905 
0.952 -17.916709951657317 
0.954 -16.71932322933285 
0.956 -13.434876275052368 
0.958 -8.127545122571018 
0.96 -1.1342385613204087 
0.962 6.903463733973734 
0.964 15.038985214290918 
0.966 22.065776131033136 
0.968 26.621498885354548 
0.97 27.36301164963403 
0.972 23.218074843228788 
0.974 13.708708887435012 
0.976 -0.6774775168522069 
0.978 -18.1209382814979 
0.98 -35.20560049819507 
0.982 -46.91605469682896 
0.984 -47.14487143570389 
0.986 -30.077497320881548 
0.988 7.025524340903225 
0.99 58.95760426879744 
0.992 104.81064346131313 
0.994 96.96612375519695 
0.996 -49.44833955898429 
