-1.0 -3.624656130796211e-11 
-0.998 1.1596057447604835e-11 
-0.996 3.2589930754056695e-11 
-0.994 3.604849752036898e-11 
-0.992 2.8974156407457485e-11 
-0.99 1.6496137789090426e-11 
-0.988 2.261302256556519e-12 
-0.986 -1.127720139493249e-11 
-0.984 -2.2574830893518083e-11 
-0.982 -3.079314581100334e-11 
-0.98 -3.560352013209922e-11 
-0.978 -3.7064573632505926e-11 
-0.976 -3.54747342612427e-11 
-0.974 -3.1311842008108215e-11 
-0.972 -2.5130120206995343e-11 
-0.97 -1.751931932858497e-11 
-0.968 -9.070078021977679e-12 
-0.966 -3.232969447708456e-13 
-0.964 8.236078485879261e-12 
-0.962 1.6195045304812083e-11 
-0.96 2.3226753853577975e-11 
-0.958 2.9067415141526e-11 
-0.956 3.354916344733283e-11 
-0.954 3.6566305539054156e-11 
-0.952 3.809041970725957e-11 
-0.95 3.814371041244158e-11 
-0.948 3.680433735553379e-11 
-0.946 3.418865190951692e-11 
-0.944 3.044586804890059e-11 
-0.942 2.575450963604453e-11 
-0.94 2.0301094139085762e-11 
-0.938 1.4285461702456814e-11 
-0.9359999999999999 7.911005184269015e-12 
-0.9339999999999999 1.3740120152760937e-12 
-0.9319999999999999 -5.135447622706124e-12 
-0.9299999999999999 -1.1446843473095214e-11 
-0.9279999999999999 -1.7402079777184554e-11 
-0.926 -2.2857271630982723e-11 
-0.924 -2.7695179483089305e-11 
-0.922 -3.1814550993658486e-11 
-0.92 -3.5151437316471856e-11 
-0.918 -3.763922507005191e-11 
-0.916 -3.9257486150745535e-11 
-0.914 -3.999023334699814e-11 
-0.912 -3.985256569194462e-11 
-0.91 -3.886135857555928e-11 
-0.908 -3.707167905986353e-11 
-0.906 -3.453592967161967e-11 
-0.904 -3.1324276505984017e-11 
-0.902 -2.751043837179168e-11 
-0.9 -2.318856218153087e-11 
-0.898 -1.84483539555913e-11 
-0.896 -1.3396395104336989e-11 
-0.894 -8.113953953170494e-12 
-0.892 -2.7133850721838826e-12 
-0.89 2.715605518233133e-12 
-0.888 8.077538637962789e-12 
-0.886 1.3280931909775973e-11 
-0.884 1.8244072919060272e-11 
-0.882 2.2890578321721478e-11 
-0.88 2.715516700391163e-11 
-0.878 3.097300194099262e-11 
-0.876 3.4296121498300636e-11 
-0.874 3.707878448722113e-11 
-0.872 3.929168101990399e-11 
-0.87 4.090905392217792e-11 
-0.868 4.191891278537696e-11 
-0.866 4.231814898503217e-11 
-0.864 4.210587434272384e-11 
-0.862 4.1301184694475523e-11 
-0.86 3.992006725184183e-11 
-0.858 3.7990499635043307e-11 
-0.856 3.554667671323841e-11 
-0.854 3.263034287215305e-11 
-0.852 2.928413067593283e-11 
-0.85 2.5562219008179454e-11 
-0.848 2.1514789949605984e-11 
-0.846 1.7195578294604275e-11 
-0.844 1.2665424264923786e-11 
-0.842 7.983835814684426e-12 
-0.84 3.206768184327302e-12 
-0.838 -1.603162047558726e-12 
-0.836 -6.389999640532551e-12 
-0.834 -1.1095124818893964e-11 
-0.832 -1.566613505588066e-11 
-0.83 -2.0050183735520477e-11 
-0.828 -2.4201973758408712e-11 
-0.826 -2.8069990776202758e-11 
-0.8240000000000001 -3.162092809816386e-11 
-0.8220000000000001 -3.481614996303506e-11 
-0.8200000000000001 -3.7624570126126855e-11 
-0.8180000000000001 -4.001776687800884e-11 
-0.8160000000000001 -4.197620029344762e-11 
-0.8140000000000001 -4.348343907167873e-11 
-0.812 -4.452571644719683e-11 
-0.81 -4.509770334948371e-11 
-0.808 -4.519895568932952e-11 
-0.806 -4.483213800199337e-11 
-0.804 -4.4004799804042705e-11 
-0.802 -4.2731596039402575e-11 
-0.8 -4.1024961205948784e-11 
-0.798 -3.8908876121013236e-11 
-0.796 -3.6409097958767234e-11 
-0.794 -3.354738709049343e-11 
-0.792 -3.036104700981923e-11 
-0.79 -2.687938760459474e-11 
-0.788 -2.3141932814496613e-11 
-0.786 -1.9178880705794654e-11 
-0.784 -1.503508428868372e-11 
-0.782 -1.0749179324420766e-11 
-0.78 -6.360689752682447e-12 
-0.778 -1.9118040484045196e-12 
-0.776 2.5566215811068105e-12 
-0.774 7.006395463804438e-12 
-0.772 1.1396217303172307e-11 
-0.77 1.5688783605583012e-11 
-0.768 1.9843682252940198e-11 
-0.766 2.382938291134451e-11 
-0.764 2.7612578890057193e-11 
-0.762 3.1158187141500093e-11 
-0.76 3.4440006402292056e-11 
-0.758 3.743272358747163e-11 
-0.756 4.0110137433657655e-11 
-0.754 4.2454484372456136e-11 
-0.752 4.444933310310262e-11 
-0.75 4.6072923254314446e-11 
-0.748 4.732125802320297e-11 
-0.746 4.8186787893200744e-11 
-0.744 4.866107516932061e-11 
-0.742 4.874278758393302e-11 
-0.74 4.843414558308723e-11 
-0.738 4.774047823730143e-11 
-0.736 4.666844688472338e-11 
-0.734 4.5224712863500827e-11 
-0.732 4.3431036544916424e-11 
-0.73 4.1299852426845973e-11 
-0.728 3.8842262739535727e-11 
-0.726 3.608535692478654e-11 
-0.724 3.304911899704166e-11 
-0.722 2.9759750219682246e-11 
-0.72 2.624078732083035e-11 
-0.718 2.2520652009916375e-11 
-0.716 1.8626433728741176e-11 
-0.714 1.4590550989623807e-11 
-0.712 1.0437428699106022e-11 
-0.71 6.204814440025075e-12 
-0.708 1.921129921811371e-12 
-0.706 -2.3883117705736367e-12 
-0.704 -6.680878072984342e-12 
-0.702 -1.0937473149397192e-11 
-0.7 -1.5125678487493133e-11 
-0.698 -1.920996695048416e-11 
-0.696 -2.3169466345507317e-11 
-0.694 -2.6970869981823853e-11 
-0.692 -3.0595082023410214e-11 
-0.69 -3.4012348493206446e-11 
-0.688 -3.7200020841510195e-11 
-0.6859999999999999 -4.014033549992746e-11 
-0.6839999999999999 -4.281552890006424e-11 
-0.6819999999999999 -4.5203396581428024e-11 
-0.6799999999999999 -4.729239222456272e-11 
-0.6779999999999999 -4.906919315317282e-11 
-0.6759999999999999 -5.051870033412342e-11 
-0.6739999999999999 -5.164002558899483e-11 
-0.6719999999999999 -5.241940215228169e-11 
-0.6699999999999999 -5.285905047003325e-11 
-0.6679999999999999 -5.2952753293311616e-11 
-0.6659999999999999 -5.270361924658573e-11 
-0.6639999999999999 -5.21080956161768e-11 
-0.6619999999999999 -5.1179060989170466e-11 
-0.6599999999999999 -4.992006807924554e-11 
-0.6579999999999999 -4.8340442759808866e-11 
-0.6559999999999999 -4.64495109042673e-11 
-0.6539999999999999 -4.425970701049664e-11 
-0.6519999999999999 -4.178657420084164e-11 
-0.6499999999999999 -3.9049208311325856e-11 
-0.648 -3.6059599750615234e-11 
-0.646 -3.284172933604168e-11 
-0.644 -2.94124724575795e-11 
-0.642 -2.5795365843350737e-11 
-0.64 -2.2013058043057754e-11 
-0.638 -1.80873094279832e-11 
-0.636 -1.404121263703928e-11 
-0.634 -9.904965736495797e-12 
-0.632 -5.700329097635404e-12 
-0.63 -1.4490630917407543e-12 
-0.628 2.816413768869097e-12 
-0.626 7.079226094219848e-12 
-0.624 1.1307843550412144e-11 
-0.622 1.5478729409323932e-11 
-0.62 1.956657058599376e-11 
-0.618 2.354916261992912e-11 
-0.616 2.7406965585896614e-11 
-0.614 3.1109337328416586e-11 
-0.612 3.4644287438823085e-11 
-0.61 3.7987391010574356e-11 
-0.608 4.11164435831779e-11 
-0.606 4.402078701559731e-11 
-0.604 4.667999320417948e-11 
-0.602 4.908073947262892e-11 
-0.6 5.120970314465012e-11 
-0.598 5.305533790078698e-11 
-0.596 5.460742968921295e-11 
-0.594 5.5857984904150726e-11 
-0.592 5.680167447508211e-11 
-0.59 5.74296166178101e-11 
-0.588 5.774269951075439e-11 
-0.586 5.773825861865589e-11 
-0.584 5.7418070298353996e-11 
-0.5820000000000001 5.6780802282219156e-11 
-0.5800000000000001 5.583533635444837e-11 
-0.5780000000000001 5.4581228425831796e-11 
-0.5760000000000001 5.303091299424523e-11 
-0.5740000000000001 5.118838686257732e-11 
-0.5720000000000001 4.906608452870387e-11 
-0.5700000000000001 4.667688457971053e-11 
-0.5680000000000001 4.4033443558078034e-11 
-0.5660000000000001 4.114864005089203e-11 
-0.5640000000000001 3.8038905358916963e-11 
-0.562 3.4717118069238495e-11 
-0.56 3.12079251330033e-11 
-0.558 2.7525315360321656e-11 
-0.556 2.3689272765636815e-11 
-0.554 1.9720447497206806e-11 
-0.552 1.5637269257240405e-11 
-0.55 1.1465495219908917e-11 
-0.548 7.222000775186643e-12 
-0.546 2.9332092310596636e-12 
-0.544 -1.38311584407802e-12 
-0.542 -5.701439320660029e-12 
-0.54 -1.0003775585687436e-11 
-0.538 -1.4266587911038187e-11 
-0.536 -1.8464785256355754e-11 
-0.534 -2.2580604053246134e-11 
-0.532 -2.6594948465685775e-11 
-0.53 -3.0484281765552623e-11 
-0.528 -3.422973016142805e-11 
-0.526 -3.781597257557223e-11 
-0.524 -4.121858410144341e-11 
-0.522 -4.442690659800519e-11 
-0.52 -4.742473080909804e-11 
-0.518 -5.019495930014273e-11 
-0.516 -5.2722270993399434e-11 
-0.514 -5.4999560461510555e-11 
-0.512 -5.701261684976089e-11 
-0.51 -5.875233632934851e-11 
-0.508 -6.020695053621239e-11 
-0.506 -6.137601538114268e-11 
-0.504 -6.225064907994238e-11 
-0.502 -6.282441233906866e-11 
-0.5 -6.30953067570772e-11 
-0.498 -6.306599686922709e-11 
-0.496 -6.273404018486417e-11 
-0.494 -6.210076897161798e-11 
-0.492 -6.117018003237717e-11 
-0.49 -5.994493790240085e-11 
-0.488 -5.843392436588601e-11 
-0.486 -5.6641358270326236e-11 
-0.484 -5.457612139991852e-11 
-0.482 -5.224842780648942e-11 
-0.48 -4.966937972028518e-11 
-0.478 -4.6850967549971756e-11 
-0.476 -4.3805847838029877e-11 
-0.474 -4.055178415285354e-11 
-0.472 -3.709788032324468e-11 
-0.47 -3.346212196220222e-11 
-0.46799999999999997 -2.966382695035463e-11 
-0.46599999999999997 -2.571831636544175e-11 
-0.46399999999999997 -2.1644019909672352e-11 
-0.46199999999999997 -1.7462919998934012e-11 
-0.45999999999999996 -1.318722908649761e-11 
-0.45799999999999996 -8.841594123509822e-12 
-0.45599999999999996 -4.4433345891548015e-12 
-0.45399999999999996 -1.5765166949677223e-14 
-0.45199999999999996 4.425793065365724e-12 
-0.44999999999999996 8.856249067434874e-12 
-0.44799999999999995 1.3255618824814519e-11 
-0.44599999999999995 1.7611245795023933e-11 
-0.44399999999999995 2.1896262580867187e-11 
-0.44199999999999995 2.609423788157983e-11 
-0.43999999999999995 3.0184299504298906e-11 
-0.43799999999999994 3.415245863891414e-11 
-0.43599999999999994 3.797606673572318e-11 
-0.43399999999999994 4.164046885080097e-11 
-0.43199999999999994 4.512767937114859e-11 
-0.42999999999999994 4.842659606651978e-11 
-0.42799999999999994 5.151767901168114e-11 
-0.42599999999999993 5.4389603931781494e-11 
-0.42399999999999993 5.7029714284340116e-11 
-0.42200000000000004 5.942224490240733e-11 
-0.42000000000000004 6.156242182697724e-11 
-0.41800000000000004 6.343725544866174e-11 
-0.41600000000000004 6.504086158543032e-11 
-0.41400000000000003 6.636380334157366e-11 
-0.41200000000000003 6.740130675808587e-11 
-0.41000000000000003 6.814870889826352e-11 
-0.40800000000000003 6.860156887000812e-11 
-0.406 6.875910951720243e-11 
-0.404 6.861944346070459e-11 
-0.402 6.818356990123675e-11 
-0.4 6.74539313294531e-11 
-0.398 6.643274819140288e-11 
-0.396 6.512368422306736e-11 
-0.394 6.353262360647705e-11 
-0.392 6.16662276797797e-11 
-0.39 5.953271209335753e-11 
-0.388 5.714140272061741e-11 
-0.386 5.450018214503416e-11 
-0.384 5.162226202060083e-11 
-0.382 4.8518744577563666e-11 
-0.38 4.5203507603730486e-11 
-0.378 4.1687431284742615e-11 
-0.376 3.798794612208667e-11 
-0.374 3.4121261371922174e-11 
-0.372 3.010114379975448e-11 
-0.37 2.5944912884767746e-11 
-0.368 2.1671220373775668e-11 
-0.366 1.729594245603039e-11 
-0.364 1.2838063945252998e-11 
-0.362 8.316458632862123e-12 
-0.36 3.750888488696091e-12 
-0.358 -8.422151864806438e-13 
-0.356 -5.443978601249455e-12 
-0.354 -1.003308547353754e-11 
-0.352 -1.4590995078833657e-11 
-0.35 -1.9100832027163506e-11 
-0.348 -2.3541446569907976e-11 
-0.346 -2.7895630250185377e-11 
-0.344 -3.214706278953372e-11 
-0.34199999999999997 -3.6275815684660984e-11 
-0.33999999999999997 -4.026645683552488e-11 
-0.33799999999999997 -4.41012226737314e-11 
-0.33599999999999997 -4.776590234456535e-11 
-0.33399999999999996 -5.124511925913566e-11 
-0.33199999999999996 -5.452266416128282e-11 
-0.32999999999999996 -5.758776788766795e-11 
-0.32799999999999996 -6.04261085612734e-11 
-0.32599999999999996 -6.302808275293614e-11 
-0.32399999999999995 -6.538031227520946e-11 
-0.32199999999999995 -6.747302716547665e-11 
-0.31999999999999995 -6.930012119710227e-11 
-0.31799999999999995 -7.085260156358686e-11 
-0.31599999999999995 -7.212325181527035e-11 
-0.31399999999999995 -7.310829719386902e-11 
-0.31199999999999994 -7.380315802940629e-11 
-0.30999999999999994 -7.420467018626198e-11 
-0.30799999999999994 -7.430925319518167e-11 
-0.30599999999999994 -7.411862790185353e-11 
-0.30399999999999994 -7.363318288433618e-11 
-0.30199999999999994 -7.285294589820523e-11 
-0.29999999999999993 -7.178116434580772e-11 
-0.29799999999999993 -7.042347260899362e-11 
-0.29600000000000004 -6.87837287127735e-11 
-0.29400000000000004 -6.686790010590471e-11 
-0.29200000000000004 -6.46829811934424e-11 
-0.29000000000000004 -6.223989379439132e-11 
-0.28800000000000003 -5.95452714913236e-11 
-0.28600000000000003 -5.6610258147848924e-11 
-0.28400000000000003 -5.3446025383152573e-11 
-0.28200000000000003 -5.0066450985042366e-11 
-0.28 -4.648229717796326e-11 
-0.278 -4.271022424617854e-11 
-0.276 -3.876161891458452e-11 
-0.274 -3.46536879053394e-11 
-0.272 -3.040204850021655e-11 
-0.27 -2.602276900909306e-11 
-0.268 -2.153334108245808e-11 
-0.266 -1.6951086367900103e-11 
-0.264 -1.2292764028920544e-11 
-0.262 -7.578208893743721e-12 
-0.26 -2.8232693960461575e-12 
-0.258 1.9511336990518657e-12 
-0.256 6.7273686621405204e-12 
-0.254 1.1488018869521e-11 
-0.252 1.6214474207743024e-11 
-0.25 2.0886958829180458e-11 
-0.248 2.5488000598983263e-11 
-0.246 3.00003077935429e-11 
-0.244 3.4405922555436064e-11 
-0.242 3.86887744063813e-11 
-0.24 4.2831793667374995e-11 
-0.238 4.6818965371286936e-11 
-0.236 5.063441332886498e-11 
-0.23399999999999999 5.4263871174242695e-11 
-0.23199999999999998 5.769229538543641e-11 
-0.22999999999999998 6.090727922014594e-11 
-0.22799999999999998 6.389788698157872e-11 
-0.22599999999999998 6.664940821465848e-11 
-0.22399999999999998 6.915257255712959e-11 
-0.22199999999999998 7.13980541355852e-11 
-0.21999999999999997 7.33755278758963e-11 
-0.21799999999999997 7.507949817409099e-11 
-0.21599999999999997 7.650152733518212e-11 
-0.21399999999999997 7.763722997822242e-11 
-0.21199999999999997 7.848149907729862e-11 
-0.20999999999999996 7.902928311764867e-11 
-0.20799999999999996 7.928069312157504e-11 
-0.20599999999999996 7.923262046460877e-11 
-0.20399999999999996 7.888695252589173e-11 
-0.20199999999999996 7.824246806009683e-11 
-0.19999999999999996 7.730371898162502e-11 
-0.19799999999999995 7.607126040198864e-11 
-0.19599999999999995 7.455114303667187e-11 
-0.19399999999999995 7.274919555655401e-11 
-0.19199999999999995 7.06704694763971e-11 
-0.18999999999999995 6.832384658039814e-11 
-0.18799999999999994 6.571776456354428e-11 
-0.18599999999999994 6.286093867657883e-11 
-0.18399999999999994 5.976336092672341e-11 
-0.18199999999999994 5.643818745681983e-11 
-0.17999999999999994 5.289679805287051e-11 
-0.17799999999999994 4.9151571701600005e-11 
-0.17599999999999993 4.521782948074815e-11 
-0.17399999999999993 4.1108783044307984e-11 
-0.17199999999999993 3.684053062613657e-11 
-0.16999999999999993 3.2427505125554035e-11 
-0.16799999999999993 2.7887692155559307e-11 
-0.16600000000000004 2.323630177158975e-11 
-0.16400000000000003 1.849242980966892e-11 
-0.16200000000000003 1.367139734753664e-11 
-0.16000000000000003 8.791856132006615e-12 
-0.15800000000000003 3.8727909767999336e-12 
-0.15600000000000003 -1.067701482782013e-12 
-0.15400000000000003 -6.01219074525261e-12 
-0.15200000000000002 -1.0942913242217855e-11 
-0.15000000000000002 -1.5838996780814796e-11 
-0.14800000000000002 -2.068489823869868e-11 
-0.14600000000000002 -2.5461188712938565e-11 
-0.14400000000000002 -3.015043770204784e-11 
-0.14200000000000002 -3.473643594986697e-11 
-0.14 -3.920030966497734e-11 
-0.138 -4.3526404702731725e-11 
-0.136 -4.76985118069706e-11 
-0.134 -5.170119887765168e-11 
-0.132 -5.5519921993152366e-11 
-0.13 -5.913980416494269e-11 
-0.128 -6.25470786275173e-11 
-0.126 -6.572942190530284e-11 
-0.124 -6.867584279035555e-11 
-0.122 -7.137401780710206e-11 
-0.12 -7.381395494832077e-11 
-0.118 -7.59875495859319e-11 
-0.11599999999999999 -7.788558686883107e-11 
-0.11399999999999999 -7.950062830275328e-11 
-0.11199999999999999 -8.08277889063902e-11 
-0.10999999999999999 -8.186118449771129e-11 
-0.10799999999999998 -8.259637418461807e-11 
-0.10599999999999998 -8.303102649875882e-11 
-0.10399999999999998 -8.316358712789906e-11 
-0.10199999999999998 -8.299183562598955e-11 
-0.09999999999999998 -8.251821448368446e-11 
-0.09799999999999998 -8.174305676789118e-11 
-0.09599999999999997 -8.066858292465895e-11 
-0.09399999999999997 -7.929867873457397e-11 
-0.09199999999999997 -7.76387842904569e-11 
-0.08999999999999997 -7.569445070743086e-11 
-0.08799999999999997 -7.347211727903868e-11 
-0.08599999999999997 -7.098133192329215e-11 
-0.08399999999999996 -6.82278677999193e-11 
-0.08199999999999996 -6.522438145140086e-11 
-0.07999999999999996 -6.19798656842363e-11 
-0.07799999999999996 -5.850708806320881e-11 
-0.07599999999999996 -5.481803899698434e-11 
-0.07399999999999995 -5.092559707264854e-11 
-0.07199999999999995 -4.6845194390243705e-11 
-0.06999999999999995 -4.2589931581460405e-11 
-0.06799999999999995 -3.817512972403847e-11 
-0.06599999999999995 -3.3619107497884215e-11 
-0.06399999999999995 -2.893507655699068e-11 
-0.061999999999999944 -2.414179967047403e-11 
-0.05999999999999994 -1.9256485295215953e-11 
-0.05799999999999994 -1.4296674955005528e-11 
-0.05599999999999994 -9.280687329749071e-12 
-0.05399999999999994 -4.225286787118421e-12 
-0.051999999999999935 8.492095915357822e-13 
-0.04999999999999993 5.9261484608441606e-12 
-0.04799999999999993 1.0985434784060999e-11 
-0.04599999999999993 1.6010082148909532e-11 
-0.04399999999999993 2.098110574166867e-11 
-0.041999999999999926 2.5880853016246874e-11 
-0.040000000000000036 3.069100529273783e-11 
-0.038000000000000034 3.5395353314982e-11 
-0.03600000000000003 3.997480124695585e-11 
-0.03400000000000003 4.441358392170969e-11 
-0.03200000000000003 4.869593617229384e-11 
-0.030000000000000027 5.280564874254878e-11 
-0.028000000000000025 5.6727733621642074e-11 
-0.026000000000000023 6.044764688795112e-11 
-0.02400000000000002 6.395384222201983e-11 
-0.02200000000000002 6.723044343459605e-11 
-0.020000000000000018 7.026668136234093e-11 
-0.018000000000000016 7.30517868419156e-11 
-0.016000000000000014 7.557510173228366e-11 
-0.014000000000000012 7.782785527155056e-11 
-0.01200000000000001 7.980105465321685e-11 
-0.010000000000000009 8.148759444992493e-11 
-0.008000000000000007 8.288159047964427e-11 
-0.006000000000000005 8.397660344883207e-11 
-0.0040000000000000036 8.476963575532181e-11 
-0.0020000000000000018 8.525813388615688e-11 
0.0 8.543810103844862e-11 
0.0020000000000000018 8.531042539061673e-11 
0.0040000000000000036 8.487432978654397e-11 
0.006000000000000005 8.413225671688451e-11 
0.008000000000000007 8.308642662768762e-11 
0.010000000000000009 8.173950405421238e-11 
0.01200000000000001 8.009748420079177e-11 
0.014000000000000012 7.81648079595243e-11 
0.016000000000000014 7.594991302539711e-11 
0.018000000000000016 7.345835051353333e-11 
0.020000000000000018 7.07027769664137e-11 
0.02200000000000002 6.768785532074162e-11 
0.02400000000000002 6.442935074346678e-11 
0.026000000000000023 6.093547888497142e-11 
0.028000000000000025 5.722067264457564e-11 
0.030000000000000027 5.329758856476019e-11 
0.03200000000000003 4.917999341103041e-11 
0.03400000000000003 4.488320826112613e-11 
0.03600000000000003 4.0422110103577324e-11 
0.038000000000000034 3.5813796372963225e-11 
0.040000000000000036 3.1074032236233506e-11 
0.04200000000000004 2.6220803306387097e-11 
0.04400000000000004 2.127054088418845e-11 
0.04600000000000004 1.624123058263649e-11 
0.04800000000000004 1.1151968237754772e-11 
0.050000000000000044 6.020961507147149e-12 
0.052000000000000046 8.666400930223972e-13 
0.05400000000000005 -4.292122213200855e-12 
0.05600000000000005 -9.438005932338456e-12 
0.05800000000000005 -1.4550138871527452e-11 
0.06000000000000005 -1.9611423596188615e-11 
0.062000000000000055 -2.460298631490332e-11 
0.06400000000000006 -2.950706345927756e-11 
0.06600000000000006 -3.430433714868286e-11 
0.06800000000000006 -3.897837608235477e-11 
0.07000000000000006 -4.3512748959528835e-11 
0.07200000000000006 -4.78901363010209e-11 
0.07400000000000007 -5.209410680606652e-11 
0.07600000000000007 -5.611111575376526e-11 
0.07800000000000007 -5.992428775414282e-11 
0.08000000000000007 -6.351985604169386e-11 
0.08200000000000007 -6.688649634156718e-11 
0.08400000000000007 -7.000977575444267e-11 
0.08600000000000008 -7.287992431770363e-11 
0.08800000000000008 -7.548472957807917e-11 
0.09000000000000008 -7.781686406360677e-11 
0.09200000000000008 -7.986422634331802e-11 
0.09400000000000008 -8.162226450281196e-11 
0.09600000000000009 -8.308287391400881e-11 
0.09800000000000009 -8.424150266250763e-11 
0.10000000000000009 -8.509359883390744e-11 
0.10200000000000009 -8.56348325584122e-11 
0.10400000000000009 -8.586487076911453e-11 
0.1060000000000001 -8.578049381924302e-11 
0.1080000000000001 -8.538381113254445e-11 
0.1100000000000001 -8.467626599895084e-11 
0.1120000000000001 -8.36593017083942e-11 
0.1140000000000001 -8.233647097455332e-11 
0.1160000000000001 -8.07134359348538e-11 
0.1180000000000001 -7.879474850369661e-11 
0.1200000000000001 -7.658818024225411e-11 
0.12200000000000011 -7.410227986781592e-11 
0.12400000000000011 -7.13445968969495e-11 
0.1260000000000001 -6.832656662680847e-11 
0.1280000000000001 -6.505795902000955e-11 
0.13000000000000012 -6.155143061903345e-11 
0.13200000000000012 -5.781952694405845e-11 
0.13400000000000012 -5.3876458849799747e-11 
0.13600000000000012 -4.973554901255284e-11 
0.13800000000000012 -4.541378384459449e-11 
0.14000000000000012 -4.092504113373252e-11 
0.14200000000000013 -3.6286973426058466e-11 
0.14400000000000013 -3.1516234066941706e-11 
0.14600000000000013 -2.663091969168363e-11 
0.14800000000000013 -2.1648682846375777e-11 
0.15000000000000013 -1.658717607710969e-11 
0.15200000000000014 -1.146693850984093e-11 
0.15399999999999991 -6.3044014453339514e-12 
0.15599999999999992 -1.1209921879640206e-12 
0.15799999999999992 4.064304448547773e-12 
0.15999999999999992 9.234502051924665e-12 
0.16199999999999992 1.4368395362396313e-11 
0.16399999999999992 1.9447221610846555e-11 
0.16599999999999993 2.4451773938949373e-11 
0.16799999999999993 2.9365176956730465e-11 
0.16999999999999993 3.416744664974658e-11 
0.17199999999999993 3.883982024888155e-11 
0.17399999999999993 4.336730974330294e-11 
0.17599999999999993 4.7731374408499505e-11 
0.17799999999999994 5.191624907752157e-11 
0.17999999999999994 5.590583551651207e-11 
0.18199999999999994 5.968558980384842e-11 
0.18399999999999994 6.324163415172279e-11 
0.18599999999999994 6.655975770542e-11 
0.18799999999999994 6.962763698936669e-11 
0.18999999999999995 7.243439181792155e-11 
0.19199999999999995 7.496825382702355e-11 
0.19399999999999995 7.722034123247568e-11 
0.19599999999999995 7.918288247310556e-11 
0.19799999999999995 8.08464406532039e-11 
0.19999999999999996 8.220635283606725e-11 
0.20199999999999996 8.325640177275773e-11 
0.20399999999999996 8.399403395031868e-11 
0.20599999999999996 8.441491949895408e-11 
0.20799999999999996 8.45167269503122e-11 
0.20999999999999996 8.430145470583739e-11 
0.21199999999999997 8.376754845329515e-11 
0.21399999999999997 8.291811681715444e-11 
0.21599999999999997 8.175593535497683e-11 
0.21799999999999997 8.028566700346573e-11 
0.21999999999999997 7.851197469932458e-11 
0.22199999999999998 7.644196386991098e-11 
0.22399999999999998 7.408285096488498e-11 
0.22599999999999998 7.144573821449285e-11 
0.22799999999999998 6.853762002378971e-11 
0.22999999999999998 6.537126395755877e-11 
0.23199999999999998 6.195866042446596e-11 
0.23399999999999999 5.83113557439674e-11 
0.236 5.4444782016105364e-11 
0.238 5.037348316250245e-11 
0.24 4.611222514938618e-11 
0.242 4.1677328255218526e-11 
0.244 3.7086556048393504e-11 
0.246 3.2356450851978025e-11 
0.248 2.750610850199564e-11 
0.25 2.2553847678352668e-11 
0.252 1.751843115016527e-11 
0.254 1.2419287820364389e-11 
0.256 7.276956814905589e-12 
0.258 2.1096457913927225e-12 
0.26 -3.0615510127063317e-12 
0.262 -8.216316516040933e-12 
0.264 -1.333555488258753e-11 
0.266 -1.8398615964088094e-11 
0.268 -2.3386070857611685e-11 
0.27 -2.827971190555445e-11 
0.272 -3.30578897589362e-11 
0.274 -3.7704395161597404e-11 
0.276 -4.2199743699455894e-11 
0.278 -4.652600527066397e-11 
0.28 -5.0667525730574425e-11 
0.28200000000000003 -5.460709662230556e-11 
0.28400000000000003 -5.832945237926879e-11 
0.28600000000000003 -6.181999356869028e-11 
0.28800000000000003 -6.506500893621592e-11 
0.29000000000000004 -6.805012109367681e-11 
0.29200000000000004 -7.076622621227102e-11 
0.29400000000000004 -7.32006122383666e-11 
0.29600000000000004 -7.5343786765103e-11 
0.29800000000000004 -7.7187534142098e-11 
0.30000000000000004 -7.87244158750866e-11 
0.30200000000000005 -7.994888084894569e-11 
0.30400000000000005 -8.085493385934228e-11 
0.30600000000000005 -8.143796748072418e-11 
0.30800000000000005 -8.169759313503278e-11 
0.31000000000000005 -8.163242304348728e-11 
0.31200000000000006 -8.124095840500445e-11 
0.31400000000000006 -8.052597477714585e-11 
0.31600000000000006 -7.949008118401935e-11 
0.31800000000000006 -7.813732993966482e-11 
0.32000000000000006 -7.647227295848325e-11 
0.32200000000000006 -7.450151606747113e-11 
0.32400000000000007 -7.223477371809395e-11 
0.32600000000000007 -6.96791513377093e-11 
0.32800000000000007 -6.684430786663142e-11 
0.33000000000000007 -6.374306638079474e-11 
0.3320000000000001 -6.038772260019698e-11 
0.3340000000000001 -5.679215431264595e-11 
0.3360000000000001 -5.296962868328592e-11 
0.3380000000000001 -4.8935050456222484e-11 
0.3400000000000001 -4.4707459956327966e-11 
0.3420000000000001 -4.030117906062003e-11 
0.3440000000000001 -3.573605300566385e-11 
0.3460000000000001 -3.1029540048521653e-11 
0.3480000000000001 -2.620154093690985e-11 
0.3500000000000001 -2.127206744084731e-11 
0.3520000000000001 -1.6258994151030493e-11 
0.3540000000000001 -1.1186579440547462e-11 
0.3560000000000001 -6.073100355941108e-12 
0.3580000000000001 -9.39651134679309e-13 
0.3600000000000001 4.191411107079546e-12 
0.3620000000000001 9.298561920445536e-12 
0.3640000000000001 1.4361803413187602e-11 
0.3660000000000001 1.9359791547657323e-11 
0.3680000000000001 2.4271536169795382e-11 
0.3700000000000001 2.9076373253555943e-11 
0.3720000000000001 3.3754003064823124e-11 
0.3740000000000001 3.828536099259594e-11 
0.3760000000000001 4.265021842642103e-11 
0.3780000000000001 4.683255302659339e-11 
0.3800000000000001 5.081275331053625e-11 
0.3820000000000001 5.457384891216499e-11 
0.3840000000000001 5.810030928588006e-11 
0.3860000000000001 6.137721580978805e-11 
0.3880000000000001 6.439095090460256e-11 
0.3900000000000001 6.712706779321564e-11 
0.3920000000000001 6.957534548490685e-11 
0.39400000000000013 7.172469562721773e-11 
0.39600000000000013 7.356593112461951e-11 
0.39800000000000013 7.509010080397616e-11 
0.40000000000000013 7.629150089449865e-11 
0.40200000000000014 7.716452476991265e-11 
0.40400000000000014 7.770512011617825e-11 
0.40600000000000014 7.791023381997775e-11 
0.4079999999999999 7.777967159228183e-11 
0.4099999999999999 7.731282281042695e-11 
0.4119999999999999 7.65123242540966e-11 
0.4139999999999999 7.538084045854987e-11 
0.4159999999999999 7.392308987164142e-11 
0.4179999999999999 7.214548403133847e-11 
0.41999999999999993 7.005415691985206e-11 
0.42199999999999993 6.766043281203338e-11 
0.42399999999999993 6.49735265589868e-11 
0.42599999999999993 6.200390201271944e-11 
0.42799999999999994 5.87658255390977e-11 
0.42999999999999994 5.527261981441711e-11 
0.43199999999999994 5.15401610279298e-11 
0.43399999999999994 4.7583548212770665e-11 
0.43599999999999994 4.34210445376948e-11 
0.43799999999999994 3.9072134416784365e-11 
0.43999999999999995 3.455319363965259e-11 
0.44199999999999995 2.98866487113969e-11 
0.44399999999999995 2.5091151378831e-11 
0.44599999999999995 2.0190793481589253e-11 
0.44799999999999995 1.5204837389148906e-11 
0.44999999999999996 1.0158096586110332e-11 
0.45199999999999996 5.07127673188279e-12 
0.45399999999999996 -3.269606807521086e-14 
0.45599999999999996 -5.128952818012067e-12 
0.45799999999999996 -1.0195178035132813e-11 
0.45999999999999996 -1.5208667658583863e-11 
0.46199999999999997 -2.0146384560604247e-11 
0.46399999999999997 -2.4985014057676835e-11 
0.46599999999999997 -2.970329537888006e-11 
0.46799999999999997 -3.427852446336033e-11 
0.47 -3.869049525206947e-11 
0.472 -4.2917336351422364e-11 
0.474 -4.694034050345408e-11 
0.476 -5.073885755990659e-11 
0.478 -5.4297788487644993e-11 
0.48 -5.759781540604081e-11 
0.482 -6.062539359419361e-11 
0.484 -6.336398072903648e-11 
0.486 -6.58009202680887e-11 
0.488 -6.792555407031386e-11 
0.49 -6.9724448437114e-11 
0.492 -7.119238532027339e-11 
0.494 -7.232037191329255e-11 
0.496 -7.310219096723358e-11 
0.498 -7.353295750078814e-11 
0.5 -7.361378173698085e-11 
0.502 -7.33396676722009e-11 
0.504 -7.271316881940493e-11 
0.506 -7.173550642392001e-11 
0.508 -7.041334182389392e-11 
0.51 -6.875167102293744e-11 
0.512 -6.675648922538358e-11 
0.514 -6.443923172838595e-11 
0.516 -6.180966849456127e-11 
0.518 -5.887956788797055e-11 
0.52 -5.56643620086561e-11 
0.522 -5.2178150689030645e-11 
0.524 -4.8438808519790655e-11 
0.526 -4.4464210091632594e-11 
0.528 -4.027222999525293e-11 
0.53 -3.588507269114416e-11 
0.532 -3.1324609572891404e-11 
0.534 -2.6611157721845302e-11 
0.536 -2.1771251468294395e-11 
0.538 -1.6826984250428723e-11 
0.54 -1.1803336086302352e-11 
0.542 -6.7266192615988984e-12 
0.544 -1.6219248166748912e-12 
0.546 3.4861002973229915e-12 
0.548 8.567813125637258e-12 
0.55 1.3600898185472943e-11 
0.552 1.855637865588733e-11 
0.554 2.3410384741850976e-11 
0.556 2.8137048246890117e-11 
0.558 3.271150017525315e-11 
0.56 3.710964868730571e-11 
0.562 4.13071798988085e-11 
0.5640000000000001 4.5282888549991185e-11 
0.5660000000000001 4.901457018036126e-11 
0.5680000000000001 5.24824628200804e-11 
0.5700000000000001 5.56679147223349e-11 
0.5720000000000001 5.855138596189136e-11 
0.5740000000000001 6.112021999626904e-11 
0.5760000000000001 6.335709734628381e-11 
0.5780000000000001 6.524980555866478e-11 
0.5800000000000001 6.678790853698047e-11 
0.5820000000000001 6.796341267545358e-11 
0.5840000000000001 6.87672141452822e-11 
0.5860000000000001 6.91939838759481e-11 
0.5880000000000001 6.924172346600699e-11 
0.5900000000000001 6.890799042480467e-11 
0.5920000000000001 6.819478315378547e-11 
0.5940000000000001 6.710498823281341e-11 
0.5960000000000001 6.564282450938208e-11 
0.5980000000000001 6.381606354466385e-11 
0.6000000000000001 6.163447530127542e-11 
0.6020000000000001 5.910805178643841e-11 
0.6040000000000001 5.6251225899472956e-11 
0.6060000000000001 5.307954076272381e-11 
0.6080000000000001 4.960853949853572e-11 
0.6100000000000001 4.585865021056179e-11 
0.6120000000000001 4.18491907794305e-11 
0.6140000000000001 3.76036979332639e-11 
0.6160000000000001 3.3145486355579123e-11 
0.6180000000000001 2.8499647086732693e-11 
0.6200000000000001 2.369304752392054e-11 
0.6220000000000001 1.875277710894352e-11 
0.6240000000000001 1.3707035506627108e-11 
0.6260000000000001 8.58557669403126e-12 
0.6280000000000001 3.419264871240557e-12 
0.6300000000000001 -1.7632562077096736e-12 
0.6320000000000001 -6.930678253525002e-12 
0.6340000000000001 -1.2050138664676524e-11 
0.6360000000000001 -1.7094103910153535e-11 
0.6380000000000001 -2.2028601165402506e-11 
0.6400000000000001 -2.6826096899412732e-11 
0.6420000000000001 -3.145417259986516e-11 
0.6440000000000001 -3.588729313719341e-11 
0.6460000000000001 -4.0095038400522753e-11 
0.6480000000000001 -4.405142917107696e-11 
0.6500000000000001 -4.773159645310443e-11 
0.6520000000000001 -5.111133738466833e-11 
0.6540000000000001 -5.416866954988109e-11 
0.6560000000000001 -5.688249871127482e-11 
0.6580000000000001 -5.923550538966538e-11 
0.6600000000000001 -6.120925988284398e-11 
0.6620000000000001 -6.279221587135453e-11 
0.6640000000000001 -6.397238294653107e-11 
0.6659999999999999 -6.473954705654705e-11 
0.6679999999999999 -6.50877129970695e-11 
0.6699999999999999 -6.501355009902454e-11 
0.6719999999999999 -6.451417178254815e-11 
0.6739999999999999 -6.359224258289942e-11 
0.6759999999999999 -6.2251759302967e-11 
0.6779999999999999 -6.050049350392328e-11 
0.6799999999999999 -5.834577265773078e-11 
0.6819999999999999 -5.5804028065153943e-11 
0.6839999999999999 -5.288702809025381e-11 
0.6859999999999999 -4.9614978792078546e-11 
0.688 -4.600742009586156e-11 
0.69 -4.2087666685119984e-11 
0.692 -3.788125368942019e-11 
0.694 -3.341593668437781e-11 
0.696 -2.8721691691657725e-11 
0.698 -2.3827828599110035e-11 
0.7 -1.8770318632732597e-11 
0.702 -1.3582024394054315e-11 
0.704 -8.300693465912445e-12 
0.706 -2.9622970743048427e-12 
0.708 2.396305376350938e-12 
0.71 7.734479723353616e-12 
0.712 1.301470042847086e-11 
0.714 1.8200108087285116e-11 
0.716 2.3248736269465553e-11 
0.718 2.812261534756999e-11 
0.72 3.278799454164982e-11 
0.722 3.720734831347272e-11 
0.724 4.134603770467038e-11 
0.726 4.5170311935294194e-11 
0.728 4.865130520670391e-11 
0.73 5.176015172025927e-11 
0.732 5.446798567732003e-11 
0.734 5.675415692962815e-11 
0.736 5.859734919511084e-11 
0.738 5.998068708379378e-11 
0.74 6.089129200859134e-11 
0.742 6.131650742702277e-11 
0.744 6.125033813475511e-11 
0.746 6.069167390876373e-11 
0.748 5.964095883825848e-11 
0.75 5.810218972612802e-11 
0.752 5.608602471340873e-11 
0.754 5.3605786476396133e-11 
0.756 5.0677240182039895e-11 
0.758 4.73232564246473e-11 
0.76 4.356714988773547e-11 
0.762 3.943911863757421e-11 
0.764 3.497335754332198e-11 
0.766 3.020117489427321e-11 
0.768 2.5166313477598123e-11 
0.77 1.9906520876133982e-11 
0.772 1.447064690296429e-11 
0.774 8.902212300654355e-12 
0.776 3.2502889268926083e-12 
0.778 -2.432720691558643e-12 
0.78 -8.099299009245442e-12 
0.782 -1.369171442888728e-11 
0.784 -1.9164669851079452e-11 
0.786 -2.44599895893316e-11 
0.788 -2.9531044276609464e-11 
0.79 -3.432409911852119e-11 
0.792 -3.879430110487192e-11 
0.794 -4.289191224415845e-11 
0.796 -4.657785268591397e-11 
0.798 -4.980815759836332e-11 
0.8 -5.255040846918746e-11 
0.802 -5.477085451843777e-11 
0.804 -5.643885359063461e-11 
0.806 -5.753530984975441e-11 
0.808 -5.8044236084242584e-11 
0.81 -5.795142143938392e-11 
0.812 -5.724887230940112e-11 
0.8140000000000001 -5.594413821086164e-11 
0.8160000000000001 -5.404032776823442e-11 
0.8180000000000001 -5.155298410386422e-11 
0.8200000000000001 -4.849942669693519e-11 
0.8220000000000001 -4.490807725687773e-11 
0.8240000000000001 -4.0812686563640455e-11 
0.8260000000000001 -3.625455491373941e-11 
0.8280000000000001 -3.127587078211036e-11 
0.8300000000000001 -2.5929924873935306e-11 
0.8320000000000001 -2.027533696491446e-11 
0.8340000000000001 -1.4369838652328326e-11 
0.8360000000000001 -8.283596031333218e-12 
0.8380000000000001 -2.084554751036194e-12 
0.8400000000000001 4.1526782013079355e-12 
0.8420000000000001 1.035349583844436e-11 
0.8440000000000001 1.6441514816278868e-11 
0.8460000000000001 2.233679907703845e-11 
0.8480000000000001 2.7966962079517543e-11 
0.8500000000000001 3.325117958752344e-11 
0.8520000000000001 3.8120617773529375e-11 
0.8540000000000001 4.250022556107069e-11 
0.8560000000000001 4.632783046076838e-11 
0.8580000000000001 4.9544368607712386e-11 
0.8600000000000001 5.2094328850671445e-11 
0.8620000000000001 5.3932414090240854e-11 
0.8640000000000001 5.501998856516366e-11 
0.8660000000000001 5.5329962833639e-11 
0.8680000000000001 5.484501741648273e-11 
0.8700000000000001 5.35584909755471e-11 
0.8720000000000001 5.147171577846166e-11 
0.8740000000000001 4.86042317504598e-11 
0.8760000000000001 4.498534877939164e-11 
0.8780000000000001 4.065414671572398e-11 
0.8800000000000001 3.566391626463883e-11 
0.8820000000000001 3.008793214576144e-11 
0.8840000000000001 2.3994584097408733e-11 
0.8860000000000001 1.7479351299698465e-11 
0.8880000000000001 1.06403774680075e-11 
0.8900000000000001 3.5846881019097054e-12 
0.8920000000000001 -3.566036355096003e-12 
0.8940000000000001 -1.0694556351609208e-11 
0.8960000000000001 -1.766720103546504e-11 
0.8980000000000001 -2.4358293160275934e-11 
0.9000000000000001 -3.063593823071642e-11 
0.9020000000000001 -3.636646539462163e-11 
0.9040000000000001 -4.143441145743054e-11 
0.9060000000000001 -4.5711878726706345e-11 
0.9080000000000001 -4.9102943933121423e-11 
0.9100000000000001 -5.150813109366936e-11 
0.9120000000000001 -5.284928050741655e-11 
0.9140000000000001 -5.306866057708248e-11 
0.9160000000000001 -5.21267473629905e-11 
0.9180000000000001 -5.00111063672648e-11 
0.9199999999999999 -4.673017528489254e-11 
0.9219999999999999 -4.232569850159962e-11 
0.9239999999999999 -3.686340122044385e-11 
0.9259999999999999 -3.044231533522179e-11 
0.9279999999999999 -2.318989444916042e-11 
0.9299999999999999 -1.5262457964126952e-11 
0.9319999999999999 -6.844302902209165e-12 
0.9339999999999999 1.8482992913959606e-12 
0.9359999999999999 1.0586642673615643e-11 
0.938 1.9116264127205795e-11 
0.94 2.7177815553613982e-11 
0.942 3.4492853018264213e-11 
0.944 4.08024725118139e-11 
0.946 4.5842440954402264e-11 
0.948 4.937916742164816e-11 
0.95 5.120881496623042e-11 
0.952 5.1167070580504515e-11 
0.954 4.914957330015568e-11 
0.956 4.511679918550726e-11 
0.958 3.9111824889914715e-11 
0.96 3.126743308712321e-11 
0.962 2.1812773809415376e-11 
0.964 1.1086243034696963e-11 
0.966 -4.600764214046649e-13 
0.968 -1.227418167104588e-11 
0.97 -2.3700152951278142e-11 
0.972 -3.4003466709009444e-11 
0.974 -4.239097961544758e-11 
0.976 -4.8058002022344226e-11 
0.978 -5.0242032756386834e-11 
0.98 -4.830047473092236e-11 
0.982 -4.1807890482914445e-11 
0.984 -3.068745257905903e-11 
0.986 -1.5364598482392466e-11 
0.988 3.0242475190789264e-12 
0.99 2.2386981157751507e-11 
0.992 3.938449566476265e-11 
0.994 4.905675865529702e-11 
0.996 4.440225964685851e-11 
0.998 1.5853984791647235e-11 
