-1.0 4.831690603168681e-13 
-0.998 -2.575717417130363e-13 
-0.996 -3.765876499528531e-13 
-0.994 -2.540190280342358e-13 
-0.992 -7.815970093361102e-14 
-0.99 5.684341886080802e-14 
-0.988 1.3322676295501878e-13 
-0.986 1.545430450278218e-13 
-0.984 1.3145040611561853e-13 
-0.982 8.881784197001252e-14 
-0.98 3.019806626980426e-14 
-0.978 -1.0658141036401503e-14 
-0.976 -4.973799150320701e-14 
-0.974 -6.217248937900877e-14 
-0.972 -6.572520305780927e-14 
-0.97 -6.039613253960852e-14 
-0.968 -3.730349362740526e-14 
-0.966 -3.552713678800501e-15 
-0.964 1.5987211554602254e-14 
-0.962 3.907985046680551e-14 
-0.96 6.039613253960852e-14 
-0.958 7.460698725481052e-14 
-0.956 7.638334409421077e-14 
-0.954 7.460698725481052e-14 
-0.952 7.283063041541027e-14 
-0.95 6.394884621840902e-14 
-0.948 4.085620730620576e-14 
-0.946 2.6645352591003757e-14 
-0.944 1.2434497875801753e-14 
-0.942 -7.993605777301127e-15 
-0.94 -2.042810365310288e-14 
-0.938 -4.1744385725905886e-14 
-0.9359999999999999 -5.417888360170764e-14 
-0.9339999999999999 -6.217248937900877e-14 
-0.9319999999999999 -6.039613253960852e-14 
-0.9299999999999999 -6.750155989720952e-14 
-0.9279999999999999 -6.483702463810914e-14 
-0.926 -6.039613253960852e-14 
-0.924 -5.773159728050814e-14 
-0.922 -4.529709940470639e-14 
-0.92 -3.9968028886505635e-14 
-0.918 -2.930988785010413e-14 
-0.916 -1.9539925233402755e-14 
-0.914 -7.105427357601002e-15 
-0.912 4.440892098500626e-15 
-0.91 1.4210854715202004e-14 
-0.908 2.4868995751603507e-14 
-0.906 3.197442310920451e-14 
-0.904 4.1744385725905886e-14 
-0.902 4.973799150320701e-14 
-0.9 5.684341886080802e-14 
-0.898 6.128431095930864e-14 
-0.896 6.483702463810914e-14 
-0.894 6.927791673660977e-14 
-0.892 7.194245199571014e-14 
-0.89 7.72715225139109e-14 
-0.888 7.815970093361102e-14 
-0.886 7.993605777301127e-14 
-0.884 7.194245199571014e-14 
-0.882 6.927791673660977e-14 
-0.88 6.394884621840902e-14 
-0.878 5.684341886080802e-14 
-0.876 5.3290705182007514e-14 
-0.874 4.707345624410664e-14 
-0.872 3.730349362740526e-14 
-0.87 2.842170943040401e-14 
-0.868 1.9539925233402755e-14 
-0.866 7.105427357601002e-15 
-0.864 -5.329070518200751e-15 
-0.862 -1.1546319456101628e-14 
-0.86 -1.9539925233402755e-14 
-0.858 -3.108624468950438e-14 
-0.856 -4.085620730620576e-14 
-0.854 -4.973799150320701e-14 
-0.852 -5.5067062021407764e-14 
-0.85 -6.394884621840902e-14 
-0.848 -7.016609515630989e-14 
-0.846 -7.815970093361102e-14 
-0.844 -8.260059303211165e-14 
-0.842 -8.704148513061227e-14 
-0.84 -8.526512829121202e-14 
-0.838 -8.526512829121202e-14 
-0.836 -8.348877145181177e-14 
-0.834 -7.72715225139109e-14 
-0.832 -7.37188088351104e-14 
-0.83 -6.927791673660977e-14 
-0.828 -6.306066779870889e-14 
-0.826 -5.240252676230739e-14 
-0.8240000000000001 -4.263256414560601e-14 
-0.8220000000000001 -3.4638958368304884e-14 
-0.8200000000000001 -2.398081733190338e-14 
-0.8180000000000001 -1.2434497875801753e-14 
-0.8160000000000001 -1.7763568394002505e-15 
-0.8140000000000001 7.993605777301127e-15 
-0.812 1.9539925233402755e-14 
-0.81 2.930988785010413e-14 
-0.808 3.907985046680551e-14 
-0.806 4.707345624410664e-14 
-0.804 6.039613253960852e-14 
-0.802 6.306066779870889e-14 
-0.8 6.838973831690964e-14 
-0.798 7.37188088351104e-14 
-0.796 7.72715225139109e-14 
-0.794 7.549516567451064e-14 
-0.792 7.993605777301127e-14 
-0.79 7.993605777301127e-14 
-0.788 7.638334409421077e-14 
-0.786 7.460698725481052e-14 
-0.784 7.016609515630989e-14 
-0.782 6.572520305780927e-14 
-0.78 5.684341886080802e-14 
-0.778 5.3290705182007514e-14 
-0.776 4.1744385725905886e-14 
-0.774 3.6415315207705135e-14 
-0.772 2.6645352591003757e-14 
-0.77 2.042810365310288e-14 
-0.768 1.0658141036401503e-14 
-0.766 5.329070518200751e-15 
-0.764 -4.440892098500626e-15 
-0.762 -1.4210854715202004e-14 
-0.76 -1.865174681370263e-14 
-0.758 -3.197442310920451e-14 
-0.756 -3.375077994860476e-14 
-0.754 -4.085620730620576e-14 
-0.752 -4.1744385725905886e-14 
-0.75 -4.796163466380676e-14 
-0.748 -5.5067062021407764e-14 
-0.746 -5.240252676230739e-14 
-0.744 -5.417888360170764e-14 
-0.742 -5.240252676230739e-14 
-0.74 -5.5067062021407764e-14 
-0.738 -5.3290705182007514e-14 
-0.736 -4.707345624410664e-14 
-0.734 -4.884981308350689e-14 
-0.732 -4.085620730620576e-14 
-0.73 -3.8191672047105385e-14 
-0.728 -3.552713678800501e-14 
-0.726 -3.375077994860476e-14 
-0.724 -2.6645352591003757e-14 
-0.722 -1.687538997430238e-14 
-0.72 -1.509903313490213e-14 
-0.718 -1.0658141036401503e-14 
-0.716 -7.993605777301127e-15 
-0.714 8.881784197001252e-16 
-0.712 5.329070518200751e-15 
-0.71 4.440892098500626e-15 
-0.708 1.1546319456101628e-14 
-0.706 1.2434497875801753e-14 
-0.704 1.5987211554602254e-14 
-0.702 1.509903313490213e-14 
-0.7 1.2434497875801753e-14 
-0.698 1.7763568394002505e-14 
-0.696 1.2434497875801753e-14 
-0.694 1.687538997430238e-14 
-0.692 1.4210854715202004e-14 
-0.69 1.4210854715202004e-14 
-0.688 1.1546319456101628e-14 
-0.6859999999999999 1.1546319456101628e-14 
-0.6839999999999999 5.329070518200751e-15 
-0.6819999999999999 7.105427357601002e-15 
-0.6799999999999999 3.552713678800501e-15 
-0.6779999999999999 -1.7763568394002505e-15 
-0.6759999999999999 -3.552713678800501e-15 
-0.6739999999999999 -6.217248937900877e-15 
-0.6719999999999999 -9.769962616701378e-15 
-0.6699999999999999 -1.509903313490213e-14 
-0.6679999999999999 -1.554312234475219e-14 
-0.6659999999999999 -1.865174681370263e-14 
-0.6639999999999999 -1.865174681370263e-14 
-0.6619999999999999 -1.8207657603852567e-14 
-0.6599999999999999 -2.220446049250313e-14 
-0.6579999999999999 -2.398081733190338e-14 
-0.6559999999999999 -2.1316282072803006e-14 
-0.6539999999999999 -2.220446049250313e-14 
-0.6519999999999999 -1.9984014443252818e-14 
-0.6499999999999999 -1.687538997430238e-14 
-0.648 -1.5987211554602254e-14 
-0.646 -1.3766765505351941e-14 
-0.644 -1.1102230246251565e-14 
-0.642 -7.105427357601002e-15 
-0.64 -4.440892098500626e-15 
-0.638 0.0 
-0.636 3.9968028886505635e-15 
-0.634 7.993605777301127e-15 
-0.632 8.881784197001252e-15 
-0.63 1.2434497875801753e-14 
-0.628 1.9095836023552692e-14 
-0.626 2.6201263381153694e-14 
-0.624 2.7533531010703882e-14 
-0.622 3.108624468950438e-14 
-0.62 3.2862601528904634e-14 
-0.618 3.8191672047105385e-14 
-0.616 4.3076653355456074e-14 
-0.614 4.1300296516055823e-14 
-0.612 4.39648317751562e-14 
-0.61 4.75175454539567e-14 
-0.608 4.39648317751562e-14 
-0.606 4.440892098500626e-14 
-0.604 4.574118861455645e-14 
-0.602 4.6629367034256575e-14 
-0.6 4.3520742565306136e-14 
-0.598 4.1744385725905886e-14 
-0.596 4.1744385725905886e-14 
-0.594 3.863576125695545e-14 
-0.592 3.8191672047105385e-14 
-0.59 3.108624468950438e-14 
-0.588 2.6645352591003757e-14 
-0.586 2.398081733190338e-14 
-0.584 2.042810365310288e-14 
-0.5820000000000001 1.509903313490213e-14 
-0.5800000000000001 1.1102230246251565e-14 
-0.5780000000000001 1.021405182655144e-14 
-0.5760000000000001 3.9968028886505635e-15 
-0.5740000000000001 -2.6645352591003757e-15 
-0.5720000000000001 -8.881784197001252e-15 
-0.5700000000000001 -1.4654943925052066e-14 
-0.5680000000000001 -1.687538997430238e-14 
-0.5660000000000001 -1.9095836023552692e-14 
-0.5640000000000001 -2.4868995751603507e-14 
-0.562 -2.9753977059954195e-14 
-0.56 -3.2862601528904634e-14 
-0.558 -3.419486915845482e-14 
-0.556 -3.774758283725532e-14 
-0.554 -3.9968028886505635e-14 
-0.552 -4.04121180963557e-14 
-0.55 -4.1744385725905886e-14 
-0.548 -4.3520742565306136e-14 
-0.546 -4.04121180963557e-14 
-0.544 -4.04121180963557e-14 
-0.542 -3.9968028886505635e-14 
-0.54 -3.907985046680551e-14 
-0.538 -3.730349362740526e-14 
-0.536 -3.241851231905457e-14 
-0.534 -3.019806626980426e-14 
-0.532 -2.6645352591003757e-14 
-0.53 -2.353672812205332e-14 
-0.528 -1.865174681370263e-14 
-0.526 -1.9095836023552692e-14 
-0.524 -1.0658141036401503e-14 
-0.522 -7.105427357601002e-15 
-0.52 -4.440892098500626e-15 
-0.518 4.440892098500626e-16 
-0.516 6.217248937900877e-15 
-0.514 7.549516567451064e-15 
-0.512 1.1546319456101628e-14 
-0.51 1.5987211554602254e-14 
-0.508 2.1760371282653068e-14 
-0.506 2.5091040356528538e-14 
-0.504 2.4646951146678475e-14 
-0.502 2.9753977059954195e-14 
-0.5 3.5083047578154947e-14 
-0.498 3.8413716652030416e-14 
-0.496 3.7969627442180354e-14 
-0.494 4.1744385725905886e-14 
-0.492 4.1744385725905886e-14 
-0.49 4.218847493575595e-14 
-0.488 3.930189507173054e-14 
-0.486 4.04121180963557e-14 
-0.484 3.930189507173054e-14 
-0.482 4.0190073491430667e-14 
-0.48 3.68594044175552e-14 
-0.478 3.6637359812630166e-14 
-0.476 3.6193270602780103e-14 
-0.474 2.9531932455029164e-14 
-0.472 2.6867397195928788e-14 
-0.47 2.6201263381153694e-14 
-0.46799999999999997 2.375877272697835e-14 
-0.46599999999999997 1.9761969838327786e-14 
-0.46399999999999997 1.6209256159527285e-14 
-0.46199999999999997 9.992007221626409e-15 
-0.45999999999999996 7.549516567451064e-15 
-0.45799999999999996 2.886579864025407e-15 
-0.45599999999999996 1.5543122344752192e-15 
-0.45399999999999996 -2.4424906541753444e-15 
-0.45199999999999996 -5.773159728050814e-15 
-0.44999999999999996 -7.327471962526033e-15 
-0.44799999999999995 -1.4432899320127035e-14 
-0.44599999999999995 -1.509903313490213e-14 
-0.44399999999999995 -1.887379141862766e-14 
-0.44199999999999995 -2.1316282072803006e-14 
-0.43999999999999995 -2.4202861936828413e-14 
-0.43799999999999994 -2.3092638912203256e-14 
-0.43599999999999994 -2.6867397195928788e-14 
-0.43399999999999994 -2.864375403532904e-14 
-0.43199999999999994 -2.9976021664879227e-14 
-0.42999999999999994 -2.930988785010413e-14 
-0.42799999999999994 -2.9976021664879227e-14 
-0.42599999999999993 -3.064215547965432e-14 
-0.42399999999999993 -2.864375403532904e-14 
-0.42200000000000004 -3.1530333899354446e-14 
-0.42000000000000004 -2.864375403532904e-14 
-0.41800000000000004 -2.90878432451791e-14 
-0.41600000000000004 -2.6645352591003757e-14 
-0.41400000000000003 -2.4202861936828413e-14 
-0.41200000000000003 -2.19824158875781e-14 
-0.41000000000000003 -2.0650148258027912e-14 
-0.40800000000000003 -1.7985612998927536e-14 
-0.406 -1.5765166949677223e-14 
-0.404 -1.3433698597964394e-14 
-0.402 -1.176836406102666e-14 
-0.4 -9.325873406851315e-15 
-0.398 -6.106226635438361e-15 
-0.396 -3.6637359812630166e-15 
-0.394 -1.3322676295501878e-15 
-0.392 8.881784197001252e-16 
-0.39 4.107825191113079e-15 
-0.388 6.106226635438361e-15 
-0.386 7.993605777301127e-15 
-0.384 9.992007221626409e-15 
-0.382 1.3322676295501878e-14 
-0.38 1.4876988529977098e-14 
-0.378 1.587618925213974e-14 
-0.376 1.5432100042289676e-14 
-0.374 1.7541523789077473e-14 
-0.372 1.7319479184152442e-14 
-0.37 1.7763568394002505e-14 
-0.368 1.7763568394002505e-14 
-0.366 1.765254609153999e-14 
-0.364 1.6653345369377348e-14 
-0.362 1.5987211554602254e-14 
-0.36 1.5987211554602254e-14 
-0.358 1.4988010832439613e-14 
-0.356 1.27675647831893e-14 
-0.354 1.0658141036401503e-14 
-0.352 1.0436096431476471e-14 
-0.35 7.66053886991358e-15 
-0.348 6.8833827526759706e-15 
-0.346 5.10702591327572e-15 
-0.344 2.6645352591003757e-15 
-0.34199999999999997 6.661338147750939e-16 
-0.33999999999999997 -1.1657341758564144e-15 
-0.33799999999999997 -2.942091015256665e-15 
-0.33599999999999997 -5.329070518200751e-15 
-0.33399999999999996 -7.327471962526033e-15 
-0.33199999999999996 -8.326672684688674e-15 
-0.32999999999999996 -9.936496070395151e-15 
-0.32799999999999996 -1.1712852909795402e-14 
-0.32599999999999996 -1.3711254354120683e-14 
-0.32399999999999995 -1.559863349598345e-14 
-0.32199999999999995 -1.5376588891058418e-14 
-0.31999999999999995 -1.6708856520608606e-14 
-0.31799999999999995 -1.7263968032921184e-14 
-0.31599999999999995 -1.6930901125533637e-14 
-0.31399999999999995 -1.709743457922741e-14 
-0.31199999999999994 -1.7263968032921184e-14 
-0.30999999999999994 -1.7486012637846216e-14 
-0.30799999999999994 -1.5681900222830336e-14 
-0.30599999999999994 -1.4516166046973922e-14 
-0.30399999999999994 -1.432187701766452e-14 
-0.30199999999999994 -1.3239409568654992e-14 
-0.29999999999999993 -1.1213252548714081e-14 
-0.29799999999999993 -1.0047518372857667e-14 
-0.29600000000000004 -8.354428260304303e-15 
-0.29400000000000004 -6.2727600891321345e-15 
-0.29200000000000004 -3.3029134982598407e-15 
-0.29000000000000004 -2.067790383364354e-15 
-0.28800000000000003 4.440892098500626e-16 
-0.28600000000000003 2.8727020762175925e-15 
-0.28400000000000003 5.648259637780484e-15 
-0.28200000000000003 8.174017018802715e-15 
-0.28 1.1074474670635936e-14 
-0.278 1.1921019726912618e-14 
-0.276 1.522393322517246e-14 
-0.274 1.7612647451592522e-14 
-0.272 1.9555537744686546e-14 
-0.27 2.1380466841414147e-14 
-0.268 2.3012841632308323e-14 
-0.266 2.4702462297909733e-14 
-0.264 2.673555821175455e-14 
-0.262 2.7595981055839047e-14 
-0.26 2.9379276789143205e-14 
-0.258 3.00454106039183e-14 
-0.256 3.0503377601576176e-14 
-0.254 3.114175584073564e-14 
-0.252 3.1682989565240405e-14 
-0.25 3.1585845050585704e-14 
-0.248 3.0753177782116836e-14 
-0.246 3.0142555118573e-14 
-0.244 2.856048730848215e-14 
-0.242 2.7394753132625738e-14 
-0.24 2.6117996654306808e-14 
-0.238 2.4452662117369073e-14 
-0.236 2.2620794126737565e-14 
-0.23399999999999999 2.1371793224034263e-14 
-0.23199999999999998 1.837419105754634e-14 
-0.22999999999999998 1.5959455978986625e-14 
-0.22799999999999998 1.3988810110276972e-14 
-0.22599999999999998 1.176836406102666e-14 
-0.22399999999999998 8.382183835919932e-15 
-0.22199999999999998 5.9396931817445875e-15 
-0.21999999999999997 2.3869795029440866e-15 
-0.21799999999999997 -6.106226635438361e-16 
-0.21599999999999997 -4.218847493575595e-15 
-0.21399999999999997 -6.661338147750939e-15 
-0.21199999999999997 -8.1601392309949e-15 
-0.20999999999999996 -1.1934897514720433e-14 
-0.20799999999999996 -1.4432899320127035e-14 
-0.20599999999999996 -1.7319479184152442e-14 
-0.20399999999999996 -1.9595436384634013e-14 
-0.20199999999999996 -2.2037927038809357e-14 
-0.19999999999999996 -2.2870594307278225e-14 
-0.19799999999999995 -2.5424107263916085e-14 
-0.19599999999999995 -2.7700064464397656e-14 
-0.19399999999999995 -2.881028748902281e-14 
-0.19199999999999995 -3.036459972349803e-14 
-0.18999999999999995 -3.1030733538273125e-14 
-0.18799999999999994 -3.147482274812319e-14 
-0.18599999999999994 -3.219646771412954e-14 
-0.18399999999999994 -3.269606807521086e-14 
-0.18199999999999994 -3.2529534621517087e-14 
-0.17999999999999994 -3.241851231905457e-14 
-0.17799999999999994 -3.164135620181696e-14 
-0.17599999999999993 -3.141931159689193e-14 
-0.17399999999999993 -3.042011087472929e-14 
-0.17199999999999993 -2.90878432451791e-14 
-0.16999999999999993 -2.7755575615628914e-14 
-0.16799999999999993 -2.6645352591003757e-14 
-0.16600000000000004 -2.475797344914099e-14 
-0.16400000000000003 -2.275957200481571e-14 
-0.16200000000000003 -2.0095036745715333e-14 
-0.16000000000000003 -1.865174681370263e-14 
-0.15800000000000003 -1.787459069646502e-14 
-0.15600000000000003 -1.454392162258955e-14 
-0.15400000000000003 -1.2101430968414206e-14 
-0.15200000000000002 -1.0880185641326534e-14 
-0.15000000000000002 -8.43769498715119e-15 
-0.14800000000000002 -5.88418203051333e-15 
-0.14600000000000002 -3.219646771412954e-15 
-0.14400000000000002 -1.5543122344752192e-15 
-0.14200000000000002 -2.220446049250313e-16 
-0.14 1.5543122344752192e-15 
-0.138 3.9968028886505635e-15 
-0.136 4.9960036108132044e-15 
-0.134 6.661338147750939e-15 
-0.132 7.216449660063518e-15 
-0.13 8.43769498715119e-15 
-0.128 9.325873406851315e-15 
-0.126 1.0325074129013956e-14 
-0.124 1.0769163338864018e-14 
-0.122 1.021405182655144e-14 
-0.12 1.099120794378905e-14 
-0.118 9.880984919163893e-15 
-0.11599999999999999 9.2148511043888e-15 
-0.11399999999999999 8.659739592076221e-15 
-0.11199999999999999 7.327471962526033e-15 
-0.10999999999999999 6.328271240363392e-15 
-0.10799999999999998 5.88418203051333e-15 
-0.10599999999999998 3.774758283725532e-15 
-0.10399999999999998 1.9984014443252818e-15 
-0.10199999999999998 4.440892098500626e-16 
-0.09999999999999998 -2.55351295663786e-15 
-0.09799999999999998 -3.9968028886505635e-15 
-0.09599999999999997 -5.995204332975845e-15 
-0.09399999999999997 -7.549516567451064e-15 
-0.09199999999999997 -1.0325074129013956e-14 
-0.08999999999999997 -1.2545520178264269e-14 
-0.08799999999999997 -1.4099832412739488e-14 
-0.08599999999999997 -1.765254609153999e-14 
-0.08399999999999996 -1.9206858326015208e-14 
-0.08199999999999996 -2.142730437526552e-14 
-0.07999999999999996 -2.298161660974074e-14 
-0.07799999999999996 -2.5202062658991053e-14 
-0.07599999999999996 -2.653433028854124e-14 
-0.07399999999999995 -2.8199664825478976e-14 
-0.07199999999999995 -2.986499936241671e-14 
-0.06999999999999995 -3.019806626980426e-14 
-0.06799999999999995 -3.1530333899354446e-14 
-0.06599999999999995 -3.26405569239796e-14 
-0.06399999999999995 -3.297362383136715e-14 
-0.061999999999999944 -3.26405569239796e-14 
-0.05999999999999994 -3.297362383136715e-14 
-0.05799999999999994 -3.275157922644212e-14 
-0.05599999999999994 -3.186340080674199e-14 
-0.05399999999999994 -3.108624468950438e-14 
-0.051999999999999935 -3.008704396734174e-14 
-0.04999999999999993 -2.842170943040401e-14 
-0.04799999999999993 -2.7200464103316335e-14 
-0.04599999999999993 -2.4980018054066022e-14 
-0.04399999999999993 -2.275957200481571e-14 
-0.041999999999999926 -2.1094237467877974e-14 
-0.040000000000000036 -1.8540724511240114e-14 
-0.038000000000000034 -1.5432100042289676e-14 
-0.03600000000000003 -1.27675647831893e-14 
-0.03400000000000003 -9.769962616701378e-15 
-0.03200000000000003 -5.662137425588298e-15 
-0.030000000000000027 -3.3306690738754696e-15 
-0.028000000000000025 1.1102230246251565e-16 
-0.026000000000000023 3.885780586188048e-15 
-0.02400000000000002 7.105427357601002e-15 
-0.02200000000000002 1.0658141036401503e-14 
-0.020000000000000018 1.4099832412739488e-14 
-0.018000000000000016 1.7319479184152442e-14 
-0.016000000000000014 1.9761969838327786e-14 
-0.014000000000000012 2.3425705819590803e-14 
-0.01200000000000001 2.5868196473766147e-14 
-0.010000000000000009 2.9753977059954195e-14 
-0.008000000000000007 3.186340080674199e-14 
-0.006000000000000005 3.4861002973229915e-14 
-0.0040000000000000036 3.7414515929867775e-14 
-0.0020000000000000018 3.9190872769268026e-14 
0.0 4.107825191113079e-14 
0.0020000000000000018 4.218847493575595e-14 
0.0040000000000000036 4.418687638008123e-14 
0.006000000000000005 4.4853010194856324e-14 
0.008000000000000007 4.551914400963142e-14 
0.010000000000000009 4.551914400963142e-14 
0.01200000000000001 4.6407322429331543e-14 
0.014000000000000012 4.6407322429331543e-14 
0.016000000000000014 4.574118861455645e-14 
0.018000000000000016 4.618527782440651e-14 
0.020000000000000018 4.440892098500626e-14 
0.02200000000000002 4.440892098500626e-14 
0.02400000000000002 4.218847493575595e-14 
0.026000000000000023 3.9745984281580604e-14 
0.028000000000000025 3.774758283725532e-14 
0.030000000000000027 3.552713678800501e-14 
0.03200000000000003 3.352873534367973e-14 
0.03400000000000003 3.064215547965432e-14 
0.03600000000000003 2.842170943040401e-14 
0.038000000000000034 2.4646951146678475e-14 
0.040000000000000036 2.220446049250313e-14 
0.04200000000000004 1.84297022087776e-14 
0.04400000000000004 1.5765166949677223e-14 
0.04600000000000004 1.2212453270876722e-14 
0.04800000000000004 9.103828801926284e-15 
0.050000000000000044 5.329070518200751e-15 
0.052000000000000046 3.3306690738754696e-15 
0.05400000000000005 4.440892098500626e-16 
0.05600000000000005 -2.886579864025407e-15 
0.05800000000000005 -5.773159728050814e-15 
0.06000000000000005 -8.215650382226158e-15 
0.062000000000000055 -1.1546319456101628e-14 
0.06400000000000006 -1.3988810110276972e-14 
0.06600000000000006 -1.6431300764452317e-14 
0.06800000000000006 -1.7985612998927536e-14 
0.07000000000000006 -1.9761969838327786e-14 
0.07200000000000006 -2.1538326677728037e-14 
0.07400000000000007 -2.353672812205332e-14 
0.07600000000000007 -2.4646951146678475e-14 
0.07800000000000007 -2.4868995751603507e-14 
0.08000000000000007 -2.6201263381153694e-14 
0.08200000000000007 -2.5979218776228663e-14 
0.08400000000000007 -2.6201263381153694e-14 
0.08600000000000008 -2.531308496145357e-14 
0.08800000000000008 -2.5091040356528538e-14 
0.09000000000000008 -2.5091040356528538e-14 
0.09200000000000008 -2.4202861936828413e-14 
0.09400000000000008 -2.3314683517128287e-14 
0.09600000000000009 -2.042810365310288e-14 
0.09800000000000009 -2.020605904817785e-14 
0.10000000000000009 -1.865174681370263e-14 
0.10200000000000009 -1.587618925213974e-14 
0.10400000000000009 -1.4099832412739488e-14 
0.1060000000000001 -1.2212453270876722e-14 
0.1080000000000001 -1.0103029524088925e-14 
0.1100000000000001 -7.66053886991358e-15 
0.1120000000000001 -4.884981308350689e-15 
0.1140000000000001 -2.6645352591003757e-15 
0.1160000000000001 -4.440892098500626e-16 
0.1180000000000001 2.4424906541753444e-15 
0.1200000000000001 4.773959005888173e-15 
0.12200000000000011 6.661338147750939e-15 
0.12400000000000011 9.43689570931383e-15 
0.1260000000000001 1.2212453270876722e-14 
0.1280000000000001 1.354472090042691e-14 
0.13000000000000012 1.5765166949677223e-14 
0.13200000000000012 1.7541523789077473e-14 
0.13400000000000012 1.942890293094024e-14 
0.13600000000000012 2.1538326677728037e-14 
0.13800000000000012 2.2648549702353193e-14 
0.14000000000000012 2.3869795029440866e-14 
0.14200000000000013 2.4980018054066022e-14 
0.14400000000000013 2.5979218776228663e-14 
0.14600000000000013 2.5757174171303632e-14 
0.14800000000000013 2.7200464103316335e-14 
0.15000000000000013 2.7533531010703882e-14 
0.15200000000000014 2.708944180085382e-14 
0.15399999999999991 2.7422508708241367e-14 
0.15599999999999992 2.6867397195928788e-14 
0.15799999999999992 2.55351295663786e-14 
0.15999999999999992 2.5646151868841116e-14 
0.16199999999999992 2.353672812205332e-14 
0.16399999999999992 2.2537527399890678e-14 
0.16599999999999993 2.1760371282653068e-14 
0.16799999999999993 1.9984014443252818e-14 
0.16999999999999993 1.887379141862766e-14 
0.17199999999999993 1.6986412276764895e-14 
0.17399999999999993 1.4988010832439613e-14 
0.17599999999999993 1.2989609388114332e-14 
0.17799999999999994 1.1435297153639112e-14 
0.17999999999999994 8.881784197001252e-15 
0.18199999999999994 7.66053886991358e-15 
0.18399999999999994 5.551115123125783e-15 
0.18599999999999994 3.1086244689504383e-15 
0.18799999999999994 1.7763568394002505e-15 
0.18999999999999995 1.1102230246251565e-16 
0.19199999999999995 -1.6653345369377348e-15 
0.19399999999999995 -4.218847493575595e-15 
0.19599999999999995 -5.218048215738236e-15 
0.19799999999999995 -7.327471962526033e-15 
0.19999999999999996 -8.659739592076221e-15 
0.20199999999999996 -1.0436096431476471e-14 
0.20399999999999996 -1.1102230246251565e-14 
0.20599999999999996 -1.199040866595169e-14 
0.20799999999999996 -1.3433698597964394e-14 
0.20999999999999996 -1.3877787807814457e-14 
0.21199999999999997 -1.4432899320127035e-14 
0.21399999999999997 -1.4988010832439613e-14 
0.21599999999999997 -1.4876988529977098e-14 
0.21799999999999997 -1.5432100042289676e-14 
0.21999999999999997 -1.5210055437364645e-14 
0.22199999999999998 -1.4988010832439613e-14 
0.22399999999999998 -1.532107773982716e-14 
0.22599999999999998 -1.4432899320127035e-14 
0.22799999999999998 -1.4210854715202004e-14 
0.22999999999999998 -1.354472090042691e-14 
0.23199999999999998 -1.27675647831893e-14 
0.23399999999999999 -1.2545520178264269e-14 
0.236 -1.1546319456101628e-14 
0.238 -1.0436096431476471e-14 
0.24 -9.43689570931383e-15 
0.242 -9.103828801926284e-15 
0.244 -7.993605777301127e-15 
0.246 -7.549516567451064e-15 
0.248 -6.217248937900877e-15 
0.25 -5.329070518200751e-15 
0.252 -4.773959005888173e-15 
0.254 -4.440892098500626e-15 
0.256 -2.6645352591003757e-15 
0.258 -2.6645352591003757e-15 
0.26 -2.220446049250313e-15 
0.262 -2.1094237467877974e-15 
0.264 -1.6653345369377348e-15 
0.266 -1.6653345369377348e-15 
0.268 -7.771561172376096e-16 
0.27 -1.887379141862766e-15 
0.272 -7.771561172376096e-16 
0.274 -1.887379141862766e-15 
0.276 -2.1094237467877974e-15 
0.278 -2.6645352591003757e-15 
0.28 -3.219646771412954e-15 
0.28200000000000003 -4.440892098500626e-15 
0.28400000000000003 -4.6629367034256575e-15 
0.28600000000000003 -5.717648576819556e-15 
0.28800000000000003 -6.938893903907228e-15 
0.29000000000000004 -6.5503158452884236e-15 
0.29200000000000004 -8.493206138382448e-15 
0.29400000000000004 -8.604228440844963e-15 
0.29600000000000004 -9.769962616701378e-15 
0.29800000000000004 -1.1213252548714081e-14 
0.30000000000000004 -1.2323475573339238e-14 
0.30200000000000005 -1.4099832412739488e-14 
0.30400000000000005 -1.4876988529977098e-14 
0.30600000000000005 -1.5154544286133387e-14 
0.30800000000000005 -1.5765166949677223e-14 
0.31000000000000005 -1.765254609153999e-14 
0.31200000000000006 -1.7985612998927536e-14 
0.31400000000000006 -1.815214645262131e-14 
0.31600000000000006 -1.8707257964933888e-14 
0.31800000000000006 -2.0095036745715333e-14 
0.32000000000000006 -1.9761969838327786e-14 
0.32200000000000006 -1.9262369477246466e-14 
0.32400000000000007 -1.970645868709653e-14 
0.32600000000000007 -1.970645868709653e-14 
0.32800000000000007 -1.887379141862766e-14 
0.33000000000000007 -1.7708057242771247e-14 
0.3320000000000001 -1.7319479184152442e-14 
0.3340000000000001 -1.637578961322106e-14 
0.3360000000000001 -1.587618925213974e-14 
0.3380000000000001 -1.3988810110276972e-14 
0.3400000000000001 -1.3322676295501878e-14 
0.3420000000000001 -1.1213252548714081e-14 
0.3440000000000001 -9.880984919163893e-15 
0.3460000000000001 -7.93809462606987e-15 
0.3480000000000001 -6.050715484207103e-15 
0.3500000000000001 -5.245803791353865e-15 
0.3520000000000001 -1.7763568394002505e-15 
0.3540000000000001 -1.0547118733938987e-15 
0.3560000000000001 1.0269562977782698e-15 
0.3580000000000001 3.622102617839573e-15 
0.3600000000000001 6.022959908591474e-15 
0.3620000000000001 7.452372052796363e-15 
0.3640000000000001 9.200973316580985e-15 
0.3660000000000001 1.0977330155981235e-14 
0.3680000000000001 1.2954914918594795e-14 
0.3700000000000001 1.4661882818955974e-14 
0.3720000000000001 1.637578961322106e-14 
0.3740000000000001 1.7819079545233762e-14 
0.3760000000000001 1.8459192507869204e-14 
0.3780000000000001 2.017613506821725e-14 
0.3800000000000001 2.1505366931684478e-14 
0.3820000000000001 2.2103846530896476e-14 
0.3840000000000001 2.2516710718178956e-14 
0.3860000000000001 2.2426505097428162e-14 
0.3880000000000001 2.3175905639050143e-14 
0.3900000000000001 2.2426505097428162e-14 
0.3920000000000001 2.2148949341271873e-14 
0.39400000000000013 2.1288526497187377e-14 
0.39600000000000013 2.1066481892262345e-14 
0.39800000000000013 1.9789725413943415e-14 
0.40000000000000013 1.8846035843012032e-14 
0.40200000000000014 1.759703494030873e-14 
0.40400000000000014 1.5931700403370996e-14 
0.40600000000000014 1.4072076837123859e-14 
0.4079999999999999 1.2934098236883074e-14 
0.4099999999999999 1.0630385460785874e-14 
0.4119999999999999 8.826273045769994e-15 
0.4139999999999999 6.772360450213455e-15 
0.4159999999999999 4.3576253716537394e-15 
0.4179999999999999 2.220446049250313e-15 
0.41999999999999993 -1.3322676295501878e-15 
0.42199999999999993 -3.83026943495679e-15 
0.42399999999999993 -5.828670879282072e-15 
0.42599999999999993 -8.326672684688674e-15 
0.42799999999999994 -1.0935696792557792e-14 
0.42999999999999994 -1.3156142841808105e-14 
0.43199999999999994 -1.554312234475219e-14 
0.43399999999999994 -1.7985612998927536e-14 
0.43599999999999994 -2.09277040141842e-14 
0.43799999999999994 -2.1260770921571748e-14 
0.43999999999999995 -2.3592239273284576e-14 
0.44199999999999995 -2.4591439995447217e-14 
0.44399999999999995 -2.758904216193514e-14 
0.44599999999999995 -2.7755575615628914e-14 
0.44799999999999995 -2.9531932455029164e-14 
0.44999999999999996 -2.958744360626042e-14 
0.45199999999999996 -3.0142555118573e-14 
0.45399999999999996 -3.197442310920451e-14 
0.45599999999999996 -3.1530333899354446e-14 
0.45799999999999996 -3.1308289294429414e-14 
0.45999999999999996 -2.9976021664879227e-14 
0.46199999999999997 -3.042011087472929e-14 
0.46399999999999997 -2.8754776337791554e-14 
0.46599999999999997 -2.8310687127941492e-14 
0.46799999999999997 -2.6645352591003757e-14 
0.47 -2.55351295663786e-14 
0.472 -2.398081733190338e-14 
0.474 -2.3092638912203256e-14 
0.476 -1.9539925233402755e-14 
0.478 -1.8540724511240114e-14 
0.48 -1.5987211554602254e-14 
0.482 -1.4988010832439613e-14 
0.484 -1.2434497875801753e-14 
0.486 -1.0103029524088925e-14 
0.488 -8.104628079763643e-15 
0.49 -5.10702591327572e-15 
0.492 -3.219646771412954e-15 
0.494 -3.3306690738754696e-16 
0.496 1.2212453270876722e-15 
0.498 4.440892098500626e-15 
0.5 4.6629367034256575e-15 
0.502 7.216449660063518e-15 
0.504 8.43769498715119e-15 
0.506 1.199040866595169e-14 
0.508 1.2878587085651816e-14 
0.51 1.3433698597964394e-14 
0.512 1.509903313490213e-14 
0.514 1.587618925213974e-14 
0.516 1.63202784619898e-14 
0.518 1.8096635301390052e-14 
0.52 1.8207657603852567e-14 
0.522 1.9539925233402755e-14 
0.524 1.887379141862766e-14 
0.526 1.865174681370263e-14 
0.528 1.9539925233402755e-14 
0.53 1.9761969838327786e-14 
0.532 1.84297022087776e-14 
0.534 1.9984014443252818e-14 
0.536 1.865174681370263e-14 
0.538 1.7985612998927536e-14 
0.54 1.687538997430238e-14 
0.542 1.6431300764452317e-14 
0.544 1.554312234475219e-14 
0.546 1.509903313490213e-14 
0.548 1.3988810110276972e-14 
0.55 1.3100631690576847e-14 
0.552 1.199040866595169e-14 
0.554 1.1102230246251565e-14 
0.556 1.1546319456101628e-14 
0.558 1.0658141036401503e-14 
0.56 9.103828801926284e-15 
0.562 9.103828801926284e-15 
0.5640000000000001 7.105427357601002e-15 
0.5660000000000001 7.105427357601002e-15 
0.5680000000000001 5.995204332975845e-15 
0.5700000000000001 6.439293542825908e-15 
0.5720000000000001 4.440892098500626e-15 
0.5740000000000001 5.329070518200751e-15 
0.5760000000000001 3.552713678800501e-15 
0.5780000000000001 3.1086244689504383e-15 
0.5800000000000001 2.886579864025407e-15 
0.5820000000000001 2.4424906541753444e-15 
0.5840000000000001 1.7763568394002505e-15 
0.5860000000000001 1.3322676295501878e-15 
0.5880000000000001 1.1102230246251565e-15 
0.5900000000000001 4.440892098500626e-16 
0.5920000000000001 2.220446049250313e-16 
0.5940000000000001 -8.881784197001252e-16 
0.5960000000000001 -2.220446049250313e-16 
0.5980000000000001 -1.5543122344752192e-15 
0.6000000000000001 -1.1102230246251565e-15 
0.6020000000000001 -2.4424906541753444e-15 
0.6040000000000001 -2.4424906541753444e-15 
0.6060000000000001 -3.774758283725532e-15 
0.6080000000000001 -4.218847493575595e-15 
0.6100000000000001 -4.218847493575595e-15 
0.6120000000000001 -5.551115123125783e-15 
0.6140000000000001 -4.6629367034256575e-15 
0.6160000000000001 -6.661338147750939e-15 
0.6180000000000001 -6.661338147750939e-15 
0.6200000000000001 -7.105427357601002e-15 
0.6220000000000001 -7.549516567451064e-15 
0.6240000000000001 -9.547918011776346e-15 
0.6260000000000001 -8.215650382226158e-15 
0.6280000000000001 -9.769962616701378e-15 
0.6300000000000001 -9.325873406851315e-15 
0.6320000000000001 -1.0880185641326534e-14 
0.6340000000000001 -1.021405182655144e-14 
0.6360000000000001 -1.0436096431476471e-14 
0.6380000000000001 -1.0436096431476471e-14 
0.6400000000000001 -1.1102230246251565e-14 
0.6420000000000001 -1.021405182655144e-14 
0.6440000000000001 -9.769962616701378e-15 
0.6460000000000001 -8.881784197001252e-15 
0.6480000000000001 -7.993605777301127e-15 
0.6500000000000001 -7.549516567451064e-15 
0.6520000000000001 -7.105427357601002e-15 
0.6540000000000001 -6.661338147750939e-15 
0.6560000000000001 -5.329070518200751e-15 
0.6580000000000001 -3.1086244689504383e-15 
0.6600000000000001 -3.1086244689504383e-15 
0.6620000000000001 -2.6645352591003757e-15 
0.6640000000000001 -8.881784197001252e-16 
0.6659999999999999 1.7763568394002505e-15 
0.6679999999999999 2.220446049250313e-15 
0.6699999999999999 3.552713678800501e-15 
0.6719999999999999 5.773159728050814e-15 
0.6739999999999999 3.9968028886505635e-15 
0.6759999999999999 6.217248937900877e-15 
0.6779999999999999 7.549516567451064e-15 
0.6799999999999999 8.881784197001252e-15 
0.6819999999999999 9.769962616701378e-15 
0.6839999999999999 1.1546319456101628e-14 
0.6859999999999999 1.1102230246251565e-14 
0.688 1.199040866595169e-14 
0.69 1.2434497875801753e-14 
0.692 1.2434497875801753e-14 
0.694 1.1102230246251565e-14 
0.696 1.0658141036401503e-14 
0.698 1.021405182655144e-14 
0.7 9.769962616701378e-15 
0.702 7.993605777301127e-15 
0.704 7.105427357601002e-15 
0.706 6.217248937900877e-15 
0.708 3.552713678800501e-15 
0.71 -4.440892098500626e-16 
0.712 -8.881784197001252e-16 
0.714 4.440892098500626e-16 
0.716 -2.6645352591003757e-15 
0.718 -4.884981308350689e-15 
0.72 -6.661338147750939e-15 
0.722 -1.0658141036401503e-14 
0.724 -1.199040866595169e-14 
0.726 -1.2434497875801753e-14 
0.728 -1.554312234475219e-14 
0.73 -1.1102230246251565e-14 
0.732 -1.4210854715202004e-14 
0.734 -1.5987211554602254e-14 
0.736 -1.554312234475219e-14 
0.738 -1.5987211554602254e-14 
0.74 -1.4210854715202004e-14 
0.742 -1.3322676295501878e-14 
0.744 -1.2434497875801753e-14 
0.746 -1.1102230246251565e-14 
0.748 -8.43769498715119e-15 
0.75 -7.549516567451064e-15 
0.752 -5.329070518200751e-15 
0.754 -1.7763568394002505e-15 
0.756 8.881784197001252e-16 
0.758 3.1086244689504383e-15 
0.76 7.105427357601002e-15 
0.762 7.549516567451064e-15 
0.764 1.3766765505351941e-14 
0.766 1.3322676295501878e-14 
0.768 1.7763568394002505e-14 
0.77 1.9539925233402755e-14 
0.772 1.9984014443252818e-14 
0.774 2.1316282072803006e-14 
0.776 2.1760371282653068e-14 
0.778 2.531308496145357e-14 
0.78 2.353672812205332e-14 
0.782 2.2648549702353193e-14 
0.784 2.2648549702353193e-14 
0.786 2.0872192862952943e-14 
0.788 2.220446049250313e-14 
0.79 1.5987211554602254e-14 
0.792 1.4654943925052066e-14 
0.794 1.2878587085651816e-14 
0.796 7.549516567451064e-15 
0.798 6.661338147750939e-15 
0.8 2.220446049250313e-15 
0.802 -1.7763568394002505e-15 
0.804 -5.329070518200751e-15 
0.806 -1.021405182655144e-14 
0.808 -1.2434497875801753e-14 
0.81 -1.6431300764452317e-14 
0.812 -1.6431300764452317e-14 
0.8140000000000001 -2.0872192862952943e-14 
0.8160000000000001 -2.2648549702353193e-14 
0.8180000000000001 -2.2648549702353193e-14 
0.8200000000000001 -2.4424906541753444e-14 
0.8220000000000001 -2.4424906541753444e-14 
0.8240000000000001 -2.353672812205332e-14 
0.8260000000000001 -2.1760371282653068e-14 
0.8280000000000001 -2.1316282072803006e-14 
0.8300000000000001 -1.865174681370263e-14 
0.8320000000000001 -1.509903313490213e-14 
0.8340000000000001 -1.2434497875801753e-14 
0.8360000000000001 -7.993605777301127e-15 
0.8380000000000001 -5.773159728050814e-15 
0.8400000000000001 -1.7763568394002505e-15 
0.8420000000000001 1.7763568394002505e-15 
0.8440000000000001 6.217248937900877e-15 
0.8460000000000001 9.769962616701378e-15 
0.8480000000000001 1.0658141036401503e-14 
0.8500000000000001 1.5987211554602254e-14 
0.8520000000000001 1.687538997430238e-14 
0.8540000000000001 1.7763568394002505e-14 
0.8560000000000001 1.8207657603852567e-14 
0.8580000000000001 1.687538997430238e-14 
0.8600000000000001 1.687538997430238e-14 
0.8620000000000001 1.554312234475219e-14 
0.8640000000000001 1.2434497875801753e-14 
0.8660000000000001 1.1546319456101628e-14 
0.8680000000000001 7.993605777301127e-15 
0.8700000000000001 3.552713678800501e-15 
0.8720000000000001 0.0 
0.8740000000000001 -2.6645352591003757e-15 
0.8760000000000001 -7.993605777301127e-15 
0.8780000000000001 -9.769962616701378e-15 
0.8800000000000001 -1.1546319456101628e-14 
0.8820000000000001 -1.0658141036401503e-14 
0.8840000000000001 -1.509903313490213e-14 
0.8860000000000001 -1.865174681370263e-14 
0.8880000000000001 -1.687538997430238e-14 
0.8900000000000001 -1.4210854715202004e-14 
0.8920000000000001 -7.105427357601002e-15 
0.8940000000000001 -5.329070518200751e-15 
0.8960000000000001 0.0 
0.8980000000000001 6.217248937900877e-15 
0.9000000000000001 1.1546319456101628e-14 
0.9020000000000001 1.687538997430238e-14 
0.9040000000000001 1.865174681370263e-14 
0.9060000000000001 2.7533531010703882e-14 
0.9080000000000001 3.2862601528904634e-14 
0.9100000000000001 3.552713678800501e-14 
0.9120000000000001 3.2862601528904634e-14 
0.9140000000000001 3.2862601528904634e-14 
0.9160000000000001 3.375077994860476e-14 
0.9180000000000001 2.7533531010703882e-14 
0.9199999999999999 1.865174681370263e-14 
0.9219999999999999 1.0658141036401503e-14 
0.9239999999999999 8.881784197001252e-16 
0.9259999999999999 -7.993605777301127e-15 
0.9279999999999999 -1.865174681370263e-14 
0.9299999999999999 -3.019806626980426e-14 
0.9319999999999999 -3.8191672047105385e-14 
0.9339999999999999 -4.618527782440651e-14 
0.9359999999999999 -5.1514348342607263e-14 
0.938 -5.3290705182007514e-14 
0.94 -4.884981308350689e-14 
0.942 -4.529709940470639e-14 
0.944 -3.4638958368304884e-14 
0.946 -2.1316282072803006e-14 
0.948 -3.552713678800501e-15 
0.95 9.769962616701378e-15 
0.952 2.398081733190338e-14 
0.954 3.8191672047105385e-14 
0.956 5.1514348342607263e-14 
0.958 6.039613253960852e-14 
0.96 5.595524044110789e-14 
0.962 5.1514348342607263e-14 
0.964 3.730349362740526e-14 
0.966 1.865174681370263e-14 
0.968 -9.769962616701378e-15 
0.97 -3.8191672047105385e-14 
0.972 -6.128431095930864e-14 
0.974 -7.72715225139109e-14 
0.976 -8.704148513061227e-14 
0.978 -7.72715225139109e-14 
0.98 -5.861977570020827e-14 
0.982 -2.042810365310288e-14 
0.984 2.6645352591003757e-14 
0.986 7.37188088351104e-14 
0.988 1.0480505352461478e-13 
0.99 9.769962616701378e-14 
0.992 4.796163466380676e-14 
0.994 -4.884981308350689e-14 
0.996 -1.4832579608992091e-13 
0.998 -1.341149413747189e-13 
