-1.0 -1.326716514427062e-14 
-0.998 5.773159728050814e-15 
-0.996 1.2434497875801753e-14 
-0.994 1.1879386363489175e-14 
-0.992 7.382983113757291e-15 
-0.99 1.9984014443252818e-15 
-0.988 -2.1649348980190553e-15 
-0.986 -5.384581669432009e-15 
-0.984 -6.38378239159465e-15 
-0.982 -6.106226635438361e-15 
-0.98 -4.3298697960381105e-15 
-0.978 -2.1649348980190553e-15 
-0.976 -3.885780586188048e-16 
-0.974 1.4432899320127035e-15 
-0.972 2.220446049250313e-15 
-0.97 2.7200464103316335e-15 
-0.968 2.4424906541753444e-15 
-0.966 1.3322676295501878e-15 
-0.964 3.885780586188048e-16 
-0.962 -1.1102230246251565e-15 
-0.96 -2.275957200481571e-15 
-0.958 -3.6637359812630166e-15 
-0.956 -4.274358644806853e-15 
-0.954 -4.829470157119431e-15 
-0.952 -4.829470157119431e-15 
-0.95 -4.440892098500626e-15 
-0.948 -3.4416913763379853e-15 
-0.946 -2.3314683517128287e-15 
-0.944 -1.1657341758564144e-15 
-0.942 2.7755575615628914e-16 
-0.94 1.7208456881689926e-15 
-0.938 2.831068712794149e-15 
-0.9359999999999999 3.9968028886505635e-15 
-0.9339999999999999 4.773959005888173e-15 
-0.9319999999999999 5.384581669432009e-15 
-0.9299999999999999 5.551115123125783e-15 
-0.9279999999999999 5.218048215738236e-15 
-0.926 4.884981308350689e-15 
-0.924 4.385380947269368e-15 
-0.922 3.164135620181696e-15 
-0.92 2.220446049250313e-15 
-0.918 9.43689570931383e-16 
-0.916 -3.885780586188048e-16 
-0.914 -2.1094237467877974e-15 
-0.912 -3.0531133177191805e-15 
-0.91 -4.440892098500626e-15 
-0.908 -5.551115123125783e-15 
-0.906 -6.217248937900877e-15 
-0.904 -6.827871601444713e-15 
-0.902 -7.271960811294775e-15 
-0.9 -7.605027718682322e-15 
-0.898 -7.271960811294775e-15 
-0.896 -7.049916206369744e-15 
-0.894 -6.494804694057166e-15 
-0.892 -5.773159728050814e-15 
-0.89 -5.10702591327572e-15 
-0.888 -4.218847493575595e-15 
-0.886 -3.552713678800501e-15 
-0.884 -2.4980018054066022e-15 
-0.882 -1.4432899320127035e-15 
-0.88 -4.440892098500626e-16 
-0.878 1.6653345369377348e-16 
-0.876 1.27675647831893e-15 
-0.874 1.8318679906315083e-15 
-0.872 2.6645352591003757e-15 
-0.87 2.831068712794149e-15 
-0.868 3.4416913763379853e-15 
-0.866 3.7192471324942744e-15 
-0.864 3.774758283725532e-15 
-0.862 3.9968028886505635e-15 
-0.86 4.274358644806853e-15 
-0.858 3.9968028886505635e-15 
-0.856 3.941291737419306e-15 
-0.854 3.9968028886505635e-15 
-0.852 3.774758283725532e-15 
-0.85 3.497202527569243e-15 
-0.848 3.552713678800501e-15 
-0.846 3.2751579226442118e-15 
-0.844 3.1086244689504383e-15 
-0.842 2.886579864025407e-15 
-0.84 2.55351295663786e-15 
-0.838 2.4424906541753444e-15 
-0.836 2.3869795029440866e-15 
-0.834 2.3314683517128287e-15 
-0.832 2.275957200481571e-15 
-0.83 1.942890293094024e-15 
-0.828 1.9984014443252818e-15 
-0.826 1.887379141862766e-15 
-0.8240000000000001 1.8318679906315083e-15 
-0.8220000000000001 1.4432899320127035e-15 
-0.8200000000000001 1.3877787807814457e-15 
-0.8180000000000001 8.881784197001252e-16 
-0.8160000000000001 6.661338147750939e-16 
-0.8140000000000001 2.220446049250313e-16 
-0.812 3.885780586188048e-16 
-0.81 -3.3306690738754696e-16 
-0.808 -7.771561172376096e-16 
-0.806 -9.992007221626409e-16 
-0.804 -1.7208456881689926e-15 
-0.802 -2.275957200481571e-15 
-0.8 -2.55351295663786e-15 
-0.798 -2.9976021664879227e-15 
-0.796 -3.7192471324942744e-15 
-0.794 -4.107825191113079e-15 
-0.792 -4.551914400963142e-15 
-0.79 -4.9404924595819466e-15 
-0.788 -5.329070518200751e-15 
-0.786 -5.495603971894525e-15 
-0.784 -5.717648576819556e-15 
-0.782 -5.995204332975845e-15 
-0.78 -6.2727600891321345e-15 
-0.778 -6.106226635438361e-15 
-0.776 -6.050715484207103e-15 
-0.774 -5.662137425588298e-15 
-0.772 -5.717648576819556e-15 
-0.77 -5.162537064506978e-15 
-0.768 -4.884981308350689e-15 
-0.766 -4.385380947269368e-15 
-0.764 -3.7192471324942744e-15 
-0.762 -3.0531133177191805e-15 
-0.76 -2.3314683517128287e-15 
-0.758 -1.7208456881689926e-15 
-0.756 -9.43689570931383e-16 
-0.754 -5.551115123125783e-17 
-0.752 8.326672684688674e-16 
-0.75 1.3322676295501878e-15 
-0.748 2.1649348980190553e-15 
-0.746 2.942091015256665e-15 
-0.744 3.7192471324942744e-15 
-0.742 4.385380947269368e-15 
-0.74 4.6629367034256575e-15 
-0.738 5.329070518200751e-15 
-0.736 5.773159728050814e-15 
-0.734 5.88418203051333e-15 
-0.732 6.38378239159465e-15 
-0.73 6.6058269965196814e-15 
-0.728 6.8833827526759706e-15 
-0.726 6.827871601444713e-15 
-0.724 6.6058269965196814e-15 
-0.722 6.772360450213455e-15 
-0.72 6.439293542825908e-15 
-0.718 6.328271240363392e-15 
-0.716 5.329070518200751e-15 
-0.714 5.329070518200751e-15 
-0.712 4.829470157119431e-15 
-0.71 4.385380947269368e-15 
-0.708 3.552713678800501e-15 
-0.706 2.9976021664879227e-15 
-0.704 2.275957200481571e-15 
-0.702 1.9984014443252818e-15 
-0.7 1.3322676295501878e-15 
-0.698 7.771561172376096e-16 
-0.696 -1.1102230246251565e-16 
-0.694 -5.551115123125783e-16 
-0.692 -9.992007221626409e-16 
-0.69 -1.1102230246251565e-15 
-0.688 -2.220446049250313e-15 
-0.6859999999999999 -2.1094237467877974e-15 
-0.6839999999999999 -2.55351295663786e-15 
-0.6819999999999999 -2.886579864025407e-15 
-0.6799999999999999 -3.3306690738754696e-15 
-0.6779999999999999 -3.4416913763379853e-15 
-0.6759999999999999 -3.3306690738754696e-15 
-0.6739999999999999 -3.885780586188048e-15 
-0.6719999999999999 -3.552713678800501e-15 
-0.6699999999999999 -3.4416913763379853e-15 
-0.6679999999999999 -2.7755575615628914e-15 
-0.6659999999999999 -2.886579864025407e-15 
-0.6639999999999999 -2.7755575615628914e-15 
-0.6619999999999999 -2.7755575615628914e-15 
-0.6599999999999999 -2.55351295663786e-15 
-0.6579999999999999 -1.887379141862766e-15 
-0.6559999999999999 -2.3314683517128287e-15 
-0.6539999999999999 -2.1094237467877974e-15 
-0.6519999999999999 -1.5543122344752192e-15 
-0.6499999999999999 -9.992007221626409e-16 
-0.648 -1.2212453270876722e-15 
-0.646 -1.1102230246251565e-15 
-0.644 -6.661338147750939e-16 
-0.642 -5.551115123125783e-16 
-0.64 -1.1102230246251565e-16 
-0.638 -2.220446049250313e-16 
-0.636 -3.3306690738754696e-16 
-0.634 -1.1102230246251565e-16 
-0.632 -4.440892098500626e-16 
-0.63 -6.661338147750939e-16 
-0.628 0.0 
-0.626 -2.220446049250313e-16 
-0.624 -5.551115123125783e-16 
-0.622 -6.661338147750939e-16 
-0.62 -8.881784197001252e-16 
-0.618 -7.771561172376096e-16 
-0.616 -9.992007221626409e-16 
-0.614 -1.5543122344752192e-15 
-0.612 -2.1094237467877974e-15 
-0.61 -1.887379141862766e-15 
-0.608 -1.9984014443252818e-15 
-0.606 -2.220446049250313e-15 
-0.604 -2.3314683517128287e-15 
-0.602 -2.7755575615628914e-15 
-0.6 -2.7755575615628914e-15 
-0.598 -3.219646771412954e-15 
-0.596 -2.9976021664879227e-15 
-0.594 -3.3306690738754696e-15 
-0.592 -2.886579864025407e-15 
-0.59 -2.6645352591003757e-15 
-0.588 -3.3306690738754696e-15 
-0.586 -2.55351295663786e-15 
-0.584 -2.55351295663786e-15 
-0.5820000000000001 -2.55351295663786e-15 
-0.5800000000000001 -1.7763568394002505e-15 
-0.5780000000000001 -1.5543122344752192e-15 
-0.5760000000000001 -1.4432899320127035e-15 
-0.5740000000000001 -1.6653345369377348e-15 
-0.5720000000000001 -6.661338147750939e-16 
-0.5700000000000001 -4.440892098500626e-16 
-0.5680000000000001 1.1102230246251565e-16 
-0.5660000000000001 2.220446049250313e-16 
-0.5640000000000001 8.881784197001252e-16 
-0.562 9.992007221626409e-16 
-0.56 1.9984014443252818e-15 
-0.558 1.887379141862766e-15 
-0.556 2.220446049250313e-15 
-0.554 2.886579864025407e-15 
-0.552 2.886579864025407e-15 
-0.55 3.4416913763379853e-15 
-0.548 3.9968028886505635e-15 
-0.546 3.774758283725532e-15 
-0.544 4.3298697960381105e-15 
-0.542 4.551914400963142e-15 
-0.54 4.884981308350689e-15 
-0.538 4.3298697960381105e-15 
-0.536 5.10702591327572e-15 
-0.534 4.551914400963142e-15 
-0.532 4.773959005888173e-15 
-0.53 4.551914400963142e-15 
-0.528 4.3298697960381105e-15 
-0.526 3.885780586188048e-15 
-0.524 4.107825191113079e-15 
-0.522 3.6637359812630166e-15 
-0.52 2.9976021664879227e-15 
-0.518 2.886579864025407e-15 
-0.516 1.9984014443252818e-15 
-0.514 1.887379141862766e-15 
-0.512 1.3322676295501878e-15 
-0.51 8.881784197001252e-16 
-0.508 9.992007221626409e-16 
-0.506 4.440892098500626e-16 
-0.504 -2.220446049250313e-16 
-0.502 -5.551115123125783e-16 
-0.5 -1.2212453270876722e-15 
-0.498 -1.3322676295501878e-15 
-0.496 -1.9984014443252818e-15 
-0.494 -2.1094237467877974e-15 
-0.492 -2.4424906541753444e-15 
-0.49 -2.9976021664879227e-15 
-0.488 -3.219646771412954e-15 
-0.486 -3.3306690738754696e-15 
-0.484 -3.6637359812630166e-15 
-0.482 -3.4416913763379853e-15 
-0.48 -3.9968028886505635e-15 
-0.478 -3.3306690738754696e-15 
-0.476 -3.6637359812630166e-15 
-0.474 -3.9968028886505635e-15 
-0.472 -3.774758283725532e-15 
-0.47 -3.4416913763379853e-15 
-0.46799999999999997 -3.219646771412954e-15 
-0.46599999999999997 -3.4416913763379853e-15 
-0.46399999999999997 -2.9976021664879227e-15 
-0.46199999999999997 -2.55351295663786e-15 
-0.45999999999999996 -2.220446049250313e-15 
-0.45799999999999996 -1.7763568394002505e-15 
-0.45599999999999996 -1.2212453270876722e-15 
-0.45399999999999996 -1.4432899320127035e-15 
-0.45199999999999996 -7.771561172376096e-16 
-0.44999999999999996 1.1102230246251565e-16 
-0.44799999999999995 2.220446049250313e-16 
-0.44599999999999995 8.881784197001252e-16 
-0.44399999999999995 1.2212453270876722e-15 
-0.44199999999999995 1.4432899320127035e-15 
-0.43999999999999995 1.4432899320127035e-15 
-0.43799999999999994 2.1094237467877974e-15 
-0.43599999999999994 2.55351295663786e-15 
-0.43399999999999994 2.7755575615628914e-15 
-0.43199999999999994 2.6645352591003757e-15 
-0.42999999999999994 3.219646771412954e-15 
-0.42799999999999994 3.219646771412954e-15 
-0.42599999999999993 3.552713678800501e-15 
-0.42399999999999993 3.6637359812630166e-15 
-0.42200000000000004 3.774758283725532e-15 
-0.42000000000000004 3.3306690738754696e-15 
-0.41800000000000004 3.3306690738754696e-15 
-0.41600000000000004 3.4416913763379853e-15 
-0.41400000000000003 3.1086244689504383e-15 
-0.41200000000000003 2.886579864025407e-15 
-0.41000000000000003 2.886579864025407e-15 
-0.40800000000000003 2.220446049250313e-15 
-0.406 2.220446049250313e-15 
-0.404 1.887379141862766e-15 
-0.402 1.2212453270876722e-15 
-0.4 7.771561172376096e-16 
-0.398 2.220446049250313e-16 
-0.396 -2.220446049250313e-16 
-0.394 -3.3306690738754696e-16 
-0.392 -7.771561172376096e-16 
-0.39 -9.992007221626409e-16 
-0.388 -1.887379141862766e-15 
-0.386 -2.1094237467877974e-15 
-0.384 -2.4424906541753444e-15 
-0.382 -3.219646771412954e-15 
-0.38 -2.7755575615628914e-15 
-0.378 -3.4416913763379853e-15 
-0.376 -4.107825191113079e-15 
-0.374 -3.9968028886505635e-15 
-0.372 -4.3298697960381105e-15 
-0.37 -4.6629367034256575e-15 
-0.368 -4.773959005888173e-15 
-0.366 -4.551914400963142e-15 
-0.364 -4.440892098500626e-15 
-0.362 -4.884981308350689e-15 
-0.36 -4.6629367034256575e-15 
-0.358 -3.9968028886505635e-15 
-0.356 -4.218847493575595e-15 
-0.354 -4.3298697960381105e-15 
-0.352 -3.6637359812630166e-15 
-0.35 -3.4416913763379853e-15 
-0.348 -3.4416913763379853e-15 
-0.346 -2.220446049250313e-15 
-0.344 -2.4424906541753444e-15 
-0.34199999999999997 -1.4432899320127035e-15 
-0.33999999999999997 -8.881784197001252e-16 
-0.33799999999999997 -8.881784197001252e-16 
-0.33599999999999997 -4.440892098500626e-16 
-0.33399999999999996 3.3306690738754696e-16 
-0.33199999999999996 7.771561172376096e-16 
-0.32999999999999996 1.7763568394002505e-15 
-0.32799999999999996 2.1094237467877974e-15 
-0.32599999999999996 2.886579864025407e-15 
-0.32399999999999995 3.4416913763379853e-15 
-0.32199999999999995 3.774758283725532e-15 
-0.31999999999999995 3.885780586188048e-15 
-0.31799999999999995 4.551914400963142e-15 
-0.31599999999999995 4.9960036108132044e-15 
-0.31399999999999995 5.218048215738236e-15 
-0.31199999999999994 5.662137425588298e-15 
-0.30999999999999994 5.995204332975845e-15 
-0.30799999999999994 5.773159728050814e-15 
-0.30599999999999994 6.661338147750939e-15 
-0.30399999999999994 7.105427357601002e-15 
-0.30199999999999994 6.772360450213455e-15 
-0.29999999999999993 6.772360450213455e-15 
-0.29799999999999993 6.994405055138486e-15 
-0.29600000000000004 6.8833827526759706e-15 
-0.29400000000000004 6.661338147750939e-15 
-0.29200000000000004 6.994405055138486e-15 
-0.29000000000000004 6.328271240363392e-15 
-0.28800000000000003 6.217248937900877e-15 
-0.28600000000000003 5.662137425588298e-15 
-0.28400000000000003 5.662137425588298e-15 
-0.28200000000000003 5.329070518200751e-15 
-0.28 5.218048215738236e-15 
-0.278 3.9968028886505635e-15 
-0.276 3.774758283725532e-15 
-0.274 3.1086244689504383e-15 
-0.272 2.3314683517128287e-15 
-0.27 1.9984014443252818e-15 
-0.268 1.2212453270876722e-15 
-0.266 9.992007221626409e-16 
-0.264 4.440892098500626e-16 
-0.262 4.440892098500626e-16 
-0.26 -1.1102230246251565e-16 
-0.258 -1.1102230246251565e-15 
-0.256 -1.4432899320127035e-15 
-0.254 -2.3314683517128287e-15 
-0.252 -2.6645352591003757e-15 
-0.25 -2.886579864025407e-15 
-0.248 -3.552713678800501e-15 
-0.246 -4.107825191113079e-15 
-0.244 -4.551914400963142e-15 
-0.242 -4.440892098500626e-15 
-0.24 -4.9960036108132044e-15 
-0.238 -4.9960036108132044e-15 
-0.236 -5.329070518200751e-15 
-0.23399999999999999 -5.218048215738236e-15 
-0.23199999999999998 -5.440092820663267e-15 
-0.22999999999999998 -5.662137425588298e-15 
-0.22799999999999998 -5.662137425588298e-15 
-0.22599999999999998 -5.88418203051333e-15 
-0.22399999999999998 -5.440092820663267e-15 
-0.22199999999999998 -5.440092820663267e-15 
-0.21999999999999997 -5.218048215738236e-15 
-0.21799999999999997 -5.10702591327572e-15 
-0.21599999999999997 -4.9960036108132044e-15 
-0.21399999999999997 -4.9960036108132044e-15 
-0.21199999999999997 -4.6629367034256575e-15 
-0.20999999999999996 -4.551914400963142e-15 
-0.20799999999999996 -4.440892098500626e-15 
-0.20599999999999996 -3.9968028886505635e-15 
-0.20399999999999996 -3.9968028886505635e-15 
-0.20199999999999996 -3.4416913763379853e-15 
-0.19999999999999996 -2.7755575615628914e-15 
-0.19799999999999995 -2.886579864025407e-15 
-0.19599999999999995 -2.55351295663786e-15 
-0.19399999999999995 -1.9984014443252818e-15 
-0.19199999999999995 -2.7755575615628914e-15 
-0.18999999999999995 -2.3314683517128287e-15 
-0.18799999999999994 -1.1102230246251565e-15 
-0.18599999999999994 -1.2212453270876722e-15 
-0.18399999999999994 -1.4432899320127035e-15 
-0.18199999999999994 -6.661338147750939e-16 
-0.17999999999999994 -6.661338147750939e-16 
-0.17799999999999994 -7.771561172376096e-16 
-0.17599999999999993 -5.551115123125783e-16 
-0.17399999999999993 -9.992007221626409e-16 
-0.17199999999999993 -8.881784197001252e-16 
-0.16999999999999993 -9.992007221626409e-16 
-0.16799999999999993 -7.771561172376096e-16 
-0.16600000000000004 -8.881784197001252e-16 
-0.16400000000000003 -5.551115123125783e-16 
-0.16200000000000003 -9.992007221626409e-16 
-0.16000000000000003 -7.771561172376096e-16 
-0.15800000000000003 -1.5543122344752192e-15 
-0.15600000000000003 -1.3322676295501878e-15 
-0.15400000000000003 -1.4432899320127035e-15 
-0.15200000000000002 -1.9984014443252818e-15 
-0.15000000000000002 -1.887379141862766e-15 
-0.14800000000000002 -1.9984014443252818e-15 
-0.14600000000000002 -2.55351295663786e-15 
-0.14400000000000002 -2.7755575615628914e-15 
-0.14200000000000002 -2.886579864025407e-15 
-0.14 -2.886579864025407e-15 
-0.138 -2.9976021664879227e-15 
-0.136 -3.3306690738754696e-15 
-0.134 -3.774758283725532e-15 
-0.132 -3.6637359812630166e-15 
-0.13 -3.552713678800501e-15 
-0.128 -3.9968028886505635e-15 
-0.126 -3.219646771412954e-15 
-0.124 -3.552713678800501e-15 
-0.122 -3.4416913763379853e-15 
-0.12 -3.774758283725532e-15 
-0.118 -3.6637359812630166e-15 
-0.11599999999999999 -3.1086244689504383e-15 
-0.11399999999999999 -3.1086244689504383e-15 
-0.11199999999999999 -2.55351295663786e-15 
-0.10999999999999999 -2.6645352591003757e-15 
-0.10799999999999998 -2.1094237467877974e-15 
-0.10599999999999998 -1.9984014443252818e-15 
-0.10399999999999998 -1.3322676295501878e-15 
-0.10199999999999998 -1.5543122344752192e-15 
-0.09999999999999998 -1.4432899320127035e-15 
-0.09799999999999998 -5.551115123125783e-16 
-0.09599999999999997 -4.440892098500626e-16 
-0.09399999999999997 5.551115123125783e-16 
-0.09199999999999997 1.1102230246251565e-15 
-0.08999999999999997 9.992007221626409e-16 
-0.08799999999999997 1.887379141862766e-15 
-0.08599999999999997 1.7763568394002505e-15 
-0.08399999999999996 2.6645352591003757e-15 
-0.08199999999999996 3.1086244689504383e-15 
-0.07999999999999996 3.4416913763379853e-15 
-0.07799999999999996 3.3306690738754696e-15 
-0.07599999999999996 4.218847493575595e-15 
-0.07399999999999995 4.3298697960381105e-15 
-0.07199999999999995 4.773959005888173e-15 
-0.06999999999999995 5.440092820663267e-15 
-0.06799999999999995 5.995204332975845e-15 
-0.06599999999999995 5.662137425588298e-15 
-0.06399999999999995 6.439293542825908e-15 
-0.061999999999999944 6.8833827526759706e-15 
-0.05999999999999994 6.217248937900877e-15 
-0.05799999999999994 6.994405055138486e-15 
-0.05599999999999994 6.8833827526759706e-15 
-0.05399999999999994 7.105427357601002e-15 
-0.051999999999999935 6.772360450213455e-15 
-0.04999999999999993 6.5503158452884236e-15 
-0.04799999999999993 6.772360450213455e-15 
-0.04599999999999993 6.106226635438361e-15 
-0.04399999999999993 6.217248937900877e-15 
-0.041999999999999926 6.328271240363392e-15 
-0.040000000000000036 5.773159728050814e-15 
-0.038000000000000034 5.329070518200751e-15 
-0.03600000000000003 5.10702591327572e-15 
-0.03400000000000003 4.884981308350689e-15 
-0.03200000000000003 4.3298697960381105e-15 
-0.030000000000000027 3.6637359812630166e-15 
-0.028000000000000025 3.1086244689504383e-15 
-0.026000000000000023 2.1094237467877974e-15 
-0.02400000000000002 2.4424906541753444e-15 
-0.02200000000000002 1.887379141862766e-15 
-0.020000000000000018 1.1102230246251565e-15 
-0.018000000000000016 5.551115123125783e-16 
-0.016000000000000014 -1.1102230246251565e-16 
-0.014000000000000012 -8.881784197001252e-16 
-0.01200000000000001 -9.992007221626409e-16 
-0.010000000000000009 -1.7763568394002505e-15 
-0.008000000000000007 -2.3314683517128287e-15 
-0.006000000000000005 -2.886579864025407e-15 
-0.0040000000000000036 -2.886579864025407e-15 
-0.0020000000000000018 -3.552713678800501e-15 
0.0 -4.218847493575595e-15 
0.0020000000000000018 -4.440892098500626e-15 
0.0040000000000000036 -5.10702591327572e-15 
0.006000000000000005 -5.773159728050814e-15 
0.008000000000000007 -6.217248937900877e-15 
0.010000000000000009 -5.773159728050814e-15 
0.01200000000000001 -5.995204332975845e-15 
0.014000000000000012 -5.551115123125783e-15 
0.016000000000000014 -5.773159728050814e-15 
0.018000000000000016 -6.8833827526759706e-15 
0.020000000000000018 -6.8833827526759706e-15 
0.02200000000000002 -5.995204332975845e-15 
0.02400000000000002 -6.8833827526759706e-15 
0.026000000000000023 -6.217248937900877e-15 
0.028000000000000025 -5.329070518200751e-15 
0.030000000000000027 -5.995204332975845e-15 
0.03200000000000003 -5.995204332975845e-15 
0.03400000000000003 -5.551115123125783e-15 
0.03600000000000003 -5.10702591327572e-15 
0.038000000000000034 -5.329070518200751e-15 
0.040000000000000036 -4.440892098500626e-15 
0.04200000000000004 -4.440892098500626e-15 
0.04400000000000004 -3.9968028886505635e-15 
0.04600000000000004 -3.774758283725532e-15 
0.04800000000000004 -2.886579864025407e-15 
0.050000000000000044 -2.6645352591003757e-15 
0.052000000000000046 -2.6645352591003757e-15 
0.05400000000000005 -1.3322676295501878e-15 
0.05600000000000005 -1.7763568394002505e-15 
0.05800000000000005 -1.1102230246251565e-15 
0.06000000000000005 -8.881784197001252e-16 
0.062000000000000055 4.440892098500626e-16 
0.06400000000000006 0.0 
0.06600000000000006 2.220446049250313e-16 
0.06800000000000006 8.881784197001252e-16 
0.07000000000000006 8.881784197001252e-16 
0.07200000000000006 1.5543122344752192e-15 
0.07400000000000007 8.881784197001252e-16 
0.07600000000000007 2.220446049250313e-16 
0.07800000000000007 1.9984014443252818e-15 
0.08000000000000007 1.3322676295501878e-15 
0.08200000000000007 8.881784197001252e-16 
0.08400000000000007 1.7763568394002505e-15 
0.08600000000000008 1.7763568394002505e-15 
0.08800000000000008 4.440892098500626e-16 
0.09000000000000008 6.661338147750939e-16 
0.09200000000000008 6.661338147750939e-16 
0.09400000000000008 8.881784197001252e-16 
0.09600000000000009 4.440892098500626e-16 
0.09800000000000009 2.220446049250313e-16 
0.10000000000000009 6.661338147750939e-16 
0.10200000000000009 0.0 
0.10400000000000009 2.220446049250313e-16 
0.1060000000000001 0.0 
0.1080000000000001 -2.220446049250313e-16 
0.1100000000000001 -6.661338147750939e-16 
0.1120000000000001 -2.220446049250313e-16 
0.1140000000000001 -1.5543122344752192e-15 
0.1160000000000001 -8.881784197001252e-16 
0.1180000000000001 -2.220446049250313e-15 
0.1200000000000001 -1.1102230246251565e-15 
0.12200000000000011 -6.661338147750939e-16 
0.12400000000000011 -1.1102230246251565e-15 
0.1260000000000001 -1.1102230246251565e-15 
0.1280000000000001 -1.1102230246251565e-15 
0.13000000000000012 -1.3322676295501878e-15 
0.13200000000000012 -1.3322676295501878e-15 
0.13400000000000012 -1.5543122344752192e-15 
0.13600000000000012 -1.9984014443252818e-15 
0.13800000000000012 -1.1102230246251565e-15 
0.14000000000000012 -1.3322676295501878e-15 
0.14200000000000013 -1.7763568394002505e-15 
0.14400000000000013 -1.1102230246251565e-15 
0.14600000000000013 -1.1102230246251565e-15 
0.14800000000000013 4.440892098500626e-16 
0.15000000000000013 -2.220446049250313e-16 
0.15200000000000014 6.661338147750939e-16 
0.15399999999999991 6.661338147750939e-16 
0.15599999999999992 1.3322676295501878e-15 
0.15799999999999992 8.881784197001252e-16 
0.15999999999999992 8.881784197001252e-16 
0.16199999999999992 1.5543122344752192e-15 
0.16399999999999992 1.5543122344752192e-15 
0.16599999999999993 2.6645352591003757e-15 
0.16799999999999993 3.1086244689504383e-15 
0.16999999999999993 3.1086244689504383e-15 
0.17199999999999993 4.440892098500626e-15 
0.17399999999999993 4.218847493575595e-15 
0.17599999999999993 4.884981308350689e-15 
0.17799999999999994 4.440892098500626e-15 
0.17999999999999994 4.218847493575595e-15 
0.18199999999999994 4.6629367034256575e-15 
0.18399999999999994 5.10702591327572e-15 
0.18599999999999994 5.995204332975845e-15 
0.18799999999999994 6.439293542825908e-15 
0.18999999999999995 5.773159728050814e-15 
0.19199999999999995 5.773159728050814e-15 
0.19399999999999995 5.773159728050814e-15 
0.19599999999999995 5.551115123125783e-15 
0.19799999999999995 6.661338147750939e-15 
0.19999999999999996 6.439293542825908e-15 
0.20199999999999996 5.773159728050814e-15 
0.20399999999999996 5.551115123125783e-15 
0.20599999999999996 4.884981308350689e-15 
0.20799999999999996 4.884981308350689e-15 
0.20999999999999996 5.329070518200751e-15 
0.21199999999999997 4.6629367034256575e-15 
0.21399999999999997 3.3306690738754696e-15 
0.21599999999999997 3.9968028886505635e-15 
0.21799999999999997 3.774758283725532e-15 
0.21999999999999997 3.1086244689504383e-15 
0.22199999999999998 2.6645352591003757e-15 
0.22399999999999998 3.1086244689504383e-15 
0.22599999999999998 2.886579864025407e-15 
0.22799999999999998 2.4424906541753444e-15 
0.22999999999999998 6.661338147750939e-16 
0.23199999999999998 8.881784197001252e-16 
0.23399999999999999 4.440892098500626e-16 
0.236 4.440892098500626e-16 
0.238 -4.440892098500626e-16 
0.24 -2.220446049250313e-16 
0.242 -4.440892098500626e-16 
0.244 -1.5543122344752192e-15 
0.246 -1.3322676295501878e-15 
0.248 -1.7763568394002505e-15 
0.25 -2.6645352591003757e-15 
0.252 -1.9984014443252818e-15 
0.254 -2.220446049250313e-15 
0.256 -2.220446049250313e-15 
0.258 -2.6645352591003757e-15 
0.26 -1.5543122344752192e-15 
0.262 -2.6645352591003757e-15 
0.264 -2.4424906541753444e-15 
0.266 -1.9984014443252818e-15 
0.268 -2.6645352591003757e-15 
0.27 -2.6645352591003757e-15 
0.272 -2.220446049250313e-15 
0.274 -1.5543122344752192e-15 
0.276 -1.1102230246251565e-15 
0.278 -6.661338147750939e-16 
0.28 -1.5543122344752192e-15 
0.28200000000000003 -4.440892098500626e-16 
0.28400000000000003 0.0 
0.28600000000000003 1.1102230246251565e-15 
0.28800000000000003 8.881784197001252e-16 
0.29000000000000004 0.0 
0.29200000000000004 6.661338147750939e-16 
0.29400000000000004 1.1102230246251565e-15 
0.29600000000000004 6.661338147750939e-16 
0.29800000000000004 1.5543122344752192e-15 
0.30000000000000004 1.9984014443252818e-15 
0.30200000000000005 1.9984014443252818e-15 
0.30400000000000005 1.3322676295501878e-15 
0.30600000000000005 1.7763568394002505e-15 
0.30800000000000005 1.7763568394002505e-15 
0.31000000000000005 2.220446049250313e-15 
0.31200000000000006 1.1102230246251565e-15 
0.31400000000000006 8.881784197001252e-16 
0.31600000000000006 1.5543122344752192e-15 
0.31800000000000006 1.5543122344752192e-15 
0.32000000000000006 1.3322676295501878e-15 
0.32200000000000006 1.3322676295501878e-15 
0.32400000000000007 -2.220446049250313e-16 
0.32600000000000007 4.440892098500626e-16 
0.32800000000000007 -2.220446049250313e-16 
0.33000000000000007 -6.661338147750939e-16 
0.3320000000000001 -1.7763568394002505e-15 
0.3340000000000001 -1.9984014443252818e-15 
0.3360000000000001 -2.220446049250313e-15 
0.3380000000000001 -3.3306690738754696e-15 
0.3400000000000001 -3.552713678800501e-15 
0.3420000000000001 -4.218847493575595e-15 
0.3440000000000001 -4.884981308350689e-15 
0.3460000000000001 -5.329070518200751e-15 
0.3480000000000001 -5.995204332975845e-15 
0.3500000000000001 -5.995204332975845e-15 
0.3520000000000001 -7.327471962526033e-15 
0.3540000000000001 -7.549516567451064e-15 
0.3560000000000001 -7.327471962526033e-15 
0.3580000000000001 -7.993605777301127e-15 
0.3600000000000001 -7.993605777301127e-15 
0.3620000000000001 -9.103828801926284e-15 
0.3640000000000001 -8.215650382226158e-15 
0.3660000000000001 -8.881784197001252e-15 
0.3680000000000001 -9.103828801926284e-15 
0.3700000000000001 -8.881784197001252e-15 
0.3720000000000001 -9.103828801926284e-15 
0.3740000000000001 -9.103828801926284e-15 
0.3760000000000001 -7.771561172376096e-15 
0.3780000000000001 -8.215650382226158e-15 
0.3800000000000001 -8.881784197001252e-15 
0.3820000000000001 -7.549516567451064e-15 
0.3840000000000001 -5.995204332975845e-15 
0.3860000000000001 -5.551115123125783e-15 
0.3880000000000001 -5.995204332975845e-15 
0.3900000000000001 -4.440892098500626e-15 
0.3920000000000001 -4.218847493575595e-15 
0.39400000000000013 -3.1086244689504383e-15 
0.39600000000000013 -4.440892098500626e-16 
0.39800000000000013 -8.881784197001252e-16 
0.40000000000000013 -6.661338147750939e-16 
0.40200000000000014 1.5543122344752192e-15 
0.40400000000000014 2.4424906541753444e-15 
0.40600000000000014 2.886579864025407e-15 
0.4079999999999999 3.9968028886505635e-15 
0.4099999999999999 3.774758283725532e-15 
0.4119999999999999 5.995204332975845e-15 
0.4139999999999999 6.8833827526759706e-15 
0.4159999999999999 8.215650382226158e-15 
0.4179999999999999 8.215650382226158e-15 
0.41999999999999993 8.43769498715119e-15 
0.42199999999999993 1.021405182655144e-14 
0.42399999999999993 9.547918011776346e-15 
0.42599999999999993 1.0658141036401503e-14 
0.42799999999999994 1.0880185641326534e-14 
0.42999999999999994 1.0880185641326534e-14 
0.43199999999999994 1.0436096431476471e-14 
0.43399999999999994 1.0658141036401503e-14 
0.43599999999999994 1.021405182655144e-14 
0.43799999999999994 9.769962616701378e-15 
0.43999999999999995 9.547918011776346e-15 
0.44199999999999995 9.103828801926284e-15 
0.44399999999999995 8.881784197001252e-15 
0.44599999999999995 8.215650382226158e-15 
0.44799999999999995 7.549516567451064e-15 
0.44999999999999996 5.773159728050814e-15 
0.45199999999999996 5.329070518200751e-15 
0.45399999999999996 4.884981308350689e-15 
0.45599999999999996 3.9968028886505635e-15 
0.45799999999999996 2.886579864025407e-15 
0.45999999999999996 1.3322676295501878e-15 
0.46199999999999997 8.881784197001252e-16 
0.46399999999999997 -1.1102230246251565e-15 
0.46599999999999997 -1.7763568394002505e-15 
0.46799999999999997 -3.3306690738754696e-15 
0.47 -4.884981308350689e-15 
0.472 -5.10702591327572e-15 
0.474 -6.439293542825908e-15 
0.476 -6.8833827526759706e-15 
0.478 -7.771561172376096e-15 
0.48 -8.659739592076221e-15 
0.482 -9.103828801926284e-15 
0.484 -9.769962616701378e-15 
0.486 -1.0658141036401503e-14 
0.488 -1.0436096431476471e-14 
0.49 -1.1546319456101628e-14 
0.492 -1.1102230246251565e-14 
0.494 -1.0880185641326534e-14 
0.496 -1.0658141036401503e-14 
0.498 -9.769962616701378e-15 
0.5 -9.325873406851315e-15 
0.502 -8.215650382226158e-15 
0.504 -8.215650382226158e-15 
0.506 -7.549516567451064e-15 
0.508 -7.993605777301127e-15 
0.51 -5.995204332975845e-15 
0.512 -5.329070518200751e-15 
0.514 -4.440892098500626e-15 
0.516 -1.5543122344752192e-15 
0.518 -4.440892098500626e-16 
0.52 0.0 
0.522 1.3322676295501878e-15 
0.524 2.6645352591003757e-15 
0.526 3.1086244689504383e-15 
0.528 5.773159728050814e-15 
0.53 6.217248937900877e-15 
0.532 8.215650382226158e-15 
0.534 7.993605777301127e-15 
0.536 8.881784197001252e-15 
0.538 9.992007221626409e-15 
0.54 1.1102230246251565e-14 
0.542 1.0880185641326534e-14 
0.544 1.2212453270876722e-14 
0.546 1.2656542480726785e-14 
0.548 1.2656542480726785e-14 
0.55 1.1324274851176597e-14 
0.552 1.2878587085651816e-14 
0.554 1.2656542480726785e-14 
0.556 1.176836406102666e-14 
0.558 1.1324274851176597e-14 
0.56 1.0880185641326534e-14 
0.562 1.021405182655144e-14 
0.5640000000000001 9.547918011776346e-15 
0.5660000000000001 7.993605777301127e-15 
0.5680000000000001 5.995204332975845e-15 
0.5700000000000001 5.773159728050814e-15 
0.5720000000000001 4.6629367034256575e-15 
0.5740000000000001 2.4424906541753444e-15 
0.5760000000000001 2.4424906541753444e-15 
0.5780000000000001 -2.220446049250313e-16 
0.5800000000000001 -6.661338147750939e-16 
0.5820000000000001 -2.220446049250313e-15 
0.5840000000000001 -3.774758283725532e-15 
0.5860000000000001 -4.6629367034256575e-15 
0.5880000000000001 -6.217248937900877e-15 
0.5900000000000001 -6.661338147750939e-15 
0.5920000000000001 -7.771561172376096e-15 
0.5940000000000001 -7.327471962526033e-15 
0.5960000000000001 -8.659739592076221e-15 
0.5980000000000001 -1.021405182655144e-14 
0.6000000000000001 -1.021405182655144e-14 
0.6020000000000001 -1.0658141036401503e-14 
0.6040000000000001 -1.1102230246251565e-14 
0.6060000000000001 -1.021405182655144e-14 
0.6080000000000001 -1.021405182655144e-14 
0.6100000000000001 -1.1102230246251565e-14 
0.6120000000000001 -9.769962616701378e-15 
0.6140000000000001 -9.103828801926284e-15 
0.6160000000000001 -7.771561172376096e-15 
0.6180000000000001 -7.327471962526033e-15 
0.6200000000000001 -5.773159728050814e-15 
0.6220000000000001 -4.440892098500626e-15 
0.6240000000000001 -3.1086244689504383e-15 
0.6260000000000001 -3.3306690738754696e-15 
0.6280000000000001 -1.5543122344752192e-15 
0.6300000000000001 0.0 
0.6320000000000001 2.220446049250313e-16 
0.6340000000000001 1.7763568394002505e-15 
0.6360000000000001 3.1086244689504383e-15 
0.6380000000000001 4.218847493575595e-15 
0.6400000000000001 5.329070518200751e-15 
0.6420000000000001 5.995204332975845e-15 
0.6440000000000001 6.439293542825908e-15 
0.6460000000000001 6.661338147750939e-15 
0.6480000000000001 7.993605777301127e-15 
0.6500000000000001 8.43769498715119e-15 
0.6520000000000001 7.771561172376096e-15 
0.6540000000000001 8.881784197001252e-15 
0.6560000000000001 8.881784197001252e-15 
0.6580000000000001 7.993605777301127e-15 
0.6600000000000001 7.327471962526033e-15 
0.6620000000000001 6.8833827526759706e-15 
0.6640000000000001 5.995204332975845e-15 
0.6659999999999999 5.551115123125783e-15 
0.6679999999999999 4.6629367034256575e-15 
0.6699999999999999 3.1086244689504383e-15 
0.6719999999999999 1.5543122344752192e-15 
0.6739999999999999 1.3322676295501878e-15 
0.6759999999999999 -4.440892098500626e-16 
0.6779999999999999 -1.1102230246251565e-15 
0.6799999999999999 -3.9968028886505635e-15 
0.6819999999999999 -3.552713678800501e-15 
0.6839999999999999 -5.10702591327572e-15 
0.6859999999999999 -5.995204332975845e-15 
0.688 -6.217248937900877e-15 
0.69 -7.993605777301127e-15 
0.692 -7.771561172376096e-15 
0.694 -7.105427357601002e-15 
0.696 -7.105427357601002e-15 
0.698 -7.993605777301127e-15 
0.7 -7.549516567451064e-15 
0.702 -8.881784197001252e-15 
0.704 -7.549516567451064e-15 
0.706 -7.993605777301127e-15 
0.708 -4.440892098500626e-15 
0.71 -4.440892098500626e-15 
0.712 -2.6645352591003757e-15 
0.714 -2.6645352591003757e-15 
0.716 -8.881784197001252e-16 
0.718 8.881784197001252e-16 
0.72 1.7763568394002505e-15 
0.722 4.440892098500626e-15 
0.724 3.552713678800501e-15 
0.726 7.105427357601002e-15 
0.728 6.661338147750939e-15 
0.73 8.881784197001252e-15 
0.732 1.0658141036401503e-14 
0.734 1.2434497875801753e-14 
0.736 1.199040866595169e-14 
0.738 1.3322676295501878e-14 
0.74 1.1546319456101628e-14 
0.742 1.0658141036401503e-14 
0.744 1.021405182655144e-14 
0.746 1.1546319456101628e-14 
0.748 8.881784197001252e-15 
0.75 7.549516567451064e-15 
0.752 5.773159728050814e-15 
0.754 3.552713678800501e-15 
0.756 2.220446049250313e-15 
0.758 0.0 
0.76 -3.1086244689504383e-15 
0.762 -3.9968028886505635e-15 
0.764 -6.661338147750939e-15 
0.766 -8.43769498715119e-15 
0.768 -1.1546319456101628e-14 
0.77 -1.2878587085651816e-14 
0.772 -1.4654943925052066e-14 
0.774 -1.6431300764452317e-14 
0.776 -1.7763568394002505e-14 
0.778 -1.7763568394002505e-14 
0.78 -1.9539925233402755e-14 
0.782 -1.8207657603852567e-14 
0.784 -1.865174681370263e-14 
0.786 -1.865174681370263e-14 
0.788 -1.6431300764452317e-14 
0.79 -1.6431300764452317e-14 
0.792 -1.2434497875801753e-14 
0.794 -1.0658141036401503e-14 
0.796 -9.769962616701378e-15 
0.798 -5.773159728050814e-15 
0.8 -3.1086244689504383e-15 
0.802 -1.3322676295501878e-15 
0.804 3.552713678800501e-15 
0.806 4.884981308350689e-15 
0.808 8.881784197001252e-15 
0.81 1.1546319456101628e-14 
0.812 1.2878587085651816e-14 
0.8140000000000001 1.4654943925052066e-14 
0.8160000000000001 1.7763568394002505e-14 
0.8180000000000001 1.9984014443252818e-14 
0.8200000000000001 2.1760371282653068e-14 
0.8220000000000001 2.0872192862952943e-14 
0.8240000000000001 2.042810365310288e-14 
0.8260000000000001 2.1316282072803006e-14 
0.8280000000000001 1.9539925233402755e-14 
0.8300000000000001 1.7319479184152442e-14 
0.8320000000000001 1.554312234475219e-14 
0.8340000000000001 1.3322676295501878e-14 
0.8360000000000001 1.1102230246251565e-14 
0.8380000000000001 6.661338147750939e-15 
0.8400000000000001 6.661338147750939e-15 
0.8420000000000001 1.3322676295501878e-15 
0.8440000000000001 -2.6645352591003757e-15 
0.8460000000000001 -5.773159728050814e-15 
0.8480000000000001 -9.325873406851315e-15 
0.8500000000000001 -9.769962616701378e-15 
0.8520000000000001 -1.2434497875801753e-14 
0.8540000000000001 -1.4654943925052066e-14 
0.8560000000000001 -1.4654943925052066e-14 
0.8580000000000001 -1.687538997430238e-14 
0.8600000000000001 -1.4210854715202004e-14 
0.8620000000000001 -1.509903313490213e-14 
0.8640000000000001 -1.199040866595169e-14 
0.8660000000000001 -1.0658141036401503e-14 
0.8680000000000001 -8.43769498715119e-15 
0.8700000000000001 -5.329070518200751e-15 
0.8720000000000001 0.0 
0.8740000000000001 1.7763568394002505e-15 
0.8760000000000001 5.773159728050814e-15 
0.8780000000000001 7.549516567451064e-15 
0.8800000000000001 1.1102230246251565e-14 
0.8820000000000001 1.3322676295501878e-14 
0.8840000000000001 1.6431300764452317e-14 
0.8860000000000001 1.8207657603852567e-14 
0.8880000000000001 1.9095836023552692e-14 
0.8900000000000001 1.865174681370263e-14 
0.8920000000000001 1.7763568394002505e-14 
0.8940000000000001 1.554312234475219e-14 
0.8960000000000001 1.1102230246251565e-14 
0.8980000000000001 9.769962616701378e-15 
0.9000000000000001 3.1086244689504383e-15 
0.9020000000000001 -8.881784197001252e-16 
0.9040000000000001 -6.661338147750939e-15 
0.9060000000000001 -1.4210854715202004e-14 
0.9080000000000001 -1.687538997430238e-14 
0.9100000000000001 -2.220446049250313e-14 
0.9120000000000001 -2.398081733190338e-14 
0.9140000000000001 -2.4868995751603507e-14 
0.9160000000000001 -2.5757174171303632e-14 
0.9180000000000001 -2.7977620220553945e-14 
0.9199999999999999 -2.531308496145357e-14 
0.9219999999999999 -1.9539925233402755e-14 
0.9239999999999999 -1.687538997430238e-14 
0.9259999999999999 -1.1546319456101628e-14 
0.9279999999999999 -2.6645352591003757e-15 
0.9299999999999999 3.9968028886505635e-15 
0.9319999999999999 1.1546319456101628e-14 
0.9339999999999999 1.9095836023552692e-14 
0.9359999999999999 2.1760371282653068e-14 
0.938 2.6645352591003757e-14 
0.94 2.7977620220553945e-14 
0.942 2.930988785010413e-14 
0.944 2.4868995751603507e-14 
0.946 1.9539925233402755e-14 
0.948 1.199040866595169e-14 
0.95 3.1086244689504383e-15 
0.952 -5.773159728050814e-15 
0.954 -1.554312234475219e-14 
0.956 -2.353672812205332e-14 
0.958 -2.886579864025407e-14 
0.96 -2.886579864025407e-14 
0.962 -2.7977620220553945e-14 
0.964 -2.0872192862952943e-14 
0.966 -9.325873406851315e-15 
0.968 5.329070518200751e-15 
0.97 2.0872192862952943e-14 
0.972 3.5083047578154947e-14 
0.974 4.75175454539567e-14 
0.976 5.3290705182007514e-14 
0.978 5.0182080713057076e-14 
0.98 3.6415315207705135e-14 
0.982 1.3322676295501878e-14 
0.984 -1.7319479184152442e-14 
0.986 -4.884981308350689e-14 
0.988 -6.750155989720952e-14 
0.99 -6.705747068735946e-14 
0.992 -3.197442310920451e-14 
0.994 2.708944180085382e-14 
0.996 9.325873406851315e-14 
0.998 8.970602038971265e-14 
