-1.0 -2.5224267119483557e-13 
-0.998 6.039613253960852e-14 
-0.996 1.865174681370263e-13 
-0.994 1.865174681370263e-13 
-0.992 1.4566126083082054e-13 
-0.99 7.283063041541027e-14 
-0.988 7.105427357601002e-15 
-0.986 -5.3290705182007514e-14 
-0.984 -9.414691248821327e-14 
-0.982 -1.1723955140041653e-13 
-0.98 -1.2789769243681803e-13 
-0.978 -1.2612133559741778e-13 
-0.976 -1.0658141036401503e-13 
-0.974 -8.526512829121202e-14 
-0.972 -5.684341886080802e-14 
-0.97 -3.730349362740526e-14 
-0.968 -1.4210854715202004e-14 
-0.966 1.2434497875801753e-14 
-0.964 2.6645352591003757e-14 
-0.962 4.618527782440651e-14 
-0.96 6.039613253960852e-14 
-0.958 5.861977570020827e-14 
-0.956 6.217248937900877e-14 
-0.954 5.861977570020827e-14 
-0.952 6.039613253960852e-14 
-0.95 4.796163466380676e-14 
-0.948 4.263256414560601e-14 
-0.946 3.375077994860476e-14 
-0.944 3.730349362740526e-14 
-0.942 2.6645352591003757e-14 
-0.94 2.398081733190338e-14 
-0.938 9.769962616701378e-15 
-0.9359999999999999 1.1546319456101628e-14 
-0.9339999999999999 5.329070518200751e-15 
-0.9319999999999999 4.440892098500626e-15 
-0.9299999999999999 8.881784197001252e-16 
-0.9279999999999999 0.0 
-0.926 -3.552713678800501e-15 
-0.924 -6.217248937900877e-15 
-0.922 -1.7763568394002505e-15 
-0.92 -7.105427357601002e-15 
-0.918 -4.440892098500626e-15 
-0.916 -9.769962616701378e-15 
-0.914 -7.993605777301127e-15 
-0.912 -1.0658141036401503e-14 
-0.91 -1.0658141036401503e-14 
-0.908 -1.7763568394002505e-14 
-0.906 -1.687538997430238e-14 
-0.904 -2.042810365310288e-14 
-0.902 -2.398081733190338e-14 
-0.9 -3.019806626980426e-14 
-0.898 -3.2862601528904634e-14 
-0.896 -3.730349362740526e-14 
-0.894 -3.730349362740526e-14 
-0.892 -4.3520742565306136e-14 
-0.89 -4.707345624410664e-14 
-0.888 -4.796163466380676e-14 
-0.886 -5.1514348342607263e-14 
-0.884 -5.5067062021407764e-14 
-0.882 -5.5067062021407764e-14 
-0.88 -5.773159728050814e-14 
-0.878 -5.417888360170764e-14 
-0.876 -5.595524044110789e-14 
-0.874 -5.240252676230739e-14 
-0.872 -4.973799150320701e-14 
-0.87 -4.529709940470639e-14 
-0.868 -4.085620730620576e-14 
-0.866 -3.6415315207705135e-14 
-0.864 -3.6415315207705135e-14 
-0.862 -2.842170943040401e-14 
-0.86 -1.7763568394002505e-14 
-0.858 -1.509903313490213e-14 
-0.856 -9.769962616701378e-15 
-0.854 -6.217248937900877e-15 
-0.852 8.881784197001252e-16 
-0.85 7.105427357601002e-15 
-0.848 1.5987211554602254e-14 
-0.846 1.7763568394002505e-14 
-0.844 2.1316282072803006e-14 
-0.842 2.4868995751603507e-14 
-0.84 3.552713678800501e-14 
-0.838 3.8191672047105385e-14 
-0.836 4.3520742565306136e-14 
-0.834 4.529709940470639e-14 
-0.832 4.618527782440651e-14 
-0.83 5.240252676230739e-14 
-0.828 4.973799150320701e-14 
-0.826 5.595524044110789e-14 
-0.8240000000000001 5.5067062021407764e-14 
-0.8220000000000001 5.5067062021407764e-14 
-0.8200000000000001 5.240252676230739e-14 
-0.8180000000000001 5.062616992290714e-14 
-0.8160000000000001 5.1514348342607263e-14 
-0.8140000000000001 4.796163466380676e-14 
-0.812 4.796163466380676e-14 
-0.81 4.529709940470639e-14 
-0.808 4.3520742565306136e-14 
-0.806 4.1744385725905886e-14 
-0.804 3.6415315207705135e-14 
-0.802 3.4638958368304884e-14 
-0.8 3.019806626980426e-14 
-0.798 2.5757174171303632e-14 
-0.796 2.220446049250313e-14 
-0.794 1.9539925233402755e-14 
-0.792 1.687538997430238e-14 
-0.79 1.509903313490213e-14 
-0.788 1.0658141036401503e-14 
-0.786 7.105427357601002e-15 
-0.784 2.6645352591003757e-15 
-0.782 3.552713678800501e-15 
-0.78 -8.881784197001252e-16 
-0.778 -1.7763568394002505e-15 
-0.776 -1.7763568394002505e-15 
-0.774 -1.7763568394002505e-15 
-0.772 -6.217248937900877e-15 
-0.77 -3.552713678800501e-15 
-0.768 -7.105427357601002e-15 
-0.766 -3.552713678800501e-15 
-0.764 -8.881784197001252e-16 
-0.762 0.0 
-0.76 -3.552713678800501e-15 
-0.758 -1.7763568394002505e-15 
-0.756 8.881784197001252e-16 
-0.754 -8.881784197001252e-16 
-0.752 0.0 
-0.75 -8.881784197001252e-16 
-0.748 0.0 
-0.746 1.7763568394002505e-15 
-0.744 2.6645352591003757e-15 
-0.742 7.105427357601002e-15 
-0.74 -8.881784197001252e-16 
-0.738 5.329070518200751e-15 
-0.736 4.440892098500626e-15 
-0.734 8.881784197001252e-16 
-0.732 4.440892098500626e-15 
-0.73 5.329070518200751e-15 
-0.728 5.329070518200751e-15 
-0.726 8.881784197001252e-16 
-0.724 -8.881784197001252e-16 
-0.722 1.7763568394002505e-15 
-0.72 -3.552713678800501e-15 
-0.718 2.6645352591003757e-15 
-0.716 0.0 
-0.714 -1.7763568394002505e-15 
-0.712 -6.217248937900877e-15 
-0.71 -3.552713678800501e-15 
-0.708 -5.329070518200751e-15 
-0.706 -8.881784197001252e-15 
-0.704 -1.2434497875801753e-14 
-0.702 -9.769962616701378e-15 
-0.7 -1.509903313490213e-14 
-0.698 -1.3322676295501878e-14 
-0.696 -1.9539925233402755e-14 
-0.694 -1.5987211554602254e-14 
-0.692 -1.865174681370263e-14 
-0.69 -2.220446049250313e-14 
-0.688 -1.865174681370263e-14 
-0.6859999999999999 -1.687538997430238e-14 
-0.6839999999999999 -2.1316282072803006e-14 
-0.6819999999999999 -2.398081733190338e-14 
-0.6799999999999999 -2.3092638912203256e-14 
-0.6779999999999999 -2.353672812205332e-14 
-0.6759999999999999 -2.353672812205332e-14 
-0.6739999999999999 -2.4424906541753444e-14 
-0.6719999999999999 -2.1316282072803006e-14 
-0.6699999999999999 -2.4424906541753444e-14 
-0.6679999999999999 -2.0872192862952943e-14 
-0.6659999999999999 -2.353672812205332e-14 
-0.6639999999999999 -2.1316282072803006e-14 
-0.6619999999999999 -1.7763568394002505e-14 
-0.6599999999999999 -1.865174681370263e-14 
-0.6579999999999999 -1.9984014443252818e-14 
-0.6559999999999999 -1.6431300764452317e-14 
-0.6539999999999999 -1.6431300764452317e-14 
-0.6519999999999999 -1.2434497875801753e-14 
-0.6499999999999999 -1.1546319456101628e-14 
-0.648 -8.881784197001252e-15 
-0.646 -6.217248937900877e-15 
-0.644 -6.217248937900877e-15 
-0.642 -3.552713678800501e-15 
-0.64 -1.3322676295501878e-15 
-0.638 1.7763568394002505e-15 
-0.636 4.440892098500626e-15 
-0.634 5.773159728050814e-15 
-0.632 4.884981308350689e-15 
-0.63 7.105427357601002e-15 
-0.628 1.021405182655144e-14 
-0.626 1.3766765505351941e-14 
-0.624 1.509903313490213e-14 
-0.622 1.687538997430238e-14 
-0.62 1.5987211554602254e-14 
-0.618 1.7763568394002505e-14 
-0.616 1.9984014443252818e-14 
-0.614 1.8207657603852567e-14 
-0.612 1.865174681370263e-14 
-0.61 2.1316282072803006e-14 
-0.608 1.9539925233402755e-14 
-0.606 1.8207657603852567e-14 
-0.604 1.8207657603852567e-14 
-0.602 1.865174681370263e-14 
-0.6 1.9984014443252818e-14 
-0.598 1.9539925233402755e-14 
-0.596 1.9095836023552692e-14 
-0.594 1.687538997430238e-14 
-0.592 2.0872192862952943e-14 
-0.59 1.6431300764452317e-14 
-0.588 1.4654943925052066e-14 
-0.586 1.4210854715202004e-14 
-0.584 1.4210854715202004e-14 
-0.5820000000000001 1.1546319456101628e-14 
-0.5800000000000001 1.1546319456101628e-14 
-0.5780000000000001 1.2434497875801753e-14 
-0.5760000000000001 1.021405182655144e-14 
-0.5740000000000001 7.993605777301127e-15 
-0.5720000000000001 4.440892098500626e-15 
-0.5700000000000001 3.552713678800501e-15 
-0.5680000000000001 4.440892098500626e-15 
-0.5660000000000001 1.7763568394002505e-15 
-0.5640000000000001 8.881784197001252e-16 
-0.562 -4.440892098500626e-15 
-0.56 -5.773159728050814e-15 
-0.558 -5.329070518200751e-15 
-0.556 -5.773159728050814e-15 
-0.554 -7.105427357601002e-15 
-0.552 -9.769962616701378e-15 
-0.55 -9.769962616701378e-15 
-0.548 -1.1102230246251565e-14 
-0.546 -9.769962616701378e-15 
-0.544 -1.1102230246251565e-14 
-0.542 -1.1546319456101628e-14 
-0.54 -1.3766765505351941e-14 
-0.538 -1.6431300764452317e-14 
-0.536 -1.4210854715202004e-14 
-0.534 -1.3322676295501878e-14 
-0.532 -1.554312234475219e-14 
-0.53 -1.5987211554602254e-14 
-0.528 -1.554312234475219e-14 
-0.526 -1.7319479184152442e-14 
-0.524 -1.3322676295501878e-14 
-0.522 -1.3766765505351941e-14 
-0.52 -1.554312234475219e-14 
-0.518 -1.4210854715202004e-14 
-0.516 -1.2878587085651816e-14 
-0.514 -1.5987211554602254e-14 
-0.512 -1.3766765505351941e-14 
-0.51 -1.4210854715202004e-14 
-0.508 -1.0436096431476471e-14 
-0.506 -1.2212453270876722e-14 
-0.504 -1.3988810110276972e-14 
-0.502 -1.1546319456101628e-14 
-0.5 -7.771561172376096e-15 
-0.498 -8.215650382226158e-15 
-0.496 -7.549516567451064e-15 
-0.494 -6.439293542825908e-15 
-0.492 -6.217248937900877e-15 
-0.49 -4.884981308350689e-15 
-0.488 -8.659739592076221e-15 
-0.486 -5.995204332975845e-15 
-0.484 -6.217248937900877e-15 
-0.482 -4.6629367034256575e-15 
-0.48 -4.440892098500626e-15 
-0.478 -2.886579864025407e-15 
-0.476 -1.5543122344752192e-15 
-0.474 -5.329070518200751e-15 
-0.472 -4.6629367034256575e-15 
-0.47 -2.220446049250313e-15 
-0.46799999999999997 -3.1086244689504383e-15 
-0.46599999999999997 -3.1086244689504383e-15 
-0.46399999999999997 -2.4424906541753444e-15 
-0.46199999999999997 -6.217248937900877e-15 
-0.45999999999999996 -4.440892098500626e-15 
-0.45799999999999996 -4.6629367034256575e-15 
-0.45599999999999996 -3.9968028886505635e-15 
-0.45399999999999996 -4.6629367034256575e-15 
-0.45199999999999996 -4.440892098500626e-15 
-0.44999999999999996 -4.218847493575595e-15 
-0.44799999999999995 -8.215650382226158e-15 
-0.44599999999999995 -5.551115123125783e-15 
-0.44399999999999995 -6.8833827526759706e-15 
-0.44199999999999995 -7.327471962526033e-15 
-0.43999999999999995 -9.325873406851315e-15 
-0.43799999999999994 -6.439293542825908e-15 
-0.43599999999999994 -8.881784197001252e-15 
-0.43399999999999994 -9.325873406851315e-15 
-0.43199999999999994 -1.1324274851176597e-14 
-0.42999999999999994 -9.992007221626409e-15 
-0.42799999999999994 -1.1324274851176597e-14 
-0.42599999999999993 -1.0658141036401503e-14 
-0.42399999999999993 -9.769962616701378e-15 
-0.42200000000000004 -1.3322676295501878e-14 
-0.42000000000000004 -1.3322676295501878e-14 
-0.41800000000000004 -1.3322676295501878e-14 
-0.41600000000000004 -1.3322676295501878e-14 
-0.41400000000000003 -1.3322676295501878e-14 
-0.41200000000000003 -1.3100631690576847e-14 
-0.41000000000000003 -1.3100631690576847e-14 
-0.40800000000000003 -1.354472090042691e-14 
-0.406 -1.3100631690576847e-14 
-0.404 -1.3877787807814457e-14 
-0.402 -1.3766765505351941e-14 
-0.4 -1.3655743202889425e-14 
-0.398 -1.3322676295501878e-14 
-0.396 -1.2878587085651816e-14 
-0.394 -1.2212453270876722e-14 
-0.392 -1.1879386363489175e-14 
-0.39 -1.1324274851176597e-14 
-0.388 -1.1102230246251565e-14 
-0.386 -1.0547118733938987e-14 
-0.384 -9.43689570931383e-15 
-0.382 -7.549516567451064e-15 
-0.38 -6.994405055138486e-15 
-0.378 -5.551115123125783e-15 
-0.376 -6.8833827526759706e-15 
-0.374 -5.10702591327572e-15 
-0.372 -4.440892098500626e-15 
-0.37 -3.4416913763379853e-15 
-0.368 -2.4424906541753444e-15 
-0.366 -1.5543122344752192e-15 
-0.364 -1.2212453270876722e-15 
-0.362 0.0 
-0.36 1.5543122344752192e-15 
-0.358 2.4424906541753444e-15 
-0.356 2.886579864025407e-15 
-0.354 3.3306690738754696e-15 
-0.352 5.440092820663267e-15 
-0.35 5.440092820663267e-15 
-0.348 7.993605777301127e-15 
-0.346 8.326672684688674e-15 
-0.344 8.43769498715119e-15 
-0.34199999999999997 9.381384558082573e-15 
-0.33999999999999997 1.0269562977782698e-14 
-0.33799999999999997 1.1046719095020308e-14 
-0.33599999999999997 1.1379786002407855e-14 
-0.33399999999999996 1.1601830607332886e-14 
-0.33199999999999996 1.2878587085651816e-14 
-0.32999999999999996 1.326716514427062e-14 
-0.32799999999999996 1.3600232051658168e-14 
-0.32599999999999996 1.2545520178264269e-14 
-0.32399999999999995 1.2934098236883074e-14 
-0.32199999999999995 1.432187701766452e-14 
-0.31999999999999995 1.4099832412739488e-14 
-0.31799999999999995 1.4155343563970746e-14 
-0.31599999999999995 1.4377388168895777e-14 
-0.31399999999999995 1.454392162258955e-14 
-0.31199999999999994 1.454392162258955e-14 
-0.30999999999999994 1.404432126150823e-14 
-0.30799999999999994 1.482147737874584e-14 
-0.30599999999999994 1.557087792036782e-14 
-0.30399999999999994 1.4460654895742664e-14 
-0.30199999999999994 1.429412144204889e-14 
-0.29999999999999993 1.4682699500667695e-14 
-0.29799999999999993 1.4099832412739488e-14 
-0.29600000000000004 1.3683498778505054e-14 
-0.29400000000000004 1.3739009929736312e-14 
-0.29200000000000004 1.3850032232198828e-14 
-0.29000000000000004 1.3086753902769033e-14 
-0.28800000000000003 1.3100631690576847e-14 
-0.28600000000000003 1.3003487175922146e-14 
-0.28400000000000003 1.3058998327153404e-14 
-0.28200000000000003 1.2961853812498703e-14 
-0.28 1.3211653993039363e-14 
-0.278 1.1449174941446927e-14 
-0.276 1.2299189444675562e-14 
-0.274 1.1797854360118265e-14 
-0.272 1.1455246473612846e-14 
-0.27 1.1575809755193234e-14 
-0.268 1.1230599783473849e-14 
-0.266 1.1095291352347658e-14 
-0.264 1.1636525076852422e-14 
-0.262 1.1150802503578916e-14 
-0.26 1.189326415129699e-14 
-0.258 1.1685097334179773e-14 
-0.256 1.1532441668293814e-14 
-0.254 1.1976530878143876e-14 
-0.252 1.2490009027033011e-14 
-0.25 1.2628786905111156e-14 
-0.248 1.2434497875801753e-14 
-0.246 1.2545520178264269e-14 
-0.244 1.2101430968414206e-14 
-0.242 1.2351231148954867e-14 
-0.24 1.2684298056342413e-14 
-0.238 1.304512053934559e-14 
-0.236 1.3322676295501878e-14 
-0.23399999999999999 1.429412144204889e-14 
-0.23199999999999998 1.3905543383430086e-14 
-0.22999999999999998 1.4072076837123859e-14 
-0.22799999999999998 1.4932499681208355e-14 
-0.22599999999999998 1.509903313490213e-14 
-0.22399999999999998 1.532107773982716e-14 
-0.22199999999999998 1.5931700403370996e-14 
-0.21999999999999997 1.5376588891058418e-14 
-0.21799999999999997 1.559863349598345e-14 
-0.21599999999999997 1.5210055437364645e-14 
-0.21399999999999997 1.559863349598345e-14 
-0.21199999999999997 1.6930901125533637e-14 
-0.20999999999999996 1.609823385706477e-14 
-0.20799999999999996 1.6431300764452317e-14 
-0.20599999999999996 1.582067810090848e-14 
-0.20399999999999996 1.6486811915683575e-14 
-0.20199999999999996 1.5931700403370996e-14 
-0.19999999999999996 1.687538997430238e-14 
-0.19799999999999995 1.6042722705833512e-14 
-0.19599999999999995 1.532107773982716e-14 
-0.19399999999999995 1.554312234475219e-14 
-0.19199999999999995 1.459943277382081e-14 
-0.18999999999999995 1.454392162258955e-14 
-0.18799999999999994 1.459943277382081e-14 
-0.18599999999999994 1.3988810110276972e-14 
-0.18399999999999994 1.2434497875801753e-14 
-0.18199999999999994 1.2490009027033011e-14 
-0.17999999999999994 1.1712852909795402e-14 
-0.17799999999999994 1.099120794378905e-14 
-0.17599999999999993 9.547918011776346e-15 
-0.17399999999999993 9.547918011776346e-15 
-0.17199999999999993 8.326672684688674e-15 
-0.16999999999999993 7.105427357601002e-15 
-0.16799999999999993 6.217248937900877e-15 
-0.16600000000000004 5.329070518200751e-15 
-0.16400000000000003 4.551914400963142e-15 
-0.16200000000000003 3.9968028886505635e-15 
-0.16000000000000003 1.9984014443252818e-15 
-0.15800000000000003 0.0 
-0.15600000000000003 3.3306690738754696e-16 
-0.15400000000000003 -9.992007221626409e-16 
-0.15200000000000002 -3.3306690738754696e-15 
-0.15000000000000002 -3.774758283725532e-15 
-0.14800000000000002 -5.440092820663267e-15 
-0.14600000000000002 -6.106226635438361e-15 
-0.14400000000000002 -7.216449660063518e-15 
-0.14200000000000002 -8.43769498715119e-15 
-0.14 -9.547918011776346e-15 
-0.138 -1.0769163338864018e-14 
-0.136 -1.1879386363489175e-14 
-0.134 -1.2545520178264269e-14 
-0.132 -1.3766765505351941e-14 
-0.13 -1.4988010832439613e-14 
-0.128 -1.6542323066914832e-14 
-0.126 -1.6431300764452317e-14 
-0.124 -1.7319479184152442e-14 
-0.122 -1.8207657603852567e-14 
-0.12 -1.8207657603852567e-14 
-0.118 -1.9539925233402755e-14 
-0.11599999999999999 -2.020605904817785e-14 
-0.11399999999999999 -2.0539125955565396e-14 
-0.11199999999999999 -2.0650148258027912e-14 
-0.10999999999999999 -2.0872192862952943e-14 
-0.10799999999999998 -2.098321516541546e-14 
-0.10599999999999998 -2.120525977034049e-14 
-0.10399999999999998 -2.1538326677728037e-14 
-0.10199999999999998 -2.1316282072803006e-14 
-0.09999999999999998 -2.2093438190040615e-14 
-0.09799999999999998 -2.19824158875781e-14 
-0.09599999999999997 -2.042810365310288e-14 
-0.09399999999999997 -2.042810365310288e-14 
-0.09199999999999997 -1.9872992140790302e-14 
-0.08999999999999997 -1.9206858326015208e-14 
-0.08799999999999997 -1.8318679906315083e-14 
-0.08599999999999997 -1.887379141862766e-14 
-0.08399999999999996 -1.765254609153999e-14 
-0.08199999999999996 -1.7208456881689926e-14 
-0.07999999999999996 -1.6209256159527285e-14 
-0.07799999999999996 -1.5654144647214707e-14 
-0.07599999999999996 -1.454392162258955e-14 
-0.07399999999999995 -1.3322676295501878e-14 
-0.07199999999999995 -1.2989609388114332e-14 
-0.06999999999999995 -1.1657341758564144e-14 
-0.06799999999999995 -9.992007221626409e-15 
-0.06599999999999995 -9.992007221626409e-15 
-0.06399999999999995 -8.659739592076221e-15 
-0.061999999999999944 -7.549516567451064e-15 
-0.05999999999999994 -6.5503158452884236e-15 
-0.05799999999999994 -5.551115123125783e-15 
-0.05599999999999994 -4.3298697960381105e-15 
-0.05399999999999994 -3.219646771412954e-15 
-0.051999999999999935 -1.887379141862766e-15 
-0.04999999999999993 -8.881784197001252e-16 
-0.04799999999999993 0.0 
-0.04599999999999993 1.5543122344752192e-15 
-0.04399999999999993 2.1094237467877974e-15 
-0.041999999999999926 2.4424906541753444e-15 
-0.040000000000000036 3.885780586188048e-15 
-0.038000000000000034 4.3298697960381105e-15 
-0.03600000000000003 4.773959005888173e-15 
-0.03400000000000003 5.662137425588298e-15 
-0.03200000000000003 6.661338147750939e-15 
-0.030000000000000027 6.772360450213455e-15 
-0.028000000000000025 7.438494264988549e-15 
-0.026000000000000023 7.549516567451064e-15 
-0.02400000000000002 8.326672684688674e-15 
-0.02200000000000002 8.104628079763643e-15 
-0.020000000000000018 8.104628079763643e-15 
-0.018000000000000016 8.43769498715119e-15 
-0.016000000000000014 7.66053886991358e-15 
-0.014000000000000012 8.326672684688674e-15 
-0.01200000000000001 7.438494264988549e-15 
-0.010000000000000009 7.216449660063518e-15 
-0.008000000000000007 6.8833827526759706e-15 
-0.006000000000000005 6.5503158452884236e-15 
-0.0040000000000000036 6.217248937900877e-15 
-0.0020000000000000018 5.773159728050814e-15 
0.0 5.329070518200751e-15 
0.0020000000000000018 4.440892098500626e-15 
0.0040000000000000036 3.552713678800501e-15 
0.006000000000000005 2.220446049250313e-15 
0.008000000000000007 2.6645352591003757e-15 
0.010000000000000009 8.881784197001252e-16 
0.01200000000000001 2.220446049250313e-16 
0.014000000000000012 -1.3322676295501878e-15 
0.016000000000000014 -3.1086244689504383e-15 
0.018000000000000016 -2.4424906541753444e-15 
0.020000000000000018 -3.1086244689504383e-15 
0.02200000000000002 -4.884981308350689e-15 
0.02400000000000002 -6.8833827526759706e-15 
0.026000000000000023 -6.661338147750939e-15 
0.028000000000000025 -8.43769498715119e-15 
0.030000000000000027 -8.659739592076221e-15 
0.03200000000000003 -9.992007221626409e-15 
0.03400000000000003 -1.1102230246251565e-14 
0.03600000000000003 -1.1546319456101628e-14 
0.038000000000000034 -1.3322676295501878e-14 
0.040000000000000036 -1.3322676295501878e-14 
0.04200000000000004 -1.532107773982716e-14 
0.04400000000000004 -1.5987211554602254e-14 
0.04600000000000004 -1.6653345369377348e-14 
0.04800000000000004 -1.6653345369377348e-14 
0.050000000000000044 -1.7763568394002505e-14 
0.052000000000000046 -1.7541523789077473e-14 
0.05400000000000005 -1.8207657603852567e-14 
0.05600000000000005 -2.020605904817785e-14 
0.05800000000000005 -2.020605904817785e-14 
0.06000000000000005 -1.9984014443252818e-14 
0.062000000000000055 -2.042810365310288e-14 
0.06400000000000006 -2.1316282072803006e-14 
0.06600000000000006 -2.0872192862952943e-14 
0.06800000000000006 -2.0872192862952943e-14 
0.07000000000000006 -2.0872192862952943e-14 
0.07200000000000006 -2.0650148258027912e-14 
0.07400000000000007 -2.0872192862952943e-14 
0.07600000000000007 -2.020605904817785e-14 
0.07800000000000007 -1.865174681370263e-14 
0.08000000000000007 -1.865174681370263e-14 
0.08200000000000007 -1.7541523789077473e-14 
0.08400000000000007 -1.709743457922741e-14 
0.08600000000000008 -1.6209256159527285e-14 
0.08800000000000008 -1.5987211554602254e-14 
0.09000000000000008 -1.509903313490213e-14 
0.09200000000000008 -1.4432899320127035e-14 
0.09400000000000008 -1.354472090042691e-14 
0.09600000000000009 -1.176836406102666e-14 
0.09800000000000009 -1.1102230246251565e-14 
0.10000000000000009 -1.0658141036401503e-14 
0.10200000000000009 -8.992806499463768e-15 
0.10400000000000009 -8.770761894538737e-15 
0.1060000000000001 -6.8833827526759706e-15 
0.1080000000000001 -5.551115123125783e-15 
0.1100000000000001 -4.9960036108132044e-15 
0.1120000000000001 -3.552713678800501e-15 
0.1140000000000001 -2.220446049250313e-15 
0.1160000000000001 -6.661338147750939e-16 
0.1180000000000001 3.3306690738754696e-16 
0.1200000000000001 1.2212453270876722e-15 
0.12200000000000011 1.9984014443252818e-15 
0.12400000000000011 3.885780586188048e-15 
0.1260000000000001 4.9960036108132044e-15 
0.1280000000000001 5.329070518200751e-15 
0.13000000000000012 6.661338147750939e-15 
0.13200000000000012 7.438494264988549e-15 
0.13400000000000012 8.659739592076221e-15 
0.13600000000000012 1.0103029524088925e-14 
0.13800000000000012 1.0658141036401503e-14 
0.14000000000000012 1.099120794378905e-14 
0.14200000000000013 1.2323475573339238e-14 
0.14400000000000013 1.2878587085651816e-14 
0.14600000000000013 1.4099832412739488e-14 
0.14800000000000013 1.4099832412739488e-14 
0.15000000000000013 1.4654943925052066e-14 
0.15200000000000014 1.509903313490213e-14 
0.15399999999999991 1.554312234475219e-14 
0.15599999999999992 1.609823385706477e-14 
0.15799999999999992 1.5654144647214707e-14 
0.15999999999999992 1.6431300764452317e-14 
0.16199999999999992 1.6542323066914832e-14 
0.16399999999999992 1.6764367671839864e-14 
0.16599999999999993 1.6542323066914832e-14 
0.16799999999999993 1.6764367671839864e-14 
0.16999999999999993 1.63202784619898e-14 
0.17199999999999993 1.5432100042289676e-14 
0.17399999999999993 1.554312234475219e-14 
0.17599999999999993 1.5432100042289676e-14 
0.17799999999999994 1.4765966227514582e-14 
0.17999999999999994 1.4654943925052066e-14 
0.18199999999999994 1.3877787807814457e-14 
0.18399999999999994 1.3655743202889425e-14 
0.18599999999999994 1.27675647831893e-14 
0.18799999999999994 1.2656542480726785e-14 
0.18999999999999995 1.2656542480726785e-14 
0.19199999999999995 1.2323475573339238e-14 
0.19399999999999995 1.0658141036401503e-14 
0.19599999999999995 1.0880185641326534e-14 
0.19799999999999995 9.658940314238862e-15 
0.19999999999999996 9.2148511043888e-15 
0.20199999999999996 8.659739592076221e-15 
0.20399999999999996 8.215650382226158e-15 
0.20599999999999996 7.66053886991358e-15 
0.20799999999999996 7.105427357601002e-15 
0.20999999999999996 6.772360450213455e-15 
0.21199999999999997 5.995204332975845e-15 
0.21399999999999997 5.440092820663267e-15 
0.21599999999999997 4.884981308350689e-15 
0.21799999999999997 4.6629367034256575e-15 
0.21999999999999997 4.107825191113079e-15 
0.22199999999999998 3.552713678800501e-15 
0.22399999999999998 3.219646771412954e-15 
0.22599999999999998 3.1086244689504383e-15 
0.22799999999999998 2.7755575615628914e-15 
0.22999999999999998 2.4424906541753444e-15 
0.23199999999999998 2.6645352591003757e-15 
0.23399999999999999 1.887379141862766e-15 
0.236 1.887379141862766e-15 
0.238 1.7763568394002505e-15 
0.24 1.9984014443252818e-15 
0.242 1.2212453270876722e-15 
0.244 1.6653345369377348e-15 
0.246 1.4432899320127035e-15 
0.248 1.1102230246251565e-15 
0.25 1.2212453270876722e-15 
0.252 1.7763568394002505e-15 
0.254 1.2212453270876722e-15 
0.256 2.3314683517128287e-15 
0.258 2.1094237467877974e-15 
0.26 1.6653345369377348e-15 
0.262 2.6645352591003757e-15 
0.264 2.3314683517128287e-15 
0.266 2.7755575615628914e-15 
0.268 2.9976021664879227e-15 
0.27 2.4424906541753444e-15 
0.272 3.4416913763379853e-15 
0.274 2.886579864025407e-15 
0.276 3.1086244689504383e-15 
0.278 3.219646771412954e-15 
0.28 3.219646771412954e-15 
0.28200000000000003 3.552713678800501e-15 
0.28400000000000003 3.497202527569243e-15 
0.28600000000000003 2.9976021664879227e-15 
0.28800000000000003 3.1086244689504383e-15 
0.29000000000000004 4.274358644806853e-15 
0.29200000000000004 3.6637359812630166e-15 
0.29400000000000004 3.941291737419306e-15 
0.29600000000000004 4.107825191113079e-15 
0.29800000000000004 3.83026943495679e-15 
0.30000000000000004 4.052314039881821e-15 
0.30200000000000005 3.1086244689504383e-15 
0.30400000000000005 2.942091015256665e-15 
0.30600000000000005 3.164135620181696e-15 
0.30800000000000005 3.3306690738754696e-15 
0.31000000000000005 2.275957200481571e-15 
0.31200000000000006 1.942890293094024e-15 
0.31400000000000006 1.942890293094024e-15 
0.31600000000000006 1.3322676295501878e-15 
0.31800000000000006 6.106226635438361e-16 
0.32000000000000006 4.440892098500626e-16 
0.32200000000000006 3.885780586188048e-16 
0.32400000000000007 -3.3306690738754696e-16 
0.32600000000000007 -9.992007221626409e-16 
0.32800000000000007 -8.326672684688674e-16 
0.33000000000000007 -7.216449660063518e-16 
0.3320000000000001 -1.7208456881689926e-15 
0.3340000000000001 -2.0816681711721685e-15 
0.3360000000000001 -2.55351295663786e-15 
0.3380000000000001 -2.248201624865942e-15 
0.3400000000000001 -3.83026943495679e-15 
0.3420000000000001 -3.552713678800501e-15 
0.3440000000000001 -4.218847493575595e-15 
0.3460000000000001 -4.163336342344337e-15 
0.3480000000000001 -4.496403249731884e-15 
0.3500000000000001 -5.329070518200751e-15 
0.3520000000000001 -4.579669976578771e-15 
0.3540000000000001 -6.328271240363392e-15 
0.3560000000000001 -6.5780714209040525e-15 
0.3580000000000001 -5.745404152435185e-15 
0.3600000000000001 -5.35682609381638e-15 
0.3620000000000001 -6.453171330633722e-15 
0.3640000000000001 -6.591949208711867e-15 
0.3660000000000001 -6.161737786669619e-15 
0.3680000000000001 -5.946632075648495e-15 
0.3700000000000001 -6.224187831804784e-15 
0.3720000000000001 -5.891120924417237e-15 
0.3740000000000001 -5.703770789011742e-15 
0.3760000000000001 -6.062858548538941e-15 
0.3780000000000001 -5.15863393668603e-15 
0.3800000000000001 -4.4287490341687885e-15 
0.3820000000000001 -4.145989107584569e-15 
0.3840000000000001 -3.899658373995862e-15 
0.3860000000000001 -3.851086116668512e-15 
0.3880000000000001 -2.733924198139448e-15 
0.3900000000000001 -2.886579864025407e-15 
0.3920000000000001 -2.345346139520643e-15 
0.39400000000000013 -2.040034807748725e-15 
0.39600000000000013 -9.853229343548264e-16 
0.39800000000000013 -6.106226635438361e-16 
0.40000000000000013 2.220446049250313e-16 
0.40200000000000014 8.604228440844963e-16 
0.40400000000000014 1.5543122344752192e-15 
0.40600000000000014 2.3869795029440866e-15 
0.4079999999999999 3.3306690738754696e-15 
0.4099999999999999 3.608224830031759e-15 
0.4119999999999999 4.440892098500626e-15 
0.4139999999999999 5.218048215738236e-15 
0.4159999999999999 5.800915303666443e-15 
0.4179999999999999 6.994405055138486e-15 
0.41999999999999993 5.828670879282072e-15 
0.42199999999999993 6.5503158452884236e-15 
0.42399999999999993 7.105427357601002e-15 
0.42599999999999993 7.771561172376096e-15 
0.42799999999999994 7.771561172376096e-15 
0.42999999999999994 8.049116928532385e-15 
0.43199999999999994 8.382183835919932e-15 
0.43399999999999994 7.993605777301127e-15 
0.43599999999999994 7.827072323607354e-15 
0.43799999999999994 8.992806499463768e-15 
0.43999999999999995 8.493206138382448e-15 
0.44199999999999995 8.770761894538737e-15 
0.44399999999999995 7.049916206369744e-15 
0.44599999999999995 7.993605777301127e-15 
0.44799999999999995 6.994405055138486e-15 
0.44999999999999996 7.549516567451064e-15 
0.45199999999999996 6.938893903907228e-15 
0.45399999999999996 4.884981308350689e-15 
0.45599999999999996 5.329070518200751e-15 
0.45799999999999996 4.773959005888173e-15 
0.45999999999999996 4.884981308350689e-15 
0.46199999999999997 3.3306690738754696e-15 
0.46399999999999997 3.6637359812630166e-15 
0.46599999999999997 1.6653345369377348e-15 
0.46799999999999997 1.5543122344752192e-15 
0.47 -2.220446049250313e-16 
0.472 -3.3306690738754696e-16 
0.474 -2.3314683517128287e-15 
0.476 -1.6653345369377348e-15 
0.478 -2.7755575615628914e-15 
0.48 -4.107825191113079e-15 
0.482 -6.106226635438361e-15 
0.484 -6.439293542825908e-15 
0.486 -7.438494264988549e-15 
0.488 -9.103828801926284e-15 
0.49 -8.770761894538737e-15 
0.492 -1.0103029524088925e-14 
0.494 -9.880984919163893e-15 
0.496 -1.1546319456101628e-14 
0.498 -1.1324274851176597e-14 
0.5 -1.3766765505351941e-14 
0.502 -1.3211653993039363e-14 
0.504 -1.432187701766452e-14 
0.506 -1.3433698597964394e-14 
0.508 -1.4654943925052066e-14 
0.51 -1.5432100042289676e-14 
0.512 -1.532107773982716e-14 
0.514 -1.609823385706477e-14 
0.516 -1.6431300764452317e-14 
0.518 -1.5987211554602254e-14 
0.52 -1.6209256159527285e-14 
0.522 -1.6209256159527285e-14 
0.524 -1.5987211554602254e-14 
0.526 -1.6209256159527285e-14 
0.528 -1.4876988529977098e-14 
0.53 -1.4432899320127035e-14 
0.532 -1.509903313490213e-14 
0.534 -1.3766765505351941e-14 
0.536 -1.3988810110276972e-14 
0.538 -1.354472090042691e-14 
0.54 -1.3766765505351941e-14 
0.542 -1.2656542480726785e-14 
0.544 -1.2212453270876722e-14 
0.546 -1.0658141036401503e-14 
0.548 -1.1546319456101628e-14 
0.55 -9.103828801926284e-15 
0.552 -1.021405182655144e-14 
0.554 -9.325873406851315e-15 
0.556 -7.105427357601002e-15 
0.558 -6.8833827526759706e-15 
0.56 -5.995204332975845e-15 
0.562 -5.10702591327572e-15 
0.5640000000000001 -5.551115123125783e-15 
0.5660000000000001 -4.884981308350689e-15 
0.5680000000000001 -3.9968028886505635e-15 
0.5700000000000001 -3.3306690738754696e-15 
0.5720000000000001 -3.9968028886505635e-15 
0.5740000000000001 -2.6645352591003757e-15 
0.5760000000000001 -2.4424906541753444e-15 
0.5780000000000001 -1.7763568394002505e-15 
0.5800000000000001 -1.7763568394002505e-15 
0.5820000000000001 -1.1102230246251565e-15 
0.5840000000000001 -1.3322676295501878e-15 
0.5860000000000001 -1.1102230246251565e-15 
0.5880000000000001 -1.5543122344752192e-15 
0.5900000000000001 -1.3322676295501878e-15 
0.5920000000000001 -8.881784197001252e-16 
0.5940000000000001 -2.220446049250313e-16 
0.5960000000000001 2.220446049250313e-16 
0.5980000000000001 -1.9984014443252818e-15 
0.6000000000000001 -8.881784197001252e-16 
0.6020000000000001 -2.4424906541753444e-15 
0.6040000000000001 -1.3322676295501878e-15 
0.6060000000000001 -1.3322676295501878e-15 
0.6080000000000001 -8.881784197001252e-16 
0.6100000000000001 -8.881784197001252e-16 
0.6120000000000001 -1.1102230246251565e-15 
0.6140000000000001 -1.3322676295501878e-15 
0.6160000000000001 -1.9984014443252818e-15 
0.6180000000000001 -2.220446049250313e-15 
0.6200000000000001 -1.1102230246251565e-15 
0.6220000000000001 2.220446049250313e-16 
0.6240000000000001 -1.3322676295501878e-15 
0.6260000000000001 -4.440892098500626e-16 
0.6280000000000001 -8.881784197001252e-16 
0.6300000000000001 4.440892098500626e-16 
0.6320000000000001 2.220446049250313e-16 
0.6340000000000001 2.6645352591003757e-15 
0.6360000000000001 2.220446049250313e-15 
0.6380000000000001 3.774758283725532e-15 
0.6400000000000001 3.9968028886505635e-15 
0.6420000000000001 3.1086244689504383e-15 
0.6440000000000001 3.552713678800501e-15 
0.6460000000000001 5.329070518200751e-15 
0.6480000000000001 7.105427357601002e-15 
0.6500000000000001 7.549516567451064e-15 
0.6520000000000001 8.881784197001252e-15 
0.6540000000000001 1.1102230246251565e-14 
0.6560000000000001 1.199040866595169e-14 
0.6580000000000001 1.3322676295501878e-14 
0.6600000000000001 1.3766765505351941e-14 
0.6620000000000001 1.554312234475219e-14 
0.6640000000000001 1.687538997430238e-14 
0.6659999999999999 1.7319479184152442e-14 
0.6679999999999999 1.9984014443252818e-14 
0.6699999999999999 1.9539925233402755e-14 
0.6719999999999999 2.042810365310288e-14 
0.6739999999999999 1.9984014443252818e-14 
0.6759999999999999 1.9984014443252818e-14 
0.6779999999999999 2.1760371282653068e-14 
0.6799999999999999 2.2648549702353193e-14 
0.6819999999999999 2.1760371282653068e-14 
0.6839999999999999 2.4868995751603507e-14 
0.6859999999999999 2.0872192862952943e-14 
0.688 2.1760371282653068e-14 
0.69 2.042810365310288e-14 
0.692 2.042810365310288e-14 
0.694 1.865174681370263e-14 
0.696 1.7319479184152442e-14 
0.698 1.6431300764452317e-14 
0.7 1.687538997430238e-14 
0.702 1.2878587085651816e-14 
0.704 9.769962616701378e-15 
0.706 9.325873406851315e-15 
0.708 7.105427357601002e-15 
0.71 2.6645352591003757e-15 
0.712 8.881784197001252e-16 
0.714 -1.7763568394002505e-15 
0.716 -4.884981308350689e-15 
0.718 -8.43769498715119e-15 
0.72 -1.2878587085651816e-14 
0.722 -1.554312234475219e-14 
0.724 -1.8207657603852567e-14 
0.726 -2.0872192862952943e-14 
0.728 -2.353672812205332e-14 
0.73 -2.398081733190338e-14 
0.732 -2.7533531010703882e-14 
0.734 -3.375077994860476e-14 
0.736 -3.375077994860476e-14 
0.738 -3.597122599785507e-14 
0.74 -3.774758283725532e-14 
0.742 -4.04121180963557e-14 
0.744 -4.1744385725905886e-14 
0.746 -4.440892098500626e-14 
0.748 -4.3076653355456074e-14 
0.75 -4.3520742565306136e-14 
0.752 -4.3520742565306136e-14 
0.754 -4.1744385725905886e-14 
0.756 -4.04121180963557e-14 
0.758 -3.907985046680551e-14 
0.76 -3.6415315207705135e-14 
0.762 -3.3306690738754696e-14 
0.764 -3.064215547965432e-14 
0.766 -3.064215547965432e-14 
0.768 -2.5757174171303632e-14 
0.77 -2.1760371282653068e-14 
0.772 -1.7763568394002505e-14 
0.774 -1.2878587085651816e-14 
0.776 -8.43769498715119e-15 
0.778 -3.552713678800501e-15 
0.78 1.3322676295501878e-15 
0.782 6.661338147750939e-15 
0.784 1.1102230246251565e-14 
0.786 1.687538997430238e-14 
0.788 2.2648549702353193e-14 
0.79 2.6201263381153694e-14 
0.792 3.197442310920451e-14 
0.794 3.68594044175552e-14 
0.796 3.952393967665557e-14 
0.798 4.440892098500626e-14 
0.8 4.574118861455645e-14 
0.802 4.973799150320701e-14 
0.804 5.3290705182007514e-14 
0.806 5.3734794391857577e-14 
0.808 5.5067062021407764e-14 
0.81 5.3734794391857577e-14 
0.812 5.5067062021407764e-14 
0.8140000000000001 5.240252676230739e-14 
0.8160000000000001 4.884981308350689e-14 
0.8180000000000001 4.6629367034256575e-14 
0.8200000000000001 4.440892098500626e-14 
0.8220000000000001 4.1744385725905886e-14 
0.8240000000000001 3.68594044175552e-14 
0.8260000000000001 3.241851231905457e-14 
0.8280000000000001 2.531308496145357e-14 
0.8300000000000001 1.8207657603852567e-14 
0.8320000000000001 9.769962616701378e-15 
0.8340000000000001 5.329070518200751e-15 
0.8360000000000001 0.0 
0.8380000000000001 -1.021405182655144e-14 
0.8400000000000001 -1.6431300764452317e-14 
0.8420000000000001 -2.1316282072803006e-14 
0.8440000000000001 -2.930988785010413e-14 
0.8460000000000001 -3.597122599785507e-14 
0.8480000000000001 -4.1744385725905886e-14 
0.8500000000000001 -4.707345624410664e-14 
0.8520000000000001 -4.884981308350689e-14 
0.8540000000000001 -5.551115123125783e-14 
0.8560000000000001 -5.950795411990839e-14 
0.8580000000000001 -6.217248937900877e-14 
0.8600000000000001 -6.261657858885883e-14 
0.8620000000000001 -6.306066779870889e-14 
0.8640000000000001 -6.039613253960852e-14 
0.8660000000000001 -5.861977570020827e-14 
0.8680000000000001 -5.950795411990839e-14 
0.8700000000000001 -5.3290705182007514e-14 
0.8720000000000001 -5.1514348342607263e-14 
0.8740000000000001 -4.529709940470639e-14 
0.8760000000000001 -3.8191672047105385e-14 
0.8780000000000001 -3.108624468950438e-14 
0.8800000000000001 -2.5757174171303632e-14 
0.8820000000000001 -1.2434497875801753e-14 
0.8840000000000001 -7.993605777301127e-15 
0.8860000000000001 -2.6645352591003757e-15 
0.8880000000000001 7.105427357601002e-15 
0.8900000000000001 1.5987211554602254e-14 
0.8920000000000001 2.3092638912203256e-14 
0.8940000000000001 2.930988785010413e-14 
0.8960000000000001 3.730349362740526e-14 
0.8980000000000001 4.1744385725905886e-14 
0.9000000000000001 4.440892098500626e-14 
0.9020000000000001 4.707345624410664e-14 
0.9040000000000001 4.707345624410664e-14 
0.9060000000000001 4.796163466380676e-14 
0.9080000000000001 4.263256414560601e-14 
0.9100000000000001 4.3520742565306136e-14 
0.9120000000000001 3.8191672047105385e-14 
0.9140000000000001 3.4638958368304884e-14 
0.9160000000000001 2.5757174171303632e-14 
0.9180000000000001 2.1316282072803006e-14 
0.9199999999999999 1.509903313490213e-14 
0.9219999999999999 1.1546319456101628e-14 
0.9239999999999999 0.0 
0.9259999999999999 -5.329070518200751e-15 
0.9279999999999999 -1.2434497875801753e-14 
0.9299999999999999 -1.687538997430238e-14 
0.9319999999999999 -2.3092638912203256e-14 
0.9339999999999999 -2.4868995751603507e-14 
0.9359999999999999 -2.7533531010703882e-14 
0.938 -2.6645352591003757e-14 
0.94 -2.1316282072803006e-14 
0.942 -2.042810365310288e-14 
0.944 -1.4210854715202004e-14 
0.946 -1.0658141036401503e-14 
0.948 -3.552713678800501e-15 
0.95 5.329070518200751e-15 
0.952 1.5987211554602254e-14 
0.954 2.4868995751603507e-14 
0.956 3.375077994860476e-14 
0.958 3.730349362740526e-14 
0.96 3.907985046680551e-14 
0.962 3.9968028886505635e-14 
0.964 3.730349362740526e-14 
0.966 2.842170943040401e-14 
0.968 1.7763568394002505e-14 
0.97 6.217248937900877e-15 
0.972 -9.769962616701378e-15 
0.974 -2.842170943040401e-14 
0.976 -4.085620730620576e-14 
0.978 -5.240252676230739e-14 
0.98 -5.950795411990839e-14 
0.982 -5.595524044110789e-14 
0.984 -5.062616992290714e-14 
0.986 -2.842170943040401e-14 
0.988 4.440892098500626e-15 
0.99 4.1744385725905886e-14 
0.992 8.260059303211165e-14 
0.994 1.0835776720341528e-13 
0.996 1.0302869668521453e-13 
0.998 2.6645352591003757e-14 
