-1.0 -1.2256862191861728e-13 
-0.998 2.5757174171303632e-14 
-0.996 8.970602038971265e-14 
-0.994 9.50350909079134e-14 
-0.992 7.460698725481052e-14 
-0.99 3.907985046680551e-14 
-0.988 5.329070518200751e-15 
-0.986 -2.7533531010703882e-14 
-0.984 -4.973799150320701e-14 
-0.982 -6.306066779870889e-14 
-0.98 -6.838973831690964e-14 
-0.978 -6.572520305780927e-14 
-0.976 -6.039613253960852e-14 
-0.974 -4.884981308350689e-14 
-0.972 -3.8191672047105385e-14 
-0.97 -2.220446049250313e-14 
-0.968 -8.881784197001252e-15 
-0.966 3.552713678800501e-15 
-0.964 1.4210854715202004e-14 
-0.962 2.4868995751603507e-14 
-0.96 3.019806626980426e-14 
-0.958 3.552713678800501e-14 
-0.956 3.552713678800501e-14 
-0.954 3.730349362740526e-14 
-0.952 3.8191672047105385e-14 
-0.95 3.108624468950438e-14 
-0.948 3.108624468950438e-14 
-0.946 2.6645352591003757e-14 
-0.944 2.220446049250313e-14 
-0.942 1.5987211554602254e-14 
-0.94 1.1546319456101628e-14 
-0.938 5.329070518200751e-15 
-0.9359999999999999 0.0 
-0.9339999999999999 -3.552713678800501e-15 
-0.9319999999999999 -4.440892098500626e-15 
-0.9299999999999999 -5.329070518200751e-15 
-0.9279999999999999 -6.217248937900877e-15 
-0.926 -6.217248937900877e-15 
-0.924 -8.881784197001252e-15 
-0.922 -7.993605777301127e-15 
-0.92 -9.769962616701378e-15 
-0.918 -7.993605777301127e-15 
-0.916 -9.769962616701378e-15 
-0.914 -5.329070518200751e-15 
-0.912 -1.1546319456101628e-14 
-0.91 -7.993605777301127e-15 
-0.908 -7.993605777301127e-15 
-0.906 -8.881784197001252e-15 
-0.904 -1.0658141036401503e-14 
-0.902 -8.881784197001252e-15 
-0.9 -1.2434497875801753e-14 
-0.898 -1.1546319456101628e-14 
-0.896 -1.687538997430238e-14 
-0.894 -1.554312234475219e-14 
-0.892 -1.7763568394002505e-14 
-0.89 -1.7319479184152442e-14 
-0.888 -2.042810365310288e-14 
-0.886 -2.2648549702353193e-14 
-0.884 -2.353672812205332e-14 
-0.882 -2.5757174171303632e-14 
-0.88 -2.4868995751603507e-14 
-0.878 -2.5757174171303632e-14 
-0.876 -2.6645352591003757e-14 
-0.874 -2.708944180085382e-14 
-0.872 -2.6201263381153694e-14 
-0.87 -2.708944180085382e-14 
-0.868 -2.5757174171303632e-14 
-0.866 -2.3092638912203256e-14 
-0.864 -2.353672812205332e-14 
-0.862 -1.865174681370263e-14 
-0.86 -1.7319479184152442e-14 
-0.858 -1.2878587085651816e-14 
-0.856 -1.2434497875801753e-14 
-0.854 -8.881784197001252e-15 
-0.852 -7.105427357601002e-15 
-0.85 -1.3322676295501878e-15 
-0.848 2.6645352591003757e-15 
-0.846 6.661338147750939e-15 
-0.844 8.43769498715119e-15 
-0.842 1.021405182655144e-14 
-0.84 1.7319479184152442e-14 
-0.838 1.7319479184152442e-14 
-0.836 2.1760371282653068e-14 
-0.834 2.398081733190338e-14 
-0.832 2.842170943040401e-14 
-0.83 3.019806626980426e-14 
-0.828 3.064215547965432e-14 
-0.826 3.3306690738754696e-14 
-0.8240000000000001 3.5083047578154947e-14 
-0.8220000000000001 3.552713678800501e-14 
-0.8200000000000001 3.4638958368304884e-14 
-0.8180000000000001 3.6415315207705135e-14 
-0.8160000000000001 3.552713678800501e-14 
-0.8140000000000001 3.552713678800501e-14 
-0.812 3.4638958368304884e-14 
-0.81 3.3306690738754696e-14 
-0.808 3.019806626980426e-14 
-0.806 3.064215547965432e-14 
-0.804 2.842170943040401e-14 
-0.802 2.6645352591003757e-14 
-0.8 2.353672812205332e-14 
-0.798 1.9984014443252818e-14 
-0.796 1.7319479184152442e-14 
-0.794 1.4654943925052066e-14 
-0.792 1.4654943925052066e-14 
-0.79 1.0658141036401503e-14 
-0.788 8.881784197001252e-15 
-0.786 5.773159728050814e-15 
-0.784 4.884981308350689e-15 
-0.782 2.6645352591003757e-15 
-0.78 0.0 
-0.778 -1.3322676295501878e-15 
-0.776 -4.884981308350689e-15 
-0.774 -5.329070518200751e-15 
-0.772 -7.105427357601002e-15 
-0.77 -7.993605777301127e-15 
-0.768 -9.325873406851315e-15 
-0.766 -9.325873406851315e-15 
-0.764 -8.881784197001252e-15 
-0.762 -9.325873406851315e-15 
-0.76 -8.43769498715119e-15 
-0.758 -8.881784197001252e-15 
-0.756 -9.769962616701378e-15 
-0.754 -8.881784197001252e-15 
-0.752 -8.43769498715119e-15 
-0.75 -7.993605777301127e-15 
-0.748 -8.43769498715119e-15 
-0.746 -6.661338147750939e-15 
-0.744 -4.884981308350689e-15 
-0.742 -2.6645352591003757e-15 
-0.74 -3.9968028886505635e-15 
-0.738 -2.220446049250313e-15 
-0.736 -2.220446049250313e-15 
-0.734 -3.1086244689504383e-15 
-0.732 -4.440892098500626e-16 
-0.73 8.881784197001252e-16 
-0.728 1.3322676295501878e-15 
-0.726 0.0 
-0.724 -4.440892098500626e-16 
-0.722 1.7763568394002505e-15 
-0.72 2.220446049250313e-15 
-0.718 3.1086244689504383e-15 
-0.716 1.3322676295501878e-15 
-0.714 2.6645352591003757e-15 
-0.712 1.3322676295501878e-15 
-0.71 0.0 
-0.708 -4.440892098500626e-16 
-0.706 -2.220446049250313e-15 
-0.704 0.0 
-0.702 -8.881784197001252e-16 
-0.7 -3.9968028886505635e-15 
-0.698 -3.552713678800501e-15 
-0.696 -6.661338147750939e-15 
-0.694 -6.217248937900877e-15 
-0.692 -7.549516567451064e-15 
-0.69 -9.325873406851315e-15 
-0.688 -8.43769498715119e-15 
-0.6859999999999999 -9.769962616701378e-15 
-0.6839999999999999 -1.199040866595169e-14 
-0.6819999999999999 -1.199040866595169e-14 
-0.6799999999999999 -1.2878587085651816e-14 
-0.6779999999999999 -1.4654943925052066e-14 
-0.6759999999999999 -1.5987211554602254e-14 
-0.6739999999999999 -1.4654943925052066e-14 
-0.6719999999999999 -1.3322676295501878e-14 
-0.6699999999999999 -1.7319479184152442e-14 
-0.6679999999999999 -1.554312234475219e-14 
-0.6659999999999999 -1.865174681370263e-14 
-0.6639999999999999 -1.7763568394002505e-14 
-0.6619999999999999 -1.4654943925052066e-14 
-0.6599999999999999 -1.7319479184152442e-14 
-0.6579999999999999 -1.7319479184152442e-14 
-0.6559999999999999 -1.6431300764452317e-14 
-0.6539999999999999 -1.4210854715202004e-14 
-0.6519999999999999 -1.2878587085651816e-14 
-0.6499999999999999 -1.021405182655144e-14 
-0.648 -1.1546319456101628e-14 
-0.646 -1.0658141036401503e-14 
-0.644 -8.43769498715119e-15 
-0.642 -6.661338147750939e-15 
-0.64 -5.773159728050814e-15 
-0.638 -3.9968028886505635e-15 
-0.636 -2.220446049250313e-15 
-0.634 1.7763568394002505e-15 
-0.632 0.0 
-0.63 2.220446049250313e-15 
-0.628 4.440892098500626e-15 
-0.626 7.105427357601002e-15 
-0.624 8.43769498715119e-15 
-0.622 1.021405182655144e-14 
-0.62 1.1102230246251565e-14 
-0.618 1.2878587085651816e-14 
-0.616 1.3766765505351941e-14 
-0.614 1.3322676295501878e-14 
-0.612 1.5987211554602254e-14 
-0.61 1.687538997430238e-14 
-0.608 1.7763568394002505e-14 
-0.606 1.9095836023552692e-14 
-0.604 1.8207657603852567e-14 
-0.602 2.1316282072803006e-14 
-0.6 1.9095836023552692e-14 
-0.598 2.1316282072803006e-14 
-0.596 1.865174681370263e-14 
-0.594 2.0872192862952943e-14 
-0.592 2.1760371282653068e-14 
-0.59 1.9984014443252818e-14 
-0.588 2.1316282072803006e-14 
-0.586 1.8207657603852567e-14 
-0.584 1.9095836023552692e-14 
-0.5820000000000001 1.7319479184152442e-14 
-0.5800000000000001 1.7763568394002505e-14 
-0.5780000000000001 1.8207657603852567e-14 
-0.5760000000000001 1.5987211554602254e-14 
-0.5740000000000001 1.3322676295501878e-14 
-0.5720000000000001 1.1102230246251565e-14 
-0.5700000000000001 9.325873406851315e-15 
-0.5680000000000001 9.992007221626409e-15 
-0.5660000000000001 8.215650382226158e-15 
-0.5640000000000001 7.105427357601002e-15 
-0.562 3.3306690738754696e-15 
-0.56 2.6645352591003757e-15 
-0.558 1.7763568394002505e-15 
-0.556 -4.440892098500626e-16 
-0.554 -1.7763568394002505e-15 
-0.552 -3.774758283725532e-15 
-0.55 -4.6629367034256575e-15 
-0.548 -5.551115123125783e-15 
-0.546 -5.773159728050814e-15 
-0.544 -8.43769498715119e-15 
-0.542 -8.659739592076221e-15 
-0.54 -1.0436096431476471e-14 
-0.538 -1.2656542480726785e-14 
-0.536 -1.176836406102666e-14 
-0.534 -1.2656542480726785e-14 
-0.532 -1.354472090042691e-14 
-0.53 -1.509903313490213e-14 
-0.528 -1.3766765505351941e-14 
-0.526 -1.6653345369377348e-14 
-0.524 -1.4432899320127035e-14 
-0.522 -1.4654943925052066e-14 
-0.52 -1.5987211554602254e-14 
-0.518 -1.6653345369377348e-14 
-0.516 -1.3988810110276972e-14 
-0.514 -1.509903313490213e-14 
-0.512 -1.4654943925052066e-14 
-0.51 -1.5987211554602254e-14 
-0.508 -1.2656542480726785e-14 
-0.506 -1.2878587085651816e-14 
-0.504 -1.354472090042691e-14 
-0.502 -1.1546319456101628e-14 
-0.5 -9.103828801926284e-15 
-0.498 -9.103828801926284e-15 
-0.496 -9.103828801926284e-15 
-0.494 -6.661338147750939e-15 
-0.492 -5.551115123125783e-15 
-0.49 -4.440892098500626e-15 
-0.488 -5.995204332975845e-15 
-0.486 -4.6629367034256575e-15 
-0.484 -3.552713678800501e-15 
-0.482 -1.3322676295501878e-15 
-0.48 -1.9984014443252818e-15 
-0.478 -4.440892098500626e-16 
-0.476 6.661338147750939e-16 
-0.474 -1.1102230246251565e-15 
-0.472 4.440892098500626e-16 
-0.47 2.220446049250313e-15 
-0.46799999999999997 3.1086244689504383e-15 
-0.46599999999999997 3.1086244689504383e-15 
-0.46399999999999997 4.218847493575595e-15 
-0.46199999999999997 1.3322676295501878e-15 
-0.45999999999999996 3.552713678800501e-15 
-0.45799999999999996 3.1086244689504383e-15 
-0.45599999999999996 4.884981308350689e-15 
-0.45399999999999996 3.774758283725532e-15 
-0.45199999999999996 3.774758283725532e-15 
-0.44999999999999996 3.9968028886505635e-15 
-0.44799999999999995 2.220446049250313e-16 
-0.44599999999999995 2.886579864025407e-15 
-0.44399999999999995 1.5543122344752192e-15 
-0.44199999999999995 2.220446049250313e-16 
-0.43999999999999995 -8.881784197001252e-16 
-0.43799999999999994 4.440892098500626e-16 
-0.43599999999999994 -1.3322676295501878e-15 
-0.43399999999999994 -2.4424906541753444e-15 
-0.43199999999999994 -4.440892098500626e-15 
-0.42999999999999994 -4.218847493575595e-15 
-0.42799999999999994 -4.440892098500626e-15 
-0.42599999999999993 -5.329070518200751e-15 
-0.42399999999999993 -5.773159728050814e-15 
-0.42200000000000004 -8.548717289613705e-15 
-0.42000000000000004 -8.881784197001252e-15 
-0.41800000000000004 -1.0436096431476471e-14 
-0.41600000000000004 -1.0325074129013956e-14 
-0.41400000000000003 -1.1213252548714081e-14 
-0.41200000000000003 -1.199040866595169e-14 
-0.41000000000000003 -1.2878587085651816e-14 
-0.40800000000000003 -1.3322676295501878e-14 
-0.406 -1.3766765505351941e-14 
-0.404 -1.4876988529977098e-14 
-0.402 -1.554312234475219e-14 
-0.4 -1.5765166949677223e-14 
-0.398 -1.5210055437364645e-14 
-0.396 -1.5765166949677223e-14 
-0.394 -1.609823385706477e-14 
-0.392 -1.5765166949677223e-14 
-0.39 -1.6209256159527285e-14 
-0.388 -1.5765166949677223e-14 
-0.386 -1.554312234475219e-14 
-0.384 -1.4876988529977098e-14 
-0.382 -1.354472090042691e-14 
-0.38 -1.27675647831893e-14 
-0.378 -1.27675647831893e-14 
-0.376 -1.27675647831893e-14 
-0.374 -1.0769163338864018e-14 
-0.372 -9.880984919163893e-15 
-0.37 -9.2148511043888e-15 
-0.368 -8.326672684688674e-15 
-0.366 -6.994405055138486e-15 
-0.364 -5.662137425588298e-15 
-0.362 -4.3298697960381105e-15 
-0.36 -2.886579864025407e-15 
-0.358 -1.6653345369377348e-15 
-0.356 -1.2212453270876722e-15 
-0.354 2.220446049250313e-16 
-0.352 2.1094237467877974e-15 
-0.35 2.942091015256665e-15 
-0.348 4.884981308350689e-15 
-0.346 6.38378239159465e-15 
-0.344 7.549516567451064e-15 
-0.34199999999999997 9.103828801926284e-15 
-0.33999999999999997 1.0158540675320182e-14 
-0.33799999999999997 1.1157741397482823e-14 
-0.33599999999999997 1.2045919817182948e-14 
-0.33399999999999996 1.2823075934420558e-14 
-0.33199999999999996 1.4654943925052066e-14 
-0.32999999999999996 1.5765166949677223e-14 
-0.32799999999999996 1.6542323066914832e-14 
-0.32599999999999996 1.6153745008296028e-14 
-0.32399999999999995 1.6542323066914832e-14 
-0.32199999999999995 1.8318679906315083e-14 
-0.31999999999999995 1.8818280267396403e-14 
-0.31799999999999995 1.8818280267396403e-14 
-0.31599999999999995 1.9373391779708982e-14 
-0.31399999999999995 1.9484414082171497e-14 
-0.31199999999999994 1.9789725413943415e-14 
-0.30999999999999994 1.9317880628477724e-14 
-0.30799999999999994 2.0095036745715333e-14 
-0.30599999999999994 1.9984014443252818e-14 
-0.30399999999999994 1.9040324872321435e-14 
-0.30199999999999994 1.837419105754634e-14 
-0.29999999999999993 1.892930256985892e-14 
-0.29799999999999993 1.790234627208065e-14 
-0.29600000000000004 1.7069679003611782e-14 
-0.29400000000000004 1.6153745008296028e-14 
-0.29200000000000004 1.6459056340067946e-14 
-0.29000000000000004 1.49741330446318e-14 
-0.28800000000000003 1.4127587988355117e-14 
-0.28600000000000003 1.3489209749195652e-14 
-0.28400000000000003 1.2628786905111156e-14 
-0.28200000000000003 1.186550857568136e-14 
-0.28 1.1220191442617988e-14 
-0.278 9.242606680004428e-15 
-0.276 8.607697887796917e-15 
-0.274 7.337880303381894e-15 
-0.272 6.3889865620225805e-15 
-0.27 5.5250942709861306e-15 
-0.268 4.427014310692812e-15 
-0.266 3.1780134079895106e-15 
-0.264 2.733924198139448e-15 
-0.262 1.3530843112619095e-15 
-0.26 1.3600232051658168e-15 
-0.258 3.608224830031759e-16 
-0.256 -9.020562075079397e-16 
-0.254 -1.5543122344752192e-15 
-0.252 -1.1934897514720433e-15 
-0.25 -1.8041124150158794e-15 
-0.248 -2.581268532253489e-15 
-0.246 -3.3861802251067274e-15 
-0.244 -4.163336342344337e-15 
-0.242 -4.579669976578771e-15 
-0.24 -4.385380947269368e-15 
-0.238 -4.6629367034256575e-15 
-0.236 -3.913536161803677e-15 
-0.23399999999999999 -3.608224830031759e-15 
-0.23199999999999998 -4.107825191113079e-15 
-0.22999999999999998 -4.163336342344337e-15 
-0.22799999999999998 -2.4424906541753444e-15 
-0.22599999999999998 -2.275957200481571e-15 
-0.22399999999999998 -2.1094237467877974e-15 
-0.22199999999999998 -1.1102230246251565e-15 
-0.21999999999999997 -1.7763568394002505e-15 
-0.21799999999999997 -6.661338147750939e-16 
-0.21599999999999997 -6.106226635438361e-16 
-0.21399999999999997 8.326672684688674e-16 
-0.21199999999999997 2.275957200481571e-15 
-0.20999999999999996 2.3314683517128287e-15 
-0.20799999999999996 3.4416913763379853e-15 
-0.20599999999999996 3.774758283725532e-15 
-0.20399999999999996 5.10702591327572e-15 
-0.20199999999999996 5.88418203051333e-15 
-0.19999999999999996 7.494005416219807e-15 
-0.19799999999999995 7.93809462606987e-15 
-0.19599999999999995 8.715250743307479e-15 
-0.19399999999999995 9.825473767932635e-15 
-0.19199999999999995 9.936496070395151e-15 
-0.18999999999999995 1.0935696792557792e-14 
-0.18799999999999994 1.2545520178264269e-14 
-0.18599999999999994 1.2601031329495527e-14 
-0.18399999999999994 1.2878587085651816e-14 
-0.18199999999999994 1.3822276656583199e-14 
-0.17999999999999994 1.432187701766452e-14 
-0.17799999999999994 1.4377388168895777e-14 
-0.17599999999999993 1.554312234475219e-14 
-0.17399999999999993 1.5432100042289676e-14 
-0.17199999999999993 1.532107773982716e-14 
-0.16999999999999993 1.554312234475219e-14 
-0.16799999999999993 1.5654144647214707e-14 
-0.16600000000000004 1.554312234475219e-14 
-0.16400000000000003 1.5765166949677223e-14 
-0.16200000000000003 1.532107773982716e-14 
-0.16000000000000003 1.4099832412739488e-14 
-0.15800000000000003 1.354472090042691e-14 
-0.15600000000000003 1.354472090042691e-14 
-0.15400000000000003 1.3433698597964394e-14 
-0.15200000000000002 1.1324274851176597e-14 
-0.15000000000000002 1.1324274851176597e-14 
-0.14800000000000002 1.0547118733938987e-14 
-0.14600000000000002 9.325873406851315e-15 
-0.14400000000000002 8.992806499463768e-15 
-0.14200000000000002 7.327471962526033e-15 
-0.14 6.439293542825908e-15 
-0.138 4.9960036108132044e-15 
-0.136 3.9968028886505635e-15 
-0.134 2.9976021664879227e-15 
-0.132 1.2212453270876722e-15 
-0.13 -4.440892098500626e-16 
-0.128 -1.4432899320127035e-15 
-0.126 -2.6645352591003757e-15 
-0.124 -3.6637359812630166e-15 
-0.122 -5.10702591327572e-15 
-0.12 -6.328271240363392e-15 
-0.118 -7.438494264988549e-15 
-0.11599999999999999 -9.547918011776346e-15 
-0.11399999999999999 -1.0436096431476471e-14 
-0.11199999999999999 -1.1324274851176597e-14 
-0.10999999999999999 -1.199040866595169e-14 
-0.10799999999999998 -1.3211653993039363e-14 
-0.10599999999999998 -1.4654943925052066e-14 
-0.10399999999999998 -1.5765166949677223e-14 
-0.10199999999999998 -1.5654144647214707e-14 
-0.09999999999999998 -1.7208456881689926e-14 
-0.09799999999999998 -1.765254609153999e-14 
-0.09599999999999997 -1.7985612998927536e-14 
-0.09399999999999997 -1.8207657603852567e-14 
-0.09199999999999997 -1.8318679906315083e-14 
-0.08999999999999997 -1.887379141862766e-14 
-0.08799999999999997 -1.865174681370263e-14 
-0.08599999999999997 -1.9206858326015208e-14 
-0.08399999999999996 -1.8540724511240114e-14 
-0.08199999999999996 -1.9095836023552692e-14 
-0.07999999999999996 -1.84297022087776e-14 
-0.07799999999999996 -1.8096635301390052e-14 
-0.07599999999999996 -1.7985612998927536e-14 
-0.07399999999999995 -1.687538997430238e-14 
-0.07199999999999995 -1.6431300764452317e-14 
-0.06999999999999995 -1.5765166949677223e-14 
-0.06799999999999995 -1.4432899320127035e-14 
-0.06599999999999995 -1.4432899320127035e-14 
-0.06399999999999995 -1.2989609388114332e-14 
-0.061999999999999944 -1.1657341758564144e-14 
-0.05999999999999994 -1.0436096431476471e-14 
-0.05799999999999994 -9.547918011776346e-15 
-0.05599999999999994 -8.43769498715119e-15 
-0.05399999999999994 -6.994405055138486e-15 
-0.051999999999999935 -5.662137425588298e-15 
-0.04999999999999993 -4.3298697960381105e-15 
-0.04799999999999993 -2.6645352591003757e-15 
-0.04599999999999993 -1.1102230246251565e-15 
-0.04399999999999993 -2.220446049250313e-16 
-0.041999999999999926 1.2212453270876722e-15 
-0.040000000000000036 2.3314683517128287e-15 
-0.038000000000000034 3.9968028886505635e-15 
-0.03600000000000003 5.329070518200751e-15 
-0.03400000000000003 6.328271240363392e-15 
-0.03200000000000003 7.66053886991358e-15 
-0.030000000000000027 8.770761894538737e-15 
-0.028000000000000025 9.43689570931383e-15 
-0.026000000000000023 1.0325074129013956e-14 
-0.02400000000000002 1.199040866595169e-14 
-0.02200000000000002 1.176836406102666e-14 
-0.020000000000000018 1.3433698597964394e-14 
-0.018000000000000016 1.3100631690576847e-14 
-0.016000000000000014 1.3322676295501878e-14 
-0.014000000000000012 1.432187701766452e-14 
-0.01200000000000001 1.4988010832439613e-14 
-0.010000000000000009 1.4876988529977098e-14 
-0.008000000000000007 1.4765966227514582e-14 
-0.006000000000000005 1.5432100042289676e-14 
-0.0040000000000000036 1.4876988529977098e-14 
-0.0020000000000000018 1.4654943925052066e-14 
0.0 1.4099832412739488e-14 
0.0020000000000000018 1.354472090042691e-14 
0.0040000000000000036 1.2656542480726785e-14 
0.006000000000000005 1.176836406102666e-14 
0.008000000000000007 1.2434497875801753e-14 
0.010000000000000009 1.1102230246251565e-14 
0.01200000000000001 9.769962616701378e-15 
0.014000000000000012 9.325873406851315e-15 
0.016000000000000014 7.993605777301127e-15 
0.018000000000000016 6.8833827526759706e-15 
0.020000000000000018 5.995204332975845e-15 
0.02200000000000002 3.1086244689504383e-15 
0.02400000000000002 1.9984014443252818e-15 
0.026000000000000023 1.1102230246251565e-15 
0.028000000000000025 -8.881784197001252e-16 
0.030000000000000027 -1.9984014443252818e-15 
0.03200000000000003 -2.886579864025407e-15 
0.03400000000000003 -4.440892098500626e-15 
0.03600000000000003 -5.551115123125783e-15 
0.038000000000000034 -9.103828801926284e-15 
0.040000000000000036 -8.881784197001252e-15 
0.04200000000000004 -1.0436096431476471e-14 
0.04400000000000004 -1.1546319456101628e-14 
0.04600000000000004 -1.3100631690576847e-14 
0.04800000000000004 -1.4654943925052066e-14 
0.050000000000000044 -1.554312234475219e-14 
0.052000000000000046 -1.709743457922741e-14 
0.05400000000000005 -1.8207657603852567e-14 
0.05600000000000005 -1.9317880628477724e-14 
0.05800000000000005 -1.887379141862766e-14 
0.06000000000000005 -1.9317880628477724e-14 
0.062000000000000055 -2.0872192862952943e-14 
0.06400000000000006 -2.1760371282653068e-14 
0.06600000000000006 -2.2426505097428162e-14 
0.06800000000000006 -2.3314683517128287e-14 
0.07000000000000006 -2.3092638912203256e-14 
0.07200000000000006 -2.2648549702353193e-14 
0.07400000000000007 -2.2648549702353193e-14 
0.07600000000000007 -2.2648549702353193e-14 
0.07800000000000007 -2.2870594307278225e-14 
0.08000000000000007 -2.19824158875781e-14 
0.08200000000000007 -2.1538326677728037e-14 
0.08400000000000007 -2.0872192862952943e-14 
0.08600000000000008 -1.9539925233402755e-14 
0.08800000000000008 -1.887379141862766e-14 
0.09000000000000008 -1.9095836023552692e-14 
0.09200000000000008 -1.7541523789077473e-14 
0.09400000000000008 -1.63202784619898e-14 
0.09600000000000009 -1.509903313490213e-14 
0.09800000000000009 -1.3988810110276972e-14 
0.10000000000000009 -1.2656542480726785e-14 
0.10200000000000009 -1.0769163338864018e-14 
0.10400000000000009 -9.992007221626409e-15 
0.1060000000000001 -8.43769498715119e-15 
0.1080000000000001 -5.88418203051333e-15 
0.1100000000000001 -4.551914400963142e-15 
0.1120000000000001 -2.7755575615628914e-15 
0.1140000000000001 -1.5543122344752192e-15 
0.1160000000000001 0.0 
0.1180000000000001 1.6653345369377348e-15 
0.1200000000000001 3.552713678800501e-15 
0.12200000000000011 4.773959005888173e-15 
0.12400000000000011 6.8833827526759706e-15 
0.1260000000000001 8.215650382226158e-15 
0.1280000000000001 9.325873406851315e-15 
0.13000000000000012 1.1324274851176597e-14 
0.13200000000000012 1.2545520178264269e-14 
0.13400000000000012 1.3766765505351941e-14 
0.13600000000000012 1.5210055437364645e-14 
0.13800000000000012 1.63202784619898e-14 
0.14000000000000012 1.787459069646502e-14 
0.14200000000000013 1.8540724511240114e-14 
0.14400000000000013 1.9206858326015208e-14 
0.14600000000000013 2.0095036745715333e-14 
0.14800000000000013 1.9984014443252818e-14 
0.15000000000000013 2.098321516541546e-14 
0.15200000000000014 2.1316282072803006e-14 
0.15399999999999991 2.19824158875781e-14 
0.15599999999999992 2.2093438190040615e-14 
0.15799999999999992 2.120525977034049e-14 
0.15999999999999992 2.1760371282653068e-14 
0.16199999999999992 2.1871393585115584e-14 
0.16399999999999992 2.1649348980190553e-14 
0.16599999999999993 2.098321516541546e-14 
0.16799999999999993 2.0539125955565396e-14 
0.16999999999999993 2.020605904817785e-14 
0.17199999999999993 1.887379141862766e-14 
0.17399999999999993 1.865174681370263e-14 
0.17599999999999993 1.7208456881689926e-14 
0.17799999999999994 1.6653345369377348e-14 
0.17999999999999994 1.4988010832439613e-14 
0.18199999999999994 1.4432899320127035e-14 
0.18399999999999994 1.3766765505351941e-14 
0.18599999999999994 1.176836406102666e-14 
0.18799999999999994 1.1102230246251565e-14 
0.18999999999999995 9.992007221626409e-15 
0.19199999999999995 8.548717289613705e-15 
0.19399999999999995 6.5503158452884236e-15 
0.19599999999999995 5.88418203051333e-15 
0.19799999999999995 4.3298697960381105e-15 
0.19999999999999996 3.1086244689504383e-15 
0.20199999999999996 1.5543122344752192e-15 
0.20399999999999996 8.881784197001252e-16 
0.20599999999999996 -2.220446049250313e-16 
0.20799999999999996 -1.887379141862766e-15 
0.20999999999999996 -2.55351295663786e-15 
0.21199999999999997 -3.4416913763379853e-15 
0.21399999999999997 -4.440892098500626e-15 
0.21599999999999997 -5.551115123125783e-15 
0.21799999999999997 -5.662137425588298e-15 
0.21999999999999997 -7.216449660063518e-15 
0.22199999999999998 -7.327471962526033e-15 
0.22399999999999998 -8.43769498715119e-15 
0.22599999999999998 -8.215650382226158e-15 
0.22799999999999998 -9.325873406851315e-15 
0.22999999999999998 -8.992806499463768e-15 
0.23199999999999998 -9.103828801926284e-15 
0.23399999999999999 -9.658940314238862e-15 
0.236 -9.325873406851315e-15 
0.238 -9.2148511043888e-15 
0.24 -8.548717289613705e-15 
0.242 -8.770761894538737e-15 
0.244 -8.215650382226158e-15 
0.246 -8.104628079763643e-15 
0.248 -6.994405055138486e-15 
0.25 -6.5503158452884236e-15 
0.252 -6.328271240363392e-15 
0.254 -5.218048215738236e-15 
0.256 -3.552713678800501e-15 
0.258 -3.3306690738754696e-15 
0.26 -2.220446049250313e-15 
0.262 -6.661338147750939e-16 
0.264 -4.440892098500626e-16 
0.266 1.3322676295501878e-15 
0.268 2.4424906541753444e-15 
0.27 2.6645352591003757e-15 
0.272 4.773959005888173e-15 
0.274 4.773959005888173e-15 
0.276 6.2727600891321345e-15 
0.278 7.494005416219807e-15 
0.28 8.326672684688674e-15 
0.28200000000000003 9.103828801926284e-15 
0.28400000000000003 1.0158540675320182e-14 
0.28600000000000003 1.0880185641326534e-14 
0.28800000000000003 1.149080830487037e-14 
0.29000000000000004 1.2878587085651816e-14 
0.29200000000000004 1.3378187446733136e-14 
0.29400000000000004 1.3933298959045715e-14 
0.29600000000000004 1.4488410471358293e-14 
0.29800000000000004 1.4932499681208355e-14 
0.30000000000000004 1.509903313490213e-14 
0.30200000000000005 1.4654943925052066e-14 
0.30400000000000005 1.459943277382081e-14 
0.30600000000000005 1.532107773982716e-14 
0.30800000000000005 1.5154544286133387e-14 
0.31000000000000005 1.426636586643326e-14 
0.31200000000000006 1.4210854715202004e-14 
0.31400000000000006 1.4099832412739488e-14 
0.31600000000000006 1.3322676295501878e-14 
0.31800000000000006 1.2323475573339238e-14 
0.32000000000000006 1.199040866595169e-14 
0.32200000000000006 1.1379786002407855e-14 
0.32400000000000007 1.0269562977782698e-14 
0.32600000000000007 9.103828801926284e-15 
0.32800000000000007 8.659739592076221e-15 
0.33000000000000007 7.93809462606987e-15 
0.3320000000000001 6.63358257213531e-15 
0.3340000000000001 5.218048215738236e-15 
0.3360000000000001 3.913536161803677e-15 
0.3380000000000001 3.0531133177191805e-15 
0.3400000000000001 1.4155343563970746e-15 
0.3420000000000001 8.049116928532385e-16 
0.3440000000000001 -7.494005416219807e-16 
0.3460000000000001 -1.7208456881689926e-15 
0.3480000000000001 -3.1086244689504383e-15 
0.3500000000000001 -4.9682480351975755e-15 
0.3520000000000001 -5.162537064506978e-15 
0.3540000000000001 -7.049916206369744e-15 
0.3560000000000001 -7.924216838262055e-15 
0.3580000000000001 -8.076872504148014e-15 
0.3600000000000001 -8.756884106730922e-15 
0.3620000000000001 -1.033895191682177e-14 
0.3640000000000001 -1.1407541578023483e-14 
0.3660000000000001 -1.1629586182948515e-14 
0.3680000000000001 -1.2233269952588444e-14 
0.3700000000000001 -1.2573275753879898e-14 
0.3720000000000001 -1.2857770403940094e-14 
0.3740000000000001 -1.3010426069826053e-14 
0.3760000000000001 -1.3931564235569738e-14 
0.3780000000000001 -1.3415050320597643e-14 
0.3800000000000001 -1.2998283005494216e-14 
0.3820000000000001 -1.2732870313669764e-14 
0.3840000000000001 -1.2656542480726785e-14 
0.3860000000000001 -1.2552459072168176e-14 
0.3880000000000001 -1.1657341758564144e-14 
0.3900000000000001 -1.1421419365831298e-14 
0.3920000000000001 -1.0755285551056204e-14 
0.39400000000000013 -9.96425164601078e-15 
0.39600000000000013 -8.867906409193438e-15 
0.39800000000000013 -8.257283745649602e-15 
0.40000000000000013 -6.855627177060342e-15 
0.40200000000000014 -5.9396931817445875e-15 
0.40400000000000014 -4.524158825347513e-15 
0.40600000000000014 -3.4416913763379853e-15 
0.4079999999999999 -1.5265566588595902e-15 
0.4099999999999999 -5.273559366969494e-16 
0.4119999999999999 8.881784197001252e-16 
0.4139999999999999 2.4147350785597155e-15 
0.4159999999999999 3.4139358007223564e-15 
0.4179999999999999 5.162537064506978e-15 
0.41999999999999993 5.467848396278896e-15 
0.42199999999999993 6.9111383282915995e-15 
0.42399999999999993 8.382183835919932e-15 
0.42599999999999993 9.159339953157541e-15 
0.42799999999999994 1.0436096431476471e-14 
0.42999999999999994 1.1102230246251565e-14 
0.43199999999999994 1.2323475573339238e-14 
0.43399999999999994 1.2545520178264269e-14 
0.43599999999999994 1.3156142841808105e-14 
0.43799999999999994 1.4765966227514582e-14 
0.43999999999999995 1.4988010832439613e-14 
0.44199999999999995 1.5709655798445965e-14 
0.44399999999999995 1.504352198367087e-14 
0.44599999999999995 1.5765166949677223e-14 
0.44799999999999995 1.559863349598345e-14 
0.44999999999999996 1.609823385706477e-14 
0.45199999999999996 1.587618925213974e-14 
0.45399999999999996 1.4710455076283324e-14 
0.45599999999999996 1.4488410471358293e-14 
0.45799999999999996 1.3933298959045715e-14 
0.45999999999999996 1.3766765505351941e-14 
0.46199999999999997 1.2434497875801753e-14 
0.46399999999999997 1.2045919817182948e-14 
0.46599999999999997 1.0880185641326534e-14 
0.46799999999999997 9.992007221626409e-15 
0.47 8.43769498715119e-15 
0.472 7.771561172376096e-15 
0.474 5.662137425588298e-15 
0.476 5.218048215738236e-15 
0.478 3.6637359812630166e-15 
0.48 2.4424906541753444e-15 
0.482 0.0 
0.484 -1.3322676295501878e-15 
0.486 -2.6645352591003757e-15 
0.488 -4.6629367034256575e-15 
0.49 -5.662137425588298e-15 
0.492 -6.994405055138486e-15 
0.494 -8.104628079763643e-15 
0.496 -1.0103029524088925e-14 
0.498 -1.0658141036401503e-14 
0.5 -1.3211653993039363e-14 
0.502 -1.3766765505351941e-14 
0.504 -1.4988010832439613e-14 
0.506 -1.509903313490213e-14 
0.508 -1.587618925213974e-14 
0.51 -1.7208456881689926e-14 
0.512 -1.7430501486614958e-14 
0.514 -1.7763568394002505e-14 
0.516 -1.8540724511240114e-14 
0.518 -1.8318679906315083e-14 
0.52 -1.8762769116165146e-14 
0.522 -1.8540724511240114e-14 
0.524 -1.84297022087776e-14 
0.526 -1.8318679906315083e-14 
0.528 -1.7763568394002505e-14 
0.53 -1.7208456881689926e-14 
0.532 -1.6542323066914832e-14 
0.534 -1.5210055437364645e-14 
0.536 -1.4988010832439613e-14 
0.538 -1.3655743202889425e-14 
0.54 -1.2878587085651816e-14 
0.542 -1.1546319456101628e-14 
0.544 -1.0658141036401503e-14 
0.546 -8.881784197001252e-15 
0.548 -8.659739592076221e-15 
0.55 -6.328271240363392e-15 
0.552 -5.440092820663267e-15 
0.554 -3.885780586188048e-15 
0.556 -2.6645352591003757e-15 
0.558 -1.2212453270876722e-15 
0.56 2.220446049250313e-16 
0.562 1.9984014443252818e-15 
0.5640000000000001 2.6645352591003757e-15 
0.5660000000000001 4.218847493575595e-15 
0.5680000000000001 5.10702591327572e-15 
0.5700000000000001 6.8833827526759706e-15 
0.5720000000000001 7.327471962526033e-15 
0.5740000000000001 8.215650382226158e-15 
0.5760000000000001 8.43769498715119e-15 
0.5780000000000001 8.881784197001252e-15 
0.5800000000000001 9.769962616701378e-15 
0.5820000000000001 1.0658141036401503e-14 
0.5840000000000001 1.0658141036401503e-14 
0.5860000000000001 1.0658141036401503e-14 
0.5880000000000001 9.992007221626409e-15 
0.5900000000000001 1.0658141036401503e-14 
0.5920000000000001 1.021405182655144e-14 
0.5940000000000001 9.325873406851315e-15 
0.5960000000000001 1.021405182655144e-14 
0.5980000000000001 7.993605777301127e-15 
0.6000000000000001 8.43769498715119e-15 
0.6020000000000001 7.993605777301127e-15 
0.6040000000000001 6.439293542825908e-15 
0.6060000000000001 5.329070518200751e-15 
0.6080000000000001 4.218847493575595e-15 
0.6100000000000001 3.552713678800501e-15 
0.6120000000000001 2.220446049250313e-15 
0.6140000000000001 1.3322676295501878e-15 
0.6160000000000001 1.1102230246251565e-15 
0.6180000000000001 -6.661338147750939e-16 
0.6200000000000001 -1.3322676295501878e-15 
0.6220000000000001 -1.9984014443252818e-15 
0.6240000000000001 -3.774758283725532e-15 
0.6260000000000001 -3.9968028886505635e-15 
0.6280000000000001 -4.884981308350689e-15 
0.6300000000000001 -5.551115123125783e-15 
0.6320000000000001 -6.217248937900877e-15 
0.6340000000000001 -5.773159728050814e-15 
0.6360000000000001 -6.8833827526759706e-15 
0.6380000000000001 -6.217248937900877e-15 
0.6400000000000001 -7.771561172376096e-15 
0.6420000000000001 -6.8833827526759706e-15 
0.6440000000000001 -6.439293542825908e-15 
0.6460000000000001 -6.217248937900877e-15 
0.6480000000000001 -4.884981308350689e-15 
0.6500000000000001 -5.10702591327572e-15 
0.6520000000000001 -3.9968028886505635e-15 
0.6540000000000001 -3.552713678800501e-15 
0.6560000000000001 -1.9984014443252818e-15 
0.6580000000000001 -1.1102230246251565e-15 
0.6600000000000001 0.0 
0.6620000000000001 2.220446049250313e-15 
0.6640000000000001 2.6645352591003757e-15 
0.6659999999999999 4.884981308350689e-15 
0.6679999999999999 5.995204332975845e-15 
0.6699999999999999 7.105427357601002e-15 
0.6719999999999999 8.659739592076221e-15 
0.6739999999999999 9.103828801926284e-15 
0.6759999999999999 1.1102230246251565e-14 
0.6779999999999999 1.2656542480726785e-14 
0.6799999999999999 1.3766765505351941e-14 
0.6819999999999999 1.3988810110276972e-14 
0.6839999999999999 1.6431300764452317e-14 
0.6859999999999999 1.687538997430238e-14 
0.688 1.687538997430238e-14 
0.69 1.9095836023552692e-14 
0.692 1.9095836023552692e-14 
0.694 1.9095836023552692e-14 
0.696 1.865174681370263e-14 
0.698 1.9095836023552692e-14 
0.7 1.84297022087776e-14 
0.702 1.7319479184152442e-14 
0.704 1.554312234475219e-14 
0.706 1.5765166949677223e-14 
0.708 1.4210854715202004e-14 
0.71 1.1546319456101628e-14 
0.712 9.992007221626409e-15 
0.714 9.325873406851315e-15 
0.716 6.8833827526759706e-15 
0.718 4.6629367034256575e-15 
0.72 2.220446049250313e-15 
0.722 -8.881784197001252e-16 
0.724 -3.1086244689504383e-15 
0.726 -6.439293542825908e-15 
0.728 -8.881784197001252e-15 
0.73 -1.021405182655144e-14 
0.732 -1.3988810110276972e-14 
0.734 -1.7319479184152442e-14 
0.736 -1.9095836023552692e-14 
0.738 -2.1760371282653068e-14 
0.74 -2.3092638912203256e-14 
0.742 -2.4868995751603507e-14 
0.744 -2.7755575615628914e-14 
0.746 -2.864375403532904e-14 
0.748 -2.9531932455029164e-14 
0.75 -3.019806626980426e-14 
0.752 -3.042011087472929e-14 
0.754 -2.930988785010413e-14 
0.756 -3.064215547965432e-14 
0.758 -2.930988785010413e-14 
0.76 -2.7755575615628914e-14 
0.762 -2.708944180085382e-14 
0.764 -2.531308496145357e-14 
0.766 -2.398081733190338e-14 
0.768 -2.1538326677728037e-14 
0.77 -1.887379141862766e-14 
0.772 -1.4210854715202004e-14 
0.774 -1.1102230246251565e-14 
0.776 -9.325873406851315e-15 
0.778 -4.884981308350689e-15 
0.78 -1.3322676295501878e-15 
0.782 2.6645352591003757e-15 
0.784 7.549516567451064e-15 
0.786 1.021405182655144e-14 
0.788 1.4654943925052066e-14 
0.79 1.8207657603852567e-14 
0.792 2.1316282072803006e-14 
0.794 2.4868995751603507e-14 
0.796 2.7977620220553945e-14 
0.798 3.1530333899354446e-14 
0.8 3.419486915845482e-14 
0.802 3.419486915845482e-14 
0.804 3.730349362740526e-14 
0.806 3.774758283725532e-14 
0.808 3.68594044175552e-14 
0.81 3.907985046680551e-14 
0.812 3.68594044175552e-14 
0.8140000000000001 3.597122599785507e-14 
0.8160000000000001 3.597122599785507e-14 
0.8180000000000001 3.375077994860476e-14 
0.8200000000000001 3.108624468950438e-14 
0.8220000000000001 2.708944180085382e-14 
0.8240000000000001 2.353672812205332e-14 
0.8260000000000001 1.9539925233402755e-14 
0.8280000000000001 1.687538997430238e-14 
0.8300000000000001 1.0658141036401503e-14 
0.8320000000000001 5.329070518200751e-15 
0.8340000000000001 1.7763568394002505e-15 
0.8360000000000001 -2.220446049250313e-15 
0.8380000000000001 -8.43769498715119e-15 
0.8400000000000001 -1.509903313490213e-14 
0.8420000000000001 -1.7319479184152442e-14 
0.8440000000000001 -2.3092638912203256e-14 
0.8460000000000001 -2.7977620220553945e-14 
0.8480000000000001 -3.1530333899354446e-14 
0.8500000000000001 -3.419486915845482e-14 
0.8520000000000001 -3.2862601528904634e-14 
0.8540000000000001 -4.1300296516055823e-14 
0.8560000000000001 -3.952393967665557e-14 
0.8580000000000001 -4.04121180963557e-14 
0.8600000000000001 -3.863576125695545e-14 
0.8620000000000001 -3.9968028886505635e-14 
0.8640000000000001 -3.863576125695545e-14 
0.8660000000000001 -3.730349362740526e-14 
0.8680000000000001 -3.419486915845482e-14 
0.8700000000000001 -3.019806626980426e-14 
0.8720000000000001 -2.6645352591003757e-14 
0.8740000000000001 -2.398081733190338e-14 
0.8760000000000001 -1.8207657603852567e-14 
0.8780000000000001 -1.2434497875801753e-14 
0.8800000000000001 -7.993605777301127e-15 
0.8820000000000001 -2.220446049250313e-15 
0.8840000000000001 3.552713678800501e-15 
0.8860000000000001 6.217248937900877e-15 
0.8880000000000001 1.2878587085651816e-14 
0.8900000000000001 1.687538997430238e-14 
0.8920000000000001 1.9984014443252818e-14 
0.8940000000000001 2.398081733190338e-14 
0.8960000000000001 2.6645352591003757e-14 
0.8980000000000001 2.7977620220553945e-14 
0.9000000000000001 2.9753977059954195e-14 
0.9020000000000001 3.019806626980426e-14 
0.9040000000000001 2.7533531010703882e-14 
0.9060000000000001 2.7977620220553945e-14 
0.9080000000000001 2.4868995751603507e-14 
0.9100000000000001 2.220446049250313e-14 
0.9120000000000001 1.8207657603852567e-14 
0.9140000000000001 1.3766765505351941e-14 
0.9160000000000001 1.2434497875801753e-14 
0.9180000000000001 7.993605777301127e-15 
0.9199999999999999 2.6645352591003757e-15 
0.9219999999999999 -1.3322676295501878e-15 
0.9239999999999999 -5.329070518200751e-15 
0.9259999999999999 -9.325873406851315e-15 
0.9279999999999999 -1.1546319456101628e-14 
0.9299999999999999 -1.4210854715202004e-14 
0.9319999999999999 -1.4210854715202004e-14 
0.9339999999999999 -1.2878587085651816e-14 
0.9359999999999999 -1.2434497875801753e-14 
0.938 -1.3322676295501878e-14 
0.94 -9.325873406851315e-15 
0.942 -6.217248937900877e-15 
0.944 -1.7763568394002505e-15 
0.946 3.552713678800501e-15 
0.948 7.105427357601002e-15 
0.95 1.0658141036401503e-14 
0.952 1.509903313490213e-14 
0.954 1.865174681370263e-14 
0.956 2.220446049250313e-14 
0.958 2.3092638912203256e-14 
0.96 2.2648549702353193e-14 
0.962 2.042810365310288e-14 
0.964 1.5987211554602254e-14 
0.966 8.881784197001252e-15 
0.968 1.3322676295501878e-15 
0.97 -4.440892098500626e-15 
0.972 -1.3322676295501878e-14 
0.974 -1.9539925233402755e-14 
0.976 -2.708944180085382e-14 
0.978 -3.108624468950438e-14 
0.98 -3.019806626980426e-14 
0.982 -2.6645352591003757e-14 
0.984 -1.9984014443252818e-14 
0.986 -7.105427357601002e-15 
0.988 1.1102230246251565e-14 
0.99 2.9753977059954195e-14 
0.992 4.3076653355456074e-14 
0.994 5.284661597215745e-14 
0.996 4.39648317751562e-14 
0.998 7.105427357601002e-15 
