-1.0 2.220446049250313e-16 
-0.998 1.1102230246251565e-16 
-0.996 2.220446049250313e-16 
-0.994 3.3306690738754696e-16 
-0.992 4.440892098500626e-16 
-0.99 7.771561172376096e-16 
-0.988 6.661338147750939e-16 
-0.986 4.440892098500626e-16 
-0.984 6.661338147750939e-16 
-0.982 5.551115123125783e-16 
-0.98 4.440892098500626e-16 
-0.978 5.551115123125783e-16 
-0.976 3.3306690738754696e-16 
-0.974 3.3306690738754696e-16 
-0.972 3.3306690738754696e-16 
-0.97 3.3306690738754696e-16 
-0.968 1.1102230246251565e-16 
-0.966 0.0 
-0.964 0.0 
-0.962 1.1102230246251565e-16 
-0.96 -2.220446049250313e-16 
-0.958 -3.3306690738754696e-16 
-0.956 -3.3306690738754696e-16 
-0.954 -3.3306690738754696e-16 
-0.952 -5.551115123125783e-16 
-0.95 -5.551115123125783e-16 
-0.948 -4.440892098500626e-16 
-0.946 -5.551115123125783e-16 
-0.944 -7.771561172376096e-16 
-0.942 -8.881784197001252e-16 
-0.94 -7.771561172376096e-16 
-0.938 -9.992007221626409e-16 
-0.9359999999999999 -7.771561172376096e-16 
-0.9339999999999999 -8.881784197001252e-16 
-0.9319999999999999 -7.771561172376096e-16 
-0.9299999999999999 -7.771561172376096e-16 
-0.9279999999999999 -7.771561172376096e-16 
-0.926 -6.661338147750939e-16 
-0.924 -7.771561172376096e-16 
-0.922 -8.881784197001252e-16 
-0.92 -7.771561172376096e-16 
-0.918 -7.771561172376096e-16 
-0.916 -8.881784197001252e-16 
-0.914 -5.551115123125783e-16 
-0.912 -6.661338147750939e-16 
-0.91 -5.551115123125783e-16 
-0.908 -6.661338147750939e-16 
-0.906 -4.440892098500626e-16 
-0.904 -6.661338147750939e-16 
-0.902 -7.771561172376096e-16 
-0.9 -7.771561172376096e-16 
-0.898 -7.771561172376096e-16 
-0.896 -6.661338147750939e-16 
-0.894 -5.551115123125783e-16 
-0.892 -4.440892098500626e-16 
-0.89 0.0 
-0.888 -1.1102230246251565e-16 
-0.886 -4.440892098500626e-16 
-0.884 -3.3306690738754696e-16 
-0.882 -2.220446049250313e-16 
-0.88 1.1102230246251565e-16 
-0.878 -1.1102230246251565e-16 
-0.876 0.0 
-0.874 -1.1102230246251565e-16 
-0.872 -1.1102230246251565e-16 
-0.87 2.220446049250313e-16 
-0.868 1.1102230246251565e-16 
-0.866 3.3306690738754696e-16 
-0.864 1.1102230246251565e-16 
-0.862 -1.1102230246251565e-16 
-0.86 3.3306690738754696e-16 
-0.858 3.3306690738754696e-16 
-0.856 2.220446049250313e-16 
-0.854 3.3306690738754696e-16 
-0.852 4.440892098500626e-16 
-0.85 3.3306690738754696e-16 
-0.848 5.551115123125783e-16 
-0.846 5.551115123125783e-16 
-0.844 4.440892098500626e-16 
-0.842 2.220446049250313e-16 
-0.84 5.551115123125783e-16 
-0.838 4.440892098500626e-16 
-0.836 6.661338147750939e-16 
-0.834 6.661338147750939e-16 
-0.832 4.440892098500626e-16 
-0.83 5.551115123125783e-16 
-0.828 5.551115123125783e-16 
-0.826 6.661338147750939e-16 
-0.8240000000000001 7.771561172376096e-16 
-0.8220000000000001 5.551115123125783e-16 
-0.8200000000000001 6.661338147750939e-16 
-0.8180000000000001 3.3306690738754696e-16 
-0.8160000000000001 6.661338147750939e-16 
-0.8140000000000001 4.440892098500626e-16 
-0.812 6.661338147750939e-16 
-0.81 5.551115123125783e-16 
-0.808 4.440892098500626e-16 
-0.806 8.881784197001252e-16 
-0.804 7.771561172376096e-16 
-0.802 6.661338147750939e-16 
-0.8 6.661338147750939e-16 
-0.798 3.3306690738754696e-16 
-0.796 4.440892098500626e-16 
-0.794 4.440892098500626e-16 
-0.792 5.551115123125783e-16 
-0.79 6.661338147750939e-16 
-0.788 5.551115123125783e-16 
-0.786 6.661338147750939e-16 
-0.784 4.440892098500626e-16 
-0.782 5.551115123125783e-16 
-0.78 2.220446049250313e-16 
-0.778 3.3306690738754696e-16 
-0.776 1.1102230246251565e-16 
-0.774 5.551115123125783e-16 
-0.772 3.3306690738754696e-16 
-0.77 5.551115123125783e-16 
-0.768 1.1102230246251565e-16 
-0.766 4.440892098500626e-16 
-0.764 4.440892098500626e-16 
-0.762 4.440892098500626e-16 
-0.76 3.3306690738754696e-16 
-0.758 2.220446049250313e-16 
-0.756 2.220446049250313e-16 
-0.754 3.3306690738754696e-16 
-0.752 5.551115123125783e-16 
-0.75 1.1102230246251565e-16 
-0.748 0.0 
-0.746 2.220446049250313e-16 
-0.744 0.0 
-0.742 1.1102230246251565e-16 
-0.74 1.1102230246251565e-16 
-0.738 2.220446049250313e-16 
-0.736 2.220446049250313e-16 
-0.734 1.1102230246251565e-16 
-0.732 0.0 
-0.73 1.1102230246251565e-16 
-0.728 0.0 
-0.726 -2.220446049250313e-16 
-0.724 -2.220446049250313e-16 
-0.722 -1.1102230246251565e-16 
-0.72 -3.3306690738754696e-16 
-0.718 -3.3306690738754696e-16 
-0.716 -3.3306690738754696e-16 
-0.714 -2.220446049250313e-16 
-0.712 -2.220446049250313e-16 
-0.71 -2.220446049250313e-16 
-0.708 -1.1102230246251565e-16 
-0.706 -3.3306690738754696e-16 
-0.704 0.0 
-0.702 -1.1102230246251565e-16 
-0.7 -4.440892098500626e-16 
-0.698 -3.3306690738754696e-16 
-0.696 -3.3306690738754696e-16 
-0.694 -3.3306690738754696e-16 
-0.692 -3.3306690738754696e-16 
-0.69 -3.3306690738754696e-16 
-0.688 -2.220446049250313e-16 
-0.6859999999999999 -2.220446049250313e-16 
-0.6839999999999999 -5.551115123125783e-16 
-0.6819999999999999 -3.3306690738754696e-16 
-0.6799999999999999 -5.551115123125783e-16 
-0.6779999999999999 -5.551115123125783e-16 
-0.6759999999999999 -4.440892098500626e-16 
-0.6739999999999999 -3.3306690738754696e-16 
-0.6719999999999999 0.0 
-0.6699999999999999 -5.551115123125783e-16 
-0.6679999999999999 -5.551115123125783e-16 
-0.6659999999999999 -3.3306690738754696e-16 
-0.6639999999999999 -2.220446049250313e-16 
-0.6619999999999999 -3.3306690738754696e-16 
-0.6599999999999999 -2.220446049250313e-16 
-0.6579999999999999 -5.551115123125783e-16 
-0.6559999999999999 -4.440892098500626e-16 
-0.6539999999999999 -6.661338147750939e-16 
-0.6519999999999999 -6.661338147750939e-16 
-0.6499999999999999 -5.551115123125783e-16 
-0.648 -7.771561172376096e-16 
-0.646 -5.551115123125783e-16 
-0.644 -5.551115123125783e-16 
-0.642 -4.440892098500626e-16 
-0.64 -4.440892098500626e-16 
-0.638 -6.661338147750939e-16 
-0.636 -6.661338147750939e-16 
-0.634 -4.440892098500626e-16 
-0.632 -5.551115123125783e-16 
-0.63 -5.551115123125783e-16 
-0.628 -3.3306690738754696e-16 
-0.626 -3.3306690738754696e-16 
-0.624 -3.3306690738754696e-16 
-0.622 -3.3306690738754696e-16 
-0.62 -5.551115123125783e-16 
-0.618 -5.551115123125783e-16 
-0.616 -5.551115123125783e-16 
-0.614 -7.771561172376096e-16 
-0.612 -7.771561172376096e-16 
-0.61 -6.661338147750939e-16 
-0.608 -7.771561172376096e-16 
-0.606 -6.661338147750939e-16 
-0.604 -5.551115123125783e-16 
-0.602 -6.661338147750939e-16 
-0.6 -9.992007221626409e-16 
-0.598 -7.771561172376096e-16 
-0.596 -7.771561172376096e-16 
-0.594 -6.661338147750939e-16 
-0.592 -5.551115123125783e-16 
-0.59 -7.771561172376096e-16 
-0.588 -6.661338147750939e-16 
-0.586 -6.661338147750939e-16 
-0.584 -7.771561172376096e-16 
-0.5820000000000001 -8.881784197001252e-16 
-0.5800000000000001 -6.661338147750939e-16 
-0.5780000000000001 -6.661338147750939e-16 
-0.5760000000000001 -7.771561172376096e-16 
-0.5740000000000001 -6.661338147750939e-16 
-0.5720000000000001 -8.881784197001252e-16 
-0.5700000000000001 -7.771561172376096e-16 
-0.5680000000000001 -5.551115123125783e-16 
-0.5660000000000001 -6.661338147750939e-16 
-0.5640000000000001 -7.771561172376096e-16 
-0.562 -6.661338147750939e-16 
-0.56 -7.771561172376096e-16 
-0.558 -6.661338147750939e-16 
-0.556 -8.881784197001252e-16 
-0.554 -6.661338147750939e-16 
-0.552 -9.992007221626409e-16 
-0.55 -8.881784197001252e-16 
-0.548 -8.881784197001252e-16 
-0.546 -7.771561172376096e-16 
-0.544 -9.992007221626409e-16 
-0.542 -8.881784197001252e-16 
-0.54 -6.661338147750939e-16 
-0.538 -5.551115123125783e-16 
-0.536 -4.440892098500626e-16 
-0.534 -5.551115123125783e-16 
-0.532 -5.551115123125783e-16 
-0.53 -6.661338147750939e-16 
-0.528 -5.551115123125783e-16 
-0.526 -6.661338147750939e-16 
-0.524 -7.771561172376096e-16 
-0.522 -4.440892098500626e-16 
-0.52 -6.661338147750939e-16 
-0.518 -6.661338147750939e-16 
-0.516 -6.661338147750939e-16 
-0.514 -6.661338147750939e-16 
-0.512 -5.551115123125783e-16 
-0.51 -4.440892098500626e-16 
-0.508 -2.220446049250313e-16 
-0.506 -3.3306690738754696e-16 
-0.504 -4.440892098500626e-16 
-0.502 -4.440892098500626e-16 
-0.5 -2.220446049250313e-16 
-0.498 -4.440892098500626e-16 
-0.496 -5.551115123125783e-16 
-0.494 -4.440892098500626e-16 
-0.492 -4.440892098500626e-16 
-0.49 -4.440892098500626e-16 
-0.488 -4.440892098500626e-16 
-0.486 -3.3306690738754696e-16 
-0.484 -4.440892098500626e-16 
-0.482 -4.440892098500626e-16 
-0.48 -4.440892098500626e-16 
-0.478 -2.220446049250313e-16 
-0.476 -3.3306690738754696e-16 
-0.474 -3.3306690738754696e-16 
-0.472 -3.3306690738754696e-16 
-0.47 -3.3306690738754696e-16 
-0.46799999999999997 -3.3306690738754696e-16 
-0.46599999999999997 0.0 
-0.46399999999999997 1.1102230246251565e-16 
-0.46199999999999997 -2.220446049250313e-16 
-0.45999999999999996 0.0 
-0.45799999999999996 -2.220446049250313e-16 
-0.45599999999999996 -2.220446049250313e-16 
-0.45399999999999996 -1.1102230246251565e-16 
-0.45199999999999996 0.0 
-0.44999999999999996 0.0 
-0.44799999999999995 0.0 
-0.44599999999999995 0.0 
-0.44399999999999995 -1.1102230246251565e-16 
-0.44199999999999995 0.0 
-0.43999999999999995 2.220446049250313e-16 
-0.43799999999999994 3.3306690738754696e-16 
-0.43599999999999994 2.220446049250313e-16 
-0.43399999999999994 1.1102230246251565e-16 
-0.43199999999999994 1.1102230246251565e-16 
-0.42999999999999994 2.220446049250313e-16 
-0.42799999999999994 2.220446049250313e-16 
-0.42599999999999993 3.3306690738754696e-16 
-0.42399999999999993 3.3306690738754696e-16 
-0.42200000000000004 1.1102230246251565e-16 
-0.42000000000000004 1.1102230246251565e-16 
-0.41800000000000004 1.1102230246251565e-16 
-0.41600000000000004 1.1102230246251565e-16 
-0.41400000000000003 4.440892098500626e-16 
-0.41200000000000003 3.3306690738754696e-16 
-0.41000000000000003 3.3306690738754696e-16 
-0.40800000000000003 1.1102230246251565e-16 
-0.406 2.220446049250313e-16 
-0.404 4.440892098500626e-16 
-0.402 2.220446049250313e-16 
-0.4 4.440892098500626e-16 
-0.398 4.440892098500626e-16 
-0.396 4.440892098500626e-16 
-0.394 5.551115123125783e-16 
-0.392 5.551115123125783e-16 
-0.39 3.3306690738754696e-16 
-0.388 4.440892098500626e-16 
-0.386 5.551115123125783e-16 
-0.384 5.551115123125783e-16 
-0.382 5.551115123125783e-16 
-0.38 7.771561172376096e-16 
-0.378 5.551115123125783e-16 
-0.376 2.220446049250313e-16 
-0.374 4.440892098500626e-16 
-0.372 5.551115123125783e-16 
-0.37 3.3306690738754696e-16 
-0.368 5.551115123125783e-16 
-0.366 3.3306690738754696e-16 
-0.364 3.3306690738754696e-16 
-0.362 5.551115123125783e-16 
-0.36 3.3306690738754696e-16 
-0.358 6.661338147750939e-16 
-0.356 5.551115123125783e-16 
-0.354 4.440892098500626e-16 
-0.352 4.440892098500626e-16 
-0.35 4.440892098500626e-16 
-0.348 4.440892098500626e-16 
-0.346 5.551115123125783e-16 
-0.344 5.551115123125783e-16 
-0.34199999999999997 5.551115123125783e-16 
-0.33999999999999997 4.440892098500626e-16 
-0.33799999999999997 2.220446049250313e-16 
-0.33599999999999997 5.551115123125783e-16 
-0.33399999999999996 2.220446049250313e-16 
-0.33199999999999996 5.551115123125783e-16 
-0.32999999999999996 4.440892098500626e-16 
-0.32799999999999996 4.440892098500626e-16 
-0.32599999999999996 4.440892098500626e-16 
-0.32399999999999995 3.3306690738754696e-16 
-0.32199999999999995 4.440892098500626e-16 
-0.31999999999999995 5.551115123125783e-16 
-0.31799999999999995 5.551115123125783e-16 
-0.31599999999999995 4.440892098500626e-16 
-0.31399999999999995 5.551115123125783e-16 
-0.31199999999999994 5.551115123125783e-16 
-0.30999999999999994 3.3306690738754696e-16 
-0.30799999999999994 4.440892098500626e-16 
-0.30599999999999994 3.3306690738754696e-16 
-0.30399999999999994 4.440892098500626e-16 
-0.30199999999999994 3.3306690738754696e-16 
-0.29999999999999993 5.551115123125783e-16 
-0.29799999999999993 4.440892098500626e-16 
-0.29600000000000004 5.551115123125783e-16 
-0.29400000000000004 3.3306690738754696e-16 
-0.29200000000000004 0.0 
-0.29000000000000004 2.220446049250313e-16 
-0.28800000000000003 2.220446049250313e-16 
-0.28600000000000003 2.220446049250313e-16 
-0.28400000000000003 4.440892098500626e-16 
-0.28200000000000003 3.3306690738754696e-16 
-0.28 2.220446049250313e-16 
-0.278 2.220446049250313e-16 
-0.276 3.3306690738754696e-16 
-0.274 2.220446049250313e-16 
-0.272 1.1102230246251565e-16 
-0.27 1.1102230246251565e-16 
-0.268 0.0 
-0.266 0.0 
-0.264 -1.1102230246251565e-16 
-0.262 0.0 
-0.26 2.220446049250313e-16 
-0.258 1.1102230246251565e-16 
-0.256 1.1102230246251565e-16 
-0.254 0.0 
-0.252 0.0 
-0.25 0.0 
-0.248 0.0 
-0.246 -1.1102230246251565e-16 
-0.244 -1.1102230246251565e-16 
-0.242 -1.1102230246251565e-16 
-0.24 -2.220446049250313e-16 
-0.238 -1.1102230246251565e-16 
-0.236 -1.1102230246251565e-16 
-0.23399999999999999 -1.1102230246251565e-16 
-0.23199999999999998 -2.220446049250313e-16 
-0.22999999999999998 0.0 
-0.22799999999999998 -1.1102230246251565e-16 
-0.22599999999999998 -2.220446049250313e-16 
-0.22399999999999998 -2.220446049250313e-16 
-0.22199999999999998 -2.220446049250313e-16 
-0.21999999999999997 -2.220446049250313e-16 
-0.21799999999999997 -3.3306690738754696e-16 
-0.21599999999999997 -1.1102230246251565e-16 
-0.21399999999999997 -1.1102230246251565e-16 
-0.21199999999999997 -1.1102230246251565e-16 
-0.20999999999999996 -1.1102230246251565e-16 
-0.20799999999999996 -3.3306690738754696e-16 
-0.20599999999999996 -4.440892098500626e-16 
-0.20399999999999996 -2.220446049250313e-16 
-0.20199999999999996 -4.440892098500626e-16 
-0.19999999999999996 -3.3306690738754696e-16 
-0.19799999999999995 -2.220446049250313e-16 
-0.19599999999999995 -1.1102230246251565e-16 
-0.19399999999999995 1.1102230246251565e-16 
-0.19199999999999995 -1.1102230246251565e-16 
-0.18999999999999995 -1.1102230246251565e-16 
-0.18799999999999994 -3.3306690738754696e-16 
-0.18599999999999994 -2.220446049250313e-16 
-0.18399999999999994 -2.220446049250313e-16 
-0.18199999999999994 -4.440892098500626e-16 
-0.17999999999999994 -3.3306690738754696e-16 
-0.17799999999999994 -1.1102230246251565e-16 
-0.17599999999999993 -2.220446049250313e-16 
-0.17399999999999993 -2.220446049250313e-16 
-0.17199999999999993 -2.220446049250313e-16 
-0.16999999999999993 -1.1102230246251565e-16 
-0.16799999999999993 -2.220446049250313e-16 
-0.16600000000000004 -3.3306690738754696e-16 
-0.16400000000000003 -1.1102230246251565e-16 
-0.16200000000000003 -1.1102230246251565e-16 
-0.16000000000000003 -2.220446049250313e-16 
-0.15800000000000003 0.0 
-0.15600000000000003 -2.220446049250313e-16 
-0.15400000000000003 0.0 
-0.15200000000000002 -1.1102230246251565e-16 
-0.15000000000000002 -1.1102230246251565e-16 
-0.14800000000000002 0.0 
-0.14600000000000002 -2.220446049250313e-16 
-0.14400000000000002 -1.1102230246251565e-16 
-0.14200000000000002 0.0 
-0.14 -3.3306690738754696e-16 
-0.138 0.0 
-0.136 -2.220446049250313e-16 
-0.134 0.0 
-0.132 1.1102230246251565e-16 
-0.13 -1.1102230246251565e-16 
-0.128 -1.1102230246251565e-16 
-0.126 1.1102230246251565e-16 
-0.124 -1.1102230246251565e-16 
-0.122 1.1102230246251565e-16 
-0.12 0.0 
-0.118 0.0 
-0.11599999999999999 -1.1102230246251565e-16 
-0.11399999999999999 1.1102230246251565e-16 
-0.11199999999999999 0.0 
-0.10999999999999999 1.1102230246251565e-16 
-0.10799999999999998 1.1102230246251565e-16 
-0.10599999999999998 1.1102230246251565e-16 
-0.10399999999999998 0.0 
-0.10199999999999998 -1.1102230246251565e-16 
-0.09999999999999998 2.220446049250313e-16 
-0.09799999999999998 -2.220446049250313e-16 
-0.09599999999999997 1.1102230246251565e-16 
-0.09399999999999997 0.0 
-0.09199999999999997 1.1102230246251565e-16 
-0.08999999999999997 3.3306690738754696e-16 
-0.08799999999999997 2.220446049250313e-16 
-0.08599999999999997 2.220446049250313e-16 
-0.08399999999999996 1.1102230246251565e-16 
-0.08199999999999996 2.220446049250313e-16 
-0.07999999999999996 2.220446049250313e-16 
-0.07799999999999996 4.440892098500626e-16 
-0.07599999999999996 4.440892098500626e-16 
-0.07399999999999995 4.440892098500626e-16 
-0.07199999999999995 3.3306690738754696e-16 
-0.06999999999999995 4.440892098500626e-16 
-0.06799999999999995 2.220446049250313e-16 
-0.06599999999999995 3.3306690738754696e-16 
-0.06399999999999995 2.220446049250313e-16 
-0.061999999999999944 3.3306690738754696e-16 
-0.05999999999999994 3.3306690738754696e-16 
-0.05799999999999994 2.220446049250313e-16 
-0.05599999999999994 2.220446049250313e-16 
-0.05399999999999994 2.220446049250313e-16 
-0.051999999999999935 5.551115123125783e-16 
-0.04999999999999993 3.3306690738754696e-16 
-0.04799999999999993 3.3306690738754696e-16 
-0.04599999999999993 4.440892098500626e-16 
-0.04399999999999993 3.3306690738754696e-16 
-0.041999999999999926 2.220446049250313e-16 
-0.040000000000000036 2.220446049250313e-16 
-0.038000000000000034 4.440892098500626e-16 
-0.03600000000000003 4.440892098500626e-16 
-0.03400000000000003 4.440892098500626e-16 
-0.03200000000000003 5.551115123125783e-16 
-0.030000000000000027 4.440892098500626e-16 
-0.028000000000000025 4.440892098500626e-16 
-0.026000000000000023 5.551115123125783e-16 
-0.02400000000000002 4.440892098500626e-16 
-0.02200000000000002 6.661338147750939e-16 
-0.020000000000000018 6.661338147750939e-16 
-0.018000000000000016 2.220446049250313e-16 
-0.016000000000000014 4.440892098500626e-16 
-0.014000000000000012 4.440892098500626e-16 
-0.01200000000000001 3.3306690738754696e-16 
-0.010000000000000009 3.3306690738754696e-16 
-0.008000000000000007 3.3306690738754696e-16 
-0.006000000000000005 3.3306690738754696e-16 
-0.0040000000000000036 3.3306690738754696e-16 
-0.0020000000000000018 3.3306690738754696e-16 
0.0 4.440892098500626e-16 
0.0020000000000000018 3.3306690738754696e-16 
0.0040000000000000036 3.3306690738754696e-16 
0.006000000000000005 3.3306690738754696e-16 
0.008000000000000007 3.3306690738754696e-16 
0.010000000000000009 3.3306690738754696e-16 
0.01200000000000001 3.3306690738754696e-16 
0.014000000000000012 4.440892098500626e-16 
0.016000000000000014 4.440892098500626e-16 
0.018000000000000016 2.220446049250313e-16 
0.020000000000000018 2.220446049250313e-16 
0.02200000000000002 2.220446049250313e-16 
0.02400000000000002 0.0 
0.026000000000000023 3.3306690738754696e-16 
0.028000000000000025 2.220446049250313e-16 
0.030000000000000027 2.220446049250313e-16 
0.03200000000000003 3.3306690738754696e-16 
0.03400000000000003 2.220446049250313e-16 
0.03600000000000003 2.220446049250313e-16 
0.038000000000000034 2.220446049250313e-16 
0.040000000000000036 0.0 
0.04200000000000004 0.0 
0.04400000000000004 1.1102230246251565e-16 
0.04600000000000004 2.220446049250313e-16 
0.04800000000000004 1.1102230246251565e-16 
0.050000000000000044 1.1102230246251565e-16 
0.052000000000000046 3.3306690738754696e-16 
0.05400000000000005 1.1102230246251565e-16 
0.05600000000000005 1.1102230246251565e-16 
0.05800000000000005 0.0 
0.06000000000000005 -1.1102230246251565e-16 
0.062000000000000055 -1.1102230246251565e-16 
0.06400000000000006 -2.220446049250313e-16 
0.06600000000000006 -1.1102230246251565e-16 
0.06800000000000006 -2.220446049250313e-16 
0.07000000000000006 -2.220446049250313e-16 
0.07200000000000006 -2.220446049250313e-16 
0.07400000000000007 -2.220446049250313e-16 
0.07600000000000007 -2.220446049250313e-16 
0.07800000000000007 -2.220446049250313e-16 
0.08000000000000007 -5.551115123125783e-16 
0.08200000000000007 -4.440892098500626e-16 
0.08400000000000007 -5.551115123125783e-16 
0.08600000000000008 -3.3306690738754696e-16 
0.08800000000000008 -4.440892098500626e-16 
0.09000000000000008 -3.3306690738754696e-16 
0.09200000000000008 -3.3306690738754696e-16 
0.09400000000000008 -4.440892098500626e-16 
0.09600000000000009 -3.3306690738754696e-16 
0.09800000000000009 -6.661338147750939e-16 
0.10000000000000009 -3.3306690738754696e-16 
0.10200000000000009 -5.551115123125783e-16 
0.10400000000000009 -4.440892098500626e-16 
0.1060000000000001 -3.3306690738754696e-16 
0.1080000000000001 -5.551115123125783e-16 
0.1100000000000001 -5.551115123125783e-16 
0.1120000000000001 -5.551115123125783e-16 
0.1140000000000001 -6.661338147750939e-16 
0.1160000000000001 -5.551115123125783e-16 
0.1180000000000001 -4.440892098500626e-16 
0.1200000000000001 -4.440892098500626e-16 
0.12200000000000011 -5.551115123125783e-16 
0.12400000000000011 -6.661338147750939e-16 
0.1260000000000001 -6.661338147750939e-16 
0.1280000000000001 -7.771561172376096e-16 
0.13000000000000012 -8.881784197001252e-16 
0.13200000000000012 -5.551115123125783e-16 
0.13400000000000012 -6.661338147750939e-16 
0.13600000000000012 -8.881784197001252e-16 
0.13800000000000012 -6.661338147750939e-16 
0.14000000000000012 -9.992007221626409e-16 
0.14200000000000013 -7.771561172376096e-16 
0.14400000000000013 -9.992007221626409e-16 
0.14600000000000013 -1.1102230246251565e-15 
0.14800000000000013 -9.992007221626409e-16 
0.15000000000000013 -9.992007221626409e-16 
0.15200000000000014 -9.992007221626409e-16 
0.15399999999999991 -7.771561172376096e-16 
0.15599999999999992 -1.1102230246251565e-15 
0.15799999999999992 -8.881784197001252e-16 
0.15999999999999992 -1.1102230246251565e-15 
0.16199999999999992 -8.881784197001252e-16 
0.16399999999999992 -9.992007221626409e-16 
0.16599999999999993 -9.992007221626409e-16 
0.16799999999999993 -8.881784197001252e-16 
0.16999999999999993 -6.661338147750939e-16 
0.17199999999999993 -8.881784197001252e-16 
0.17399999999999993 -8.881784197001252e-16 
0.17599999999999993 -8.881784197001252e-16 
0.17799999999999994 -5.551115123125783e-16 
0.17999999999999994 -7.771561172376096e-16 
0.18199999999999994 -8.881784197001252e-16 
0.18399999999999994 -5.551115123125783e-16 
0.18599999999999994 -8.881784197001252e-16 
0.18799999999999994 -9.992007221626409e-16 
0.18999999999999995 -9.992007221626409e-16 
0.19199999999999995 -9.992007221626409e-16 
0.19399999999999995 -8.881784197001252e-16 
0.19599999999999995 -9.992007221626409e-16 
0.19799999999999995 -8.881784197001252e-16 
0.19999999999999996 -9.992007221626409e-16 
0.20199999999999996 -8.881784197001252e-16 
0.20399999999999996 -6.661338147750939e-16 
0.20599999999999996 -8.881784197001252e-16 
0.20799999999999996 -7.771561172376096e-16 
0.20999999999999996 -6.661338147750939e-16 
0.21199999999999997 -8.881784197001252e-16 
0.21399999999999997 -6.661338147750939e-16 
0.21599999999999997 -7.771561172376096e-16 
0.21799999999999997 -6.661338147750939e-16 
0.21999999999999997 -6.661338147750939e-16 
0.22199999999999998 -6.661338147750939e-16 
0.22399999999999998 -6.661338147750939e-16 
0.22599999999999998 -6.661338147750939e-16 
0.22799999999999998 -5.551115123125783e-16 
0.22999999999999998 -6.661338147750939e-16 
0.23199999999999998 -8.881784197001252e-16 
0.23399999999999999 -7.771561172376096e-16 
0.236 -7.771561172376096e-16 
0.238 -7.771561172376096e-16 
0.24 -4.440892098500626e-16 
0.242 -2.220446049250313e-16 
0.244 -3.3306690738754696e-16 
0.246 -5.551115123125783e-16 
0.248 -4.440892098500626e-16 
0.25 -6.661338147750939e-16 
0.252 -4.440892098500626e-16 
0.254 -4.440892098500626e-16 
0.256 -3.3306690738754696e-16 
0.258 -3.3306690738754696e-16 
0.26 -3.3306690738754696e-16 
0.262 -4.440892098500626e-16 
0.264 -6.661338147750939e-16 
0.266 -1.1102230246251565e-16 
0.268 -2.220446049250313e-16 
0.27 -3.3306690738754696e-16 
0.272 -3.3306690738754696e-16 
0.274 -2.220446049250313e-16 
0.276 -2.220446049250313e-16 
0.278 -2.220446049250313e-16 
0.28 -3.3306690738754696e-16 
0.28200000000000003 -1.1102230246251565e-16 
0.28400000000000003 -1.1102230246251565e-16 
0.28600000000000003 -2.220446049250313e-16 
0.28800000000000003 0.0 
0.29000000000000004 1.1102230246251565e-16 
0.29200000000000004 -2.220446049250313e-16 
0.29400000000000004 0.0 
0.29600000000000004 0.0 
0.29800000000000004 -3.3306690738754696e-16 
0.30000000000000004 -1.1102230246251565e-16 
0.30200000000000005 0.0 
0.30400000000000005 0.0 
0.30600000000000005 0.0 
0.30800000000000005 0.0 
0.31000000000000005 0.0 
0.31200000000000006 1.1102230246251565e-16 
0.31400000000000006 1.1102230246251565e-16 
0.31600000000000006 0.0 
0.31800000000000006 -1.1102230246251565e-16 
0.32000000000000006 -1.1102230246251565e-16 
0.32200000000000006 0.0 
0.32400000000000007 -1.1102230246251565e-16 
0.32600000000000007 2.220446049250313e-16 
0.32800000000000007 0.0 
0.33000000000000007 -1.1102230246251565e-16 
0.3320000000000001 1.1102230246251565e-16 
0.3340000000000001 -1.1102230246251565e-16 
0.3360000000000001 0.0 
0.3380000000000001 -1.1102230246251565e-16 
0.3400000000000001 0.0 
0.3420000000000001 1.1102230246251565e-16 
0.3440000000000001 0.0 
0.3460000000000001 -1.1102230246251565e-16 
0.3480000000000001 -1.1102230246251565e-16 
0.3500000000000001 1.1102230246251565e-16 
0.3520000000000001 1.1102230246251565e-16 
0.3540000000000001 -1.1102230246251565e-16 
0.3560000000000001 -2.220446049250313e-16 
0.3580000000000001 1.1102230246251565e-16 
0.3600000000000001 0.0 
0.3620000000000001 1.1102230246251565e-16 
0.3640000000000001 0.0 
0.3660000000000001 0.0 
0.3680000000000001 1.1102230246251565e-16 
0.3700000000000001 -1.1102230246251565e-16 
0.3720000000000001 1.1102230246251565e-16 
0.3740000000000001 0.0 
0.3760000000000001 -1.1102230246251565e-16 
0.3780000000000001 -1.1102230246251565e-16 
0.3800000000000001 -1.1102230246251565e-16 
0.3820000000000001 -3.3306690738754696e-16 
0.3840000000000001 -1.1102230246251565e-16 
0.3860000000000001 -1.1102230246251565e-16 
0.3880000000000001 -2.220446049250313e-16 
0.3900000000000001 -3.3306690738754696e-16 
0.3920000000000001 -1.1102230246251565e-16 
0.39400000000000013 -2.220446049250313e-16 
0.39600000000000013 0.0 
0.39800000000000013 -3.3306690738754696e-16 
0.40000000000000013 -2.220446049250313e-16 
0.40200000000000014 -1.1102230246251565e-16 
0.40400000000000014 0.0 
0.40600000000000014 -2.220446049250313e-16 
0.4079999999999999 -2.220446049250313e-16 
0.4099999999999999 -1.1102230246251565e-16 
0.4119999999999999 -1.1102230246251565e-16 
0.4139999999999999 -1.1102230246251565e-16 
0.4159999999999999 0.0 
0.4179999999999999 -3.3306690738754696e-16 
0.41999999999999993 -3.3306690738754696e-16 
0.42199999999999993 -3.3306690738754696e-16 
0.42399999999999993 -2.220446049250313e-16 
0.42599999999999993 -3.3306690738754696e-16 
0.42799999999999994 -4.440892098500626e-16 
0.42999999999999994 -4.440892098500626e-16 
0.43199999999999994 -5.551115123125783e-16 
0.43399999999999994 -5.551115123125783e-16 
0.43599999999999994 -6.661338147750939e-16 
0.43799999999999994 -3.3306690738754696e-16 
0.43999999999999995 -4.440892098500626e-16 
0.44199999999999995 -4.440892098500626e-16 
0.44399999999999995 -5.551115123125783e-16 
0.44599999999999995 -4.440892098500626e-16 
0.44799999999999995 -4.440892098500626e-16 
0.44999999999999996 -5.551115123125783e-16 
0.45199999999999996 -4.440892098500626e-16 
0.45399999999999996 -5.551115123125783e-16 
0.45599999999999996 -6.661338147750939e-16 
0.45799999999999996 -6.661338147750939e-16 
0.45999999999999996 -6.661338147750939e-16 
0.46199999999999997 -8.881784197001252e-16 
0.46399999999999997 -6.661338147750939e-16 
0.46599999999999997 -7.771561172376096e-16 
0.46799999999999997 -5.551115123125783e-16 
0.47 -6.661338147750939e-16 
0.472 -5.551115123125783e-16 
0.474 -2.220446049250313e-16 
0.476 -4.440892098500626e-16 
0.478 -2.220446049250313e-16 
0.48 -3.3306690738754696e-16 
0.482 -5.551115123125783e-16 
0.484 -4.440892098500626e-16 
0.486 -3.3306690738754696e-16 
0.488 -4.440892098500626e-16 
0.49 -4.440892098500626e-16 
0.492 -4.440892098500626e-16 
0.494 -2.220446049250313e-16 
0.496 -3.3306690738754696e-16 
0.498 -4.440892098500626e-16 
0.5 -4.440892098500626e-16 
0.502 -4.440892098500626e-16 
0.504 -3.3306690738754696e-16 
0.506 -3.3306690738754696e-16 
0.508 -2.220446049250313e-16 
0.51 -2.220446049250313e-16 
0.512 -1.1102230246251565e-16 
0.514 0.0 
0.516 -1.1102230246251565e-16 
0.518 1.1102230246251565e-16 
0.52 -1.1102230246251565e-16 
0.522 1.1102230246251565e-16 
0.524 -1.1102230246251565e-16 
0.526 1.1102230246251565e-16 
0.528 1.1102230246251565e-16 
0.53 1.1102230246251565e-16 
0.532 0.0 
0.534 1.1102230246251565e-16 
0.536 2.220446049250313e-16 
0.538 1.1102230246251565e-16 
0.54 4.440892098500626e-16 
0.542 4.440892098500626e-16 
0.544 5.551115123125783e-16 
0.546 7.771561172376096e-16 
0.548 6.661338147750939e-16 
0.55 6.661338147750939e-16 
0.552 5.551115123125783e-16 
0.554 7.771561172376096e-16 
0.556 6.661338147750939e-16 
0.558 7.771561172376096e-16 
0.56 6.661338147750939e-16 
0.562 8.881784197001252e-16 
0.5640000000000001 7.771561172376096e-16 
0.5660000000000001 8.881784197001252e-16 
0.5680000000000001 8.881784197001252e-16 
0.5700000000000001 8.881784197001252e-16 
0.5720000000000001 9.992007221626409e-16 
0.5740000000000001 1.1102230246251565e-15 
0.5760000000000001 9.992007221626409e-16 
0.5780000000000001 1.1102230246251565e-15 
0.5800000000000001 1.3322676295501878e-15 
0.5820000000000001 1.1102230246251565e-15 
0.5840000000000001 1.4432899320127035e-15 
0.5860000000000001 1.4432899320127035e-15 
0.5880000000000001 1.5543122344752192e-15 
0.5900000000000001 1.3322676295501878e-15 
0.5920000000000001 1.5543122344752192e-15 
0.5940000000000001 1.3322676295501878e-15 
0.5960000000000001 1.4432899320127035e-15 
0.5980000000000001 1.5543122344752192e-15 
0.6000000000000001 1.3322676295501878e-15 
0.6020000000000001 1.7763568394002505e-15 
0.6040000000000001 1.6653345369377348e-15 
0.6060000000000001 1.5543122344752192e-15 
0.6080000000000001 1.5543122344752192e-15 
0.6100000000000001 1.5543122344752192e-15 
0.6120000000000001 1.4432899320127035e-15 
0.6140000000000001 1.5543122344752192e-15 
0.6160000000000001 1.7763568394002505e-15 
0.6180000000000001 1.7763568394002505e-15 
0.6200000000000001 1.887379141862766e-15 
0.6220000000000001 1.5543122344752192e-15 
0.6240000000000001 1.5543122344752192e-15 
0.6260000000000001 1.5543122344752192e-15 
0.6280000000000001 1.7763568394002505e-15 
0.6300000000000001 1.2212453270876722e-15 
0.6320000000000001 1.3322676295501878e-15 
0.6340000000000001 1.4432899320127035e-15 
0.6360000000000001 1.4432899320127035e-15 
0.6380000000000001 1.5543122344752192e-15 
0.6400000000000001 1.4432899320127035e-15 
0.6420000000000001 1.4432899320127035e-15 
0.6440000000000001 1.5543122344752192e-15 
0.6460000000000001 1.3322676295501878e-15 
0.6480000000000001 1.4432899320127035e-15 
0.6500000000000001 1.4432899320127035e-15 
0.6520000000000001 1.3322676295501878e-15 
0.6540000000000001 1.4432899320127035e-15 
0.6560000000000001 1.4432899320127035e-15 
0.6580000000000001 1.1102230246251565e-15 
0.6600000000000001 1.1102230246251565e-15 
0.6620000000000001 9.992007221626409e-16 
0.6640000000000001 1.1102230246251565e-15 
0.6659999999999999 1.1102230246251565e-15 
0.6679999999999999 8.881784197001252e-16 
0.6699999999999999 8.881784197001252e-16 
0.6719999999999999 9.992007221626409e-16 
0.6739999999999999 8.881784197001252e-16 
0.6759999999999999 6.661338147750939e-16 
0.6779999999999999 5.551115123125783e-16 
0.6799999999999999 6.661338147750939e-16 
0.6819999999999999 7.771561172376096e-16 
0.6839999999999999 6.661338147750939e-16 
0.6859999999999999 5.551115123125783e-16 
0.688 3.3306690738754696e-16 
0.69 2.220446049250313e-16 
0.692 2.220446049250313e-16 
0.694 1.1102230246251565e-16 
0.696 1.1102230246251565e-16 
0.698 1.1102230246251565e-16 
0.7 1.1102230246251565e-16 
0.702 0.0 
0.704 -2.220446049250313e-16 
0.706 -4.440892098500626e-16 
0.708 -3.3306690738754696e-16 
0.71 -4.440892098500626e-16 
0.712 -3.3306690738754696e-16 
0.714 -4.440892098500626e-16 
0.716 -4.440892098500626e-16 
0.718 -5.551115123125783e-16 
0.72 -7.771561172376096e-16 
0.722 -9.992007221626409e-16 
0.724 -1.2212453270876722e-15 
0.726 -1.2212453270876722e-15 
0.728 -1.1102230246251565e-15 
0.73 -1.1102230246251565e-15 
0.732 -1.5543122344752192e-15 
0.734 -1.3322676295501878e-15 
0.736 -1.3322676295501878e-15 
0.738 -1.6653345369377348e-15 
0.74 -1.5543122344752192e-15 
0.742 -1.7763568394002505e-15 
0.744 -1.7763568394002505e-15 
0.746 -1.6653345369377348e-15 
0.748 -1.6653345369377348e-15 
0.75 -1.887379141862766e-15 
0.752 -1.7763568394002505e-15 
0.754 -1.7763568394002505e-15 
0.756 -1.7763568394002505e-15 
0.758 -1.7763568394002505e-15 
0.76 -1.887379141862766e-15 
0.762 -1.7763568394002505e-15 
0.764 -1.887379141862766e-15 
0.766 -1.9984014443252818e-15 
0.768 -1.9984014443252818e-15 
0.77 -1.6653345369377348e-15 
0.772 -1.7763568394002505e-15 
0.774 -1.6653345369377348e-15 
0.776 -2.1094237467877974e-15 
0.778 -1.887379141862766e-15 
0.78 -2.1094237467877974e-15 
0.782 -2.1094237467877974e-15 
0.784 -2.1094237467877974e-15 
0.786 -2.1094237467877974e-15 
0.788 -1.887379141862766e-15 
0.79 -1.7763568394002505e-15 
0.792 -1.6653345369377348e-15 
0.794 -1.7763568394002505e-15 
0.796 -1.7763568394002505e-15 
0.798 -1.887379141862766e-15 
0.8 -1.5543122344752192e-15 
0.802 -1.5543122344752192e-15 
0.804 -1.6653345369377348e-15 
0.806 -1.4432899320127035e-15 
0.808 -1.4432899320127035e-15 
0.81 -1.3322676295501878e-15 
0.812 -1.1102230246251565e-15 
0.8140000000000001 -1.3322676295501878e-15 
0.8160000000000001 -1.1102230246251565e-15 
0.8180000000000001 -1.1102230246251565e-15 
0.8200000000000001 -9.992007221626409e-16 
0.8220000000000001 -9.992007221626409e-16 
0.8240000000000001 -6.661338147750939e-16 
0.8260000000000001 -8.881784197001252e-16 
0.8280000000000001 -6.661338147750939e-16 
0.8300000000000001 -5.551115123125783e-16 
0.8320000000000001 -5.551115123125783e-16 
0.8340000000000001 -4.440892098500626e-16 
0.8360000000000001 -3.3306690738754696e-16 
0.8380000000000001 0.0 
0.8400000000000001 0.0 
0.8420000000000001 1.1102230246251565e-16 
0.8440000000000001 1.1102230246251565e-16 
0.8460000000000001 2.220446049250313e-16 
0.8480000000000001 3.3306690738754696e-16 
0.8500000000000001 3.3306690738754696e-16 
0.8520000000000001 4.440892098500626e-16 
0.8540000000000001 5.551115123125783e-16 
0.8560000000000001 4.440892098500626e-16 
0.8580000000000001 6.661338147750939e-16 
0.8600000000000001 6.661338147750939e-16 
0.8620000000000001 6.661338147750939e-16 
0.8640000000000001 6.661338147750939e-16 
0.8660000000000001 6.661338147750939e-16 
0.8680000000000001 5.551115123125783e-16 
0.8700000000000001 6.661338147750939e-16 
0.8720000000000001 8.881784197001252e-16 
0.8740000000000001 7.771561172376096e-16 
0.8760000000000001 9.992007221626409e-16 
0.8780000000000001 8.881784197001252e-16 
0.8800000000000001 1.1102230246251565e-15 
0.8820000000000001 1.1102230246251565e-15 
0.8840000000000001 9.992007221626409e-16 
0.8860000000000001 8.881784197001252e-16 
0.8880000000000001 8.881784197001252e-16 
0.8900000000000001 9.992007221626409e-16 
0.8920000000000001 6.661338147750939e-16 
0.8940000000000001 1.2212453270876722e-15 
0.8960000000000001 1.1102230246251565e-15 
0.8980000000000001 1.1102230246251565e-15 
0.9000000000000001 9.992007221626409e-16 
0.9020000000000001 7.771561172376096e-16 
0.9040000000000001 7.771561172376096e-16 
0.9060000000000001 5.551115123125783e-16 
0.9080000000000001 5.551115123125783e-16 
0.9100000000000001 4.440892098500626e-16 
0.9120000000000001 3.3306690738754696e-16 
0.9140000000000001 2.220446049250313e-16 
0.9160000000000001 2.220446049250313e-16 
0.9180000000000001 2.220446049250313e-16 
0.9199999999999999 2.220446049250313e-16 
0.9219999999999999 2.220446049250313e-16 
0.9239999999999999 0.0 
0.9259999999999999 0.0 
0.9279999999999999 -1.1102230246251565e-16 
0.9299999999999999 -1.1102230246251565e-16 
0.9319999999999999 -6.661338147750939e-16 
0.9339999999999999 -6.661338147750939e-16 
0.9359999999999999 -5.551115123125783e-16 
0.938 -6.661338147750939e-16 
0.94 -8.881784197001252e-16 
0.942 -6.661338147750939e-16 
0.944 -5.551115123125783e-16 
0.946 -5.551115123125783e-16 
0.948 -7.771561172376096e-16 
0.95 -8.881784197001252e-16 
0.952 -7.771561172376096e-16 
0.954 -7.771561172376096e-16 
0.956 -9.992007221626409e-16 
0.958 -7.771561172376096e-16 
0.96 -7.771561172376096e-16 
0.962 -7.771561172376096e-16 
0.964 -8.881784197001252e-16 
0.966 -8.881784197001252e-16 
0.968 -5.551115123125783e-16 
0.97 -3.3306690738754696e-16 
0.972 -2.220446049250313e-16 
0.974 -5.551115123125783e-16 
0.976 -2.220446049250313e-16 
0.978 1.1102230246251565e-16 
0.98 2.220446049250313e-16 
0.982 1.1102230246251565e-16 
0.984 1.1102230246251565e-16 
0.986 2.220446049250313e-16 
0.988 2.220446049250313e-16 
0.99 5.551115123125783e-16 
0.992 6.661338147750939e-16 
0.994 5.551115123125783e-16 
0.996 4.440892098500626e-16 
0.998 5.551115123125783e-16 
