-1.0 -2.6645352591003757e-14 
-0.998 1.4765966227514582e-14 
-0.996 2.2315482794965646e-14 
-0.994 1.5432100042289676e-14 
-0.992 5.551115123125783e-15 
-0.99 -1.9984014443252818e-15 
-0.988 -6.5503158452884236e-15 
-0.986 -8.215650382226158e-15 
-0.984 -7.105427357601002e-15 
-0.982 -5.329070518200751e-15 
-0.98 -3.3306690738754696e-15 
-0.978 -1.3322676295501878e-15 
-0.976 -1.1102230246251565e-16 
-0.974 1.1102230246251565e-15 
-0.972 5.551115123125783e-16 
-0.97 3.3306690738754696e-16 
-0.968 -9.992007221626409e-16 
-0.966 -1.6653345369377348e-15 
-0.964 -2.3314683517128287e-15 
-0.962 -3.1086244689504383e-15 
-0.96 -3.6637359812630166e-15 
-0.958 -3.9968028886505635e-15 
-0.956 -3.774758283725532e-15 
-0.954 -3.1086244689504383e-15 
-0.952 -2.6645352591003757e-15 
-0.95 -1.5543122344752192e-15 
-0.948 -4.440892098500626e-16 
-0.946 3.3306690738754696e-16 
-0.944 9.992007221626409e-16 
-0.942 2.3314683517128287e-15 
-0.94 3.1086244689504383e-15 
-0.938 2.9976021664879227e-15 
-0.9359999999999999 3.219646771412954e-15 
-0.9339999999999999 4.107825191113079e-15 
-0.9319999999999999 3.9968028886505635e-15 
-0.9299999999999999 3.9968028886505635e-15 
-0.9279999999999999 3.552713678800501e-15 
-0.926 3.219646771412954e-15 
-0.924 2.3314683517128287e-15 
-0.922 2.3314683517128287e-15 
-0.92 9.992007221626409e-16 
-0.918 4.440892098500626e-16 
-0.916 -5.551115123125783e-16 
-0.914 -1.7763568394002505e-15 
-0.912 -2.3314683517128287e-15 
-0.91 -3.3306690738754696e-15 
-0.908 -3.885780586188048e-15 
-0.906 -4.884981308350689e-15 
-0.904 -5.773159728050814e-15 
-0.902 -5.995204332975845e-15 
-0.9 -6.8833827526759706e-15 
-0.898 -7.438494264988549e-15 
-0.896 -7.771561172376096e-15 
-0.894 -7.771561172376096e-15 
-0.892 -8.215650382226158e-15 
-0.89 -7.882583474838611e-15 
-0.888 -7.882583474838611e-15 
-0.886 -7.771561172376096e-15 
-0.884 -7.105427357601002e-15 
-0.882 -6.772360450213455e-15 
-0.88 -6.439293542825908e-15 
-0.878 -5.551115123125783e-15 
-0.876 -4.551914400963142e-15 
-0.874 -4.3298697960381105e-15 
-0.872 -2.7755575615628914e-15 
-0.87 -1.7763568394002505e-15 
-0.868 -7.771561172376096e-16 
-0.866 7.771561172376096e-16 
-0.864 1.6653345369377348e-15 
-0.862 2.6645352591003757e-15 
-0.86 3.885780586188048e-15 
-0.858 4.884981308350689e-15 
-0.856 5.995204332975845e-15 
-0.854 6.994405055138486e-15 
-0.852 7.771561172376096e-15 
-0.85 8.43769498715119e-15 
-0.848 9.2148511043888e-15 
-0.846 9.325873406851315e-15 
-0.844 9.43689570931383e-15 
-0.842 9.769962616701378e-15 
-0.84 9.43689570931383e-15 
-0.838 9.103828801926284e-15 
-0.836 9.2148511043888e-15 
-0.834 9.103828801926284e-15 
-0.832 7.993605777301127e-15 
-0.83 6.994405055138486e-15 
-0.828 6.328271240363392e-15 
-0.826 5.551115123125783e-15 
-0.8240000000000001 3.9968028886505635e-15 
-0.8220000000000001 2.6645352591003757e-15 
-0.8200000000000001 1.9984014443252818e-15 
-0.8180000000000001 6.661338147750939e-16 
-0.8160000000000001 0.0 
-0.8140000000000001 -1.6653345369377348e-15 
-0.812 -2.3314683517128287e-15 
-0.81 -3.552713678800501e-15 
-0.808 -4.3298697960381105e-15 
-0.806 -5.440092820663267e-15 
-0.804 -5.995204332975845e-15 
-0.802 -6.661338147750939e-15 
-0.8 -7.549516567451064e-15 
-0.798 -8.104628079763643e-15 
-0.796 -8.659739592076221e-15 
-0.794 -8.548717289613705e-15 
-0.792 -8.43769498715119e-15 
-0.79 -8.548717289613705e-15 
-0.788 -8.548717289613705e-15 
-0.786 -8.215650382226158e-15 
-0.784 -7.771561172376096e-15 
-0.782 -6.994405055138486e-15 
-0.78 -6.661338147750939e-15 
-0.778 -5.773159728050814e-15 
-0.776 -5.551115123125783e-15 
-0.774 -4.9960036108132044e-15 
-0.772 -3.885780586188048e-15 
-0.77 -3.1086244689504383e-15 
-0.768 -2.886579864025407e-15 
-0.766 -1.4432899320127035e-15 
-0.764 -3.3306690738754696e-16 
-0.762 4.440892098500626e-16 
-0.76 7.771561172376096e-16 
-0.758 1.2212453270876722e-15 
-0.756 2.3314683517128287e-15 
-0.754 2.886579864025407e-15 
-0.752 3.219646771412954e-15 
-0.75 3.6637359812630166e-15 
-0.748 4.107825191113079e-15 
-0.746 4.440892098500626e-15 
-0.744 4.551914400963142e-15 
-0.742 4.440892098500626e-15 
-0.74 4.773959005888173e-15 
-0.738 5.218048215738236e-15 
-0.736 4.884981308350689e-15 
-0.734 4.6629367034256575e-15 
-0.732 4.3298697960381105e-15 
-0.73 4.218847493575595e-15 
-0.728 4.3298697960381105e-15 
-0.726 3.885780586188048e-15 
-0.724 3.6637359812630166e-15 
-0.722 3.552713678800501e-15 
-0.72 3.4416913763379853e-15 
-0.718 3.4416913763379853e-15 
-0.716 2.9976021664879227e-15 
-0.714 2.9976021664879227e-15 
-0.712 2.55351295663786e-15 
-0.71 2.3314683517128287e-15 
-0.708 1.6653345369377348e-15 
-0.706 1.6653345369377348e-15 
-0.704 1.7763568394002505e-15 
-0.702 1.3322676295501878e-15 
-0.7 8.881784197001252e-16 
-0.698 1.1102230246251565e-15 
-0.696 8.881784197001252e-16 
-0.694 9.992007221626409e-16 
-0.692 6.661338147750939e-16 
-0.69 5.551115123125783e-16 
-0.688 5.551115123125783e-16 
-0.6859999999999999 1.1102230246251565e-16 
-0.6839999999999999 2.220446049250313e-16 
-0.6819999999999999 4.440892098500626e-16 
-0.6799999999999999 0.0 
-0.6779999999999999 1.1102230246251565e-16 
-0.6759999999999999 0.0 
-0.6739999999999999 -2.220446049250313e-16 
-0.6719999999999999 -1.1102230246251565e-16 
-0.6699999999999999 -8.881784197001252e-16 
-0.6679999999999999 -4.440892098500626e-16 
-0.6659999999999999 -1.1102230246251565e-15 
-0.6639999999999999 -8.881784197001252e-16 
-0.6619999999999999 -1.1102230246251565e-15 
-0.6599999999999999 -1.4432899320127035e-15 
-0.6579999999999999 -1.7763568394002505e-15 
-0.6559999999999999 -1.887379141862766e-15 
-0.6539999999999999 -2.3314683517128287e-15 
-0.6519999999999999 -2.6645352591003757e-15 
-0.6499999999999999 -2.886579864025407e-15 
-0.648 -3.219646771412954e-15 
-0.646 -3.219646771412954e-15 
-0.644 -3.6637359812630166e-15 
-0.642 -3.6637359812630166e-15 
-0.64 -4.107825191113079e-15 
-0.638 -4.6629367034256575e-15 
-0.636 -4.6629367034256575e-15 
-0.634 -5.218048215738236e-15 
-0.632 -5.551115123125783e-15 
-0.63 -5.88418203051333e-15 
-0.628 -5.551115123125783e-15 
-0.626 -5.551115123125783e-15 
-0.624 -6.106226635438361e-15 
-0.622 -6.217248937900877e-15 
-0.62 -6.106226635438361e-15 
-0.618 -6.439293542825908e-15 
-0.616 -5.551115123125783e-15 
-0.614 -5.662137425588298e-15 
-0.612 -5.440092820663267e-15 
-0.61 -5.440092820663267e-15 
-0.608 -5.218048215738236e-15 
-0.606 -4.9960036108132044e-15 
-0.604 -4.551914400963142e-15 
-0.602 -4.440892098500626e-15 
-0.6 -4.107825191113079e-15 
-0.598 -3.885780586188048e-15 
-0.596 -3.1086244689504383e-15 
-0.594 -2.7755575615628914e-15 
-0.592 -2.3314683517128287e-15 
-0.59 -1.5543122344752192e-15 
-0.588 -1.4432899320127035e-15 
-0.586 -9.992007221626409e-16 
-0.584 -1.1102230246251565e-16 
-0.5820000000000001 0.0 
-0.5800000000000001 7.771561172376096e-16 
-0.5780000000000001 9.992007221626409e-16 
-0.5760000000000001 1.5543122344752192e-15 
-0.5740000000000001 1.7763568394002505e-15 
-0.5720000000000001 2.220446049250313e-15 
-0.5700000000000001 2.4424906541753444e-15 
-0.5680000000000001 3.1086244689504383e-15 
-0.5660000000000001 3.3306690738754696e-15 
-0.5640000000000001 3.885780586188048e-15 
-0.562 3.885780586188048e-15 
-0.56 3.885780586188048e-15 
-0.558 4.773959005888173e-15 
-0.556 4.884981308350689e-15 
-0.554 4.884981308350689e-15 
-0.552 4.773959005888173e-15 
-0.55 4.551914400963142e-15 
-0.548 4.6629367034256575e-15 
-0.546 4.9960036108132044e-15 
-0.544 4.3298697960381105e-15 
-0.542 4.440892098500626e-15 
-0.54 3.9968028886505635e-15 
-0.538 3.774758283725532e-15 
-0.536 3.552713678800501e-15 
-0.534 3.219646771412954e-15 
-0.532 3.219646771412954e-15 
-0.53 2.4424906541753444e-15 
-0.528 2.220446049250313e-15 
-0.526 2.3314683517128287e-15 
-0.524 1.6653345369377348e-15 
-0.522 1.4432899320127035e-15 
-0.52 7.771561172376096e-16 
-0.518 8.881784197001252e-16 
-0.516 5.551115123125783e-16 
-0.514 -2.220446049250313e-16 
-0.512 -6.661338147750939e-16 
-0.51 -6.661338147750939e-16 
-0.508 -9.992007221626409e-16 
-0.506 -9.992007221626409e-16 
-0.504 -1.2212453270876722e-15 
-0.502 -1.7763568394002505e-15 
-0.5 -1.6653345369377348e-15 
-0.498 -1.7763568394002505e-15 
-0.496 -2.1094237467877974e-15 
-0.494 -1.7763568394002505e-15 
-0.492 -2.3314683517128287e-15 
-0.49 -1.9984014443252818e-15 
-0.488 -2.1094237467877974e-15 
-0.486 -2.3314683517128287e-15 
-0.484 -1.9984014443252818e-15 
-0.482 -1.6653345369377348e-15 
-0.48 -2.1094237467877974e-15 
-0.478 -1.2212453270876722e-15 
-0.476 -1.4432899320127035e-15 
-0.474 -1.3322676295501878e-15 
-0.472 -1.2212453270876722e-15 
-0.47 -5.551115123125783e-16 
-0.46799999999999997 -6.661338147750939e-16 
-0.46599999999999997 -3.3306690738754696e-16 
-0.46399999999999997 -4.440892098500626e-16 
-0.46199999999999997 -3.3306690738754696e-16 
-0.45999999999999996 3.3306690738754696e-16 
-0.45799999999999996 4.440892098500626e-16 
-0.45599999999999996 2.220446049250313e-16 
-0.45399999999999996 5.551115123125783e-16 
-0.45199999999999996 9.992007221626409e-16 
-0.44999999999999996 1.1102230246251565e-15 
-0.44799999999999995 1.2212453270876722e-15 
-0.44599999999999995 1.2212453270876722e-15 
-0.44399999999999995 1.3322676295501878e-15 
-0.44199999999999995 1.6653345369377348e-15 
-0.43999999999999995 1.4432899320127035e-15 
-0.43799999999999994 1.7763568394002505e-15 
-0.43599999999999994 1.4432899320127035e-15 
-0.43399999999999994 1.2212453270876722e-15 
-0.43199999999999994 1.1102230246251565e-15 
-0.42999999999999994 1.1102230246251565e-15 
-0.42799999999999994 1.1102230246251565e-15 
-0.42599999999999993 1.3322676295501878e-15 
-0.42399999999999993 8.881784197001252e-16 
-0.42200000000000004 6.661338147750939e-16 
-0.42000000000000004 5.551115123125783e-16 
-0.41800000000000004 4.440892098500626e-16 
-0.41600000000000004 1.1102230246251565e-16 
-0.41400000000000003 -3.3306690738754696e-16 
-0.41200000000000003 -7.771561172376096e-16 
-0.41000000000000003 -6.661338147750939e-16 
-0.40800000000000003 -4.440892098500626e-16 
-0.406 -9.992007221626409e-16 
-0.404 -8.881784197001252e-16 
-0.402 -1.3322676295501878e-15 
-0.4 -1.2212453270876722e-15 
-0.398 -1.3322676295501878e-15 
-0.396 -1.6653345369377348e-15 
-0.394 -1.4432899320127035e-15 
-0.392 -1.887379141862766e-15 
-0.39 -1.6653345369377348e-15 
-0.388 -2.1094237467877974e-15 
-0.386 -2.1094237467877974e-15 
-0.384 -2.6645352591003757e-15 
-0.382 -2.4424906541753444e-15 
-0.38 -2.3314683517128287e-15 
-0.378 -2.3314683517128287e-15 
-0.376 -2.3314683517128287e-15 
-0.374 -2.220446049250313e-15 
-0.372 -2.6645352591003757e-15 
-0.37 -2.3314683517128287e-15 
-0.368 -2.3314683517128287e-15 
-0.366 -2.1094237467877974e-15 
-0.364 -1.7763568394002505e-15 
-0.362 -1.4432899320127035e-15 
-0.36 -1.5543122344752192e-15 
-0.358 -1.2212453270876722e-15 
-0.356 -6.661338147750939e-16 
-0.354 -7.771561172376096e-16 
-0.352 -6.661338147750939e-16 
-0.35 -2.220446049250313e-16 
-0.348 3.3306690738754696e-16 
-0.346 4.440892098500626e-16 
-0.344 8.881784197001252e-16 
-0.34199999999999997 9.992007221626409e-16 
-0.33999999999999997 1.4432899320127035e-15 
-0.33799999999999997 1.3322676295501878e-15 
-0.33599999999999997 1.6653345369377348e-15 
-0.33399999999999996 1.6653345369377348e-15 
-0.33199999999999996 2.3314683517128287e-15 
-0.32999999999999996 2.220446049250313e-15 
-0.32799999999999996 2.4424906541753444e-15 
-0.32599999999999996 2.9976021664879227e-15 
-0.32399999999999995 2.886579864025407e-15 
-0.32199999999999995 3.219646771412954e-15 
-0.31999999999999995 3.219646771412954e-15 
-0.31799999999999995 3.552713678800501e-15 
-0.31599999999999995 3.3306690738754696e-15 
-0.31399999999999995 3.6637359812630166e-15 
-0.31199999999999994 3.4416913763379853e-15 
-0.30999999999999994 3.3306690738754696e-15 
-0.30799999999999994 3.3306690738754696e-15 
-0.30599999999999994 3.3306690738754696e-15 
-0.30399999999999994 3.885780586188048e-15 
-0.30199999999999994 3.885780586188048e-15 
-0.29999999999999993 3.6637359812630166e-15 
-0.29799999999999993 3.1086244689504383e-15 
-0.29600000000000004 3.219646771412954e-15 
-0.29400000000000004 3.3306690738754696e-15 
-0.29200000000000004 2.886579864025407e-15 
-0.29000000000000004 3.1086244689504383e-15 
-0.28800000000000003 2.886579864025407e-15 
-0.28600000000000003 2.55351295663786e-15 
-0.28400000000000003 2.6645352591003757e-15 
-0.28200000000000003 2.1094237467877974e-15 
-0.28 1.9984014443252818e-15 
-0.278 1.7763568394002505e-15 
-0.276 1.4432899320127035e-15 
-0.274 1.6653345369377348e-15 
-0.272 1.1102230246251565e-15 
-0.27 6.661338147750939e-16 
-0.268 8.881784197001252e-16 
-0.266 5.551115123125783e-16 
-0.264 1.1102230246251565e-16 
-0.262 1.1102230246251565e-16 
-0.26 2.220446049250313e-16 
-0.258 -1.1102230246251565e-16 
-0.256 -2.220446049250313e-16 
-0.254 -2.220446049250313e-16 
-0.252 -3.3306690738754696e-16 
-0.25 -6.661338147750939e-16 
-0.248 -6.661338147750939e-16 
-0.246 -7.771561172376096e-16 
-0.244 -9.992007221626409e-16 
-0.242 -7.771561172376096e-16 
-0.24 -1.1102230246251565e-15 
-0.238 -1.4432899320127035e-15 
-0.236 -1.1102230246251565e-15 
-0.23399999999999999 -7.771561172376096e-16 
-0.23199999999999998 -1.1102230246251565e-15 
-0.22999999999999998 -1.1102230246251565e-15 
-0.22799999999999998 -9.992007221626409e-16 
-0.22599999999999998 -1.3322676295501878e-15 
-0.22399999999999998 -1.5543122344752192e-15 
-0.22199999999999998 -1.1102230246251565e-15 
-0.21999999999999997 -1.1102230246251565e-15 
-0.21799999999999997 -1.3322676295501878e-15 
-0.21599999999999997 -6.661338147750939e-16 
-0.21399999999999997 -1.4432899320127035e-15 
-0.21199999999999997 -1.5543122344752192e-15 
-0.20999999999999996 -1.3322676295501878e-15 
-0.20799999999999996 -1.3322676295501878e-15 
-0.20599999999999996 -1.2212453270876722e-15 
-0.20399999999999996 -1.1102230246251565e-15 
-0.20199999999999996 -1.3322676295501878e-15 
-0.19999999999999996 -9.992007221626409e-16 
-0.19799999999999995 -9.992007221626409e-16 
-0.19599999999999995 -1.7763568394002505e-15 
-0.19399999999999995 -1.2212453270876722e-15 
-0.19199999999999995 -1.4432899320127035e-15 
-0.18999999999999995 -1.5543122344752192e-15 
-0.18799999999999994 -1.4432899320127035e-15 
-0.18599999999999994 -1.6653345369377348e-15 
-0.18399999999999994 -1.887379141862766e-15 
-0.18199999999999994 -2.220446049250313e-15 
-0.17999999999999994 -2.1094237467877974e-15 
-0.17799999999999994 -2.4424906541753444e-15 
-0.17599999999999993 -2.4424906541753444e-15 
-0.17399999999999993 -2.3314683517128287e-15 
-0.17199999999999993 -2.4424906541753444e-15 
-0.16999999999999993 -2.4424906541753444e-15 
-0.16799999999999993 -2.55351295663786e-15 
-0.16600000000000004 -3.219646771412954e-15 
-0.16400000000000003 -3.4416913763379853e-15 
-0.16200000000000003 -2.9976021664879227e-15 
-0.16000000000000003 -2.9976021664879227e-15 
-0.15800000000000003 -3.219646771412954e-15 
-0.15600000000000003 -3.6637359812630166e-15 
-0.15400000000000003 -2.9976021664879227e-15 
-0.15200000000000002 -3.3306690738754696e-15 
-0.15000000000000002 -3.552713678800501e-15 
-0.14800000000000002 -3.552713678800501e-15 
-0.14600000000000002 -3.4416913763379853e-15 
-0.14400000000000002 -3.6637359812630166e-15 
-0.14200000000000002 -3.3306690738754696e-15 
-0.14 -3.3306690738754696e-15 
-0.138 -3.552713678800501e-15 
-0.136 -2.9976021664879227e-15 
-0.134 -2.9976021664879227e-15 
-0.132 -3.3306690738754696e-15 
-0.13 -2.886579864025407e-15 
-0.128 -2.7755575615628914e-15 
-0.126 -2.6645352591003757e-15 
-0.124 -2.6645352591003757e-15 
-0.122 -2.3314683517128287e-15 
-0.12 -1.887379141862766e-15 
-0.118 -1.6653345369377348e-15 
-0.11599999999999999 -1.3322676295501878e-15 
-0.11399999999999999 -1.4432899320127035e-15 
-0.11199999999999999 -7.771561172376096e-16 
-0.10999999999999999 -6.661338147750939e-16 
-0.10799999999999998 -5.551115123125783e-16 
-0.10599999999999998 -2.220446049250313e-16 
-0.10399999999999998 6.661338147750939e-16 
-0.10199999999999998 4.440892098500626e-16 
-0.09999999999999998 8.881784197001252e-16 
-0.09799999999999998 9.992007221626409e-16 
-0.09599999999999997 1.4432899320127035e-15 
-0.09399999999999997 1.887379141862766e-15 
-0.09199999999999997 1.9984014443252818e-15 
-0.08999999999999997 2.55351295663786e-15 
-0.08799999999999997 2.9976021664879227e-15 
-0.08599999999999997 3.3306690738754696e-15 
-0.08399999999999996 3.6637359812630166e-15 
-0.08199999999999996 3.9968028886505635e-15 
-0.07999999999999996 4.3298697960381105e-15 
-0.07799999999999996 4.218847493575595e-15 
-0.07599999999999996 4.551914400963142e-15 
-0.07399999999999995 4.6629367034256575e-15 
-0.07199999999999995 4.440892098500626e-15 
-0.06999999999999995 4.3298697960381105e-15 
-0.06799999999999995 4.773959005888173e-15 
-0.06599999999999995 5.218048215738236e-15 
-0.06399999999999995 4.884981308350689e-15 
-0.061999999999999944 5.10702591327572e-15 
-0.05999999999999994 5.440092820663267e-15 
-0.05799999999999994 5.440092820663267e-15 
-0.05599999999999994 4.773959005888173e-15 
-0.05399999999999994 4.9960036108132044e-15 
-0.051999999999999935 4.9960036108132044e-15 
-0.04999999999999993 4.773959005888173e-15 
-0.04799999999999993 5.10702591327572e-15 
-0.04599999999999993 4.773959005888173e-15 
-0.04399999999999993 4.3298697960381105e-15 
-0.041999999999999926 3.9968028886505635e-15 
-0.040000000000000036 3.885780586188048e-15 
-0.038000000000000034 3.4416913763379853e-15 
-0.03600000000000003 3.219646771412954e-15 
-0.03400000000000003 3.3306690738754696e-15 
-0.03200000000000003 3.219646771412954e-15 
-0.030000000000000027 2.7755575615628914e-15 
-0.028000000000000025 2.220446049250313e-15 
-0.026000000000000023 1.887379141862766e-15 
-0.02400000000000002 1.6653345369377348e-15 
-0.02200000000000002 1.1102230246251565e-15 
-0.020000000000000018 6.661338147750939e-16 
-0.018000000000000016 -1.1102230246251565e-16 
-0.016000000000000014 0.0 
-0.014000000000000012 -2.220446049250313e-16 
-0.01200000000000001 -7.771561172376096e-16 
-0.010000000000000009 -7.771561172376096e-16 
-0.008000000000000007 -9.992007221626409e-16 
-0.006000000000000005 -1.3322676295501878e-15 
-0.0040000000000000036 -1.6653345369377348e-15 
-0.0020000000000000018 -2.3314683517128287e-15 
0.0 -3.1086244689504383e-15 
0.0020000000000000018 -2.55351295663786e-15 
0.0040000000000000036 -2.9976021664879227e-15 
0.006000000000000005 -3.3306690738754696e-15 
0.008000000000000007 -3.4416913763379853e-15 
0.010000000000000009 -3.4416913763379853e-15 
0.01200000000000001 -4.107825191113079e-15 
0.014000000000000012 -4.440892098500626e-15 
0.016000000000000014 -4.440892098500626e-15 
0.018000000000000016 -4.551914400963142e-15 
0.020000000000000018 -4.884981308350689e-15 
0.02200000000000002 -4.884981308350689e-15 
0.02400000000000002 -5.440092820663267e-15 
0.026000000000000023 -5.440092820663267e-15 
0.028000000000000025 -5.10702591327572e-15 
0.030000000000000027 -4.9960036108132044e-15 
0.03200000000000003 -5.218048215738236e-15 
0.03400000000000003 -5.10702591327572e-15 
0.03600000000000003 -4.9960036108132044e-15 
0.038000000000000034 -5.218048215738236e-15 
0.040000000000000036 -5.218048215738236e-15 
0.04200000000000004 -5.10702591327572e-15 
0.04400000000000004 -4.773959005888173e-15 
0.04600000000000004 -4.9960036108132044e-15 
0.04800000000000004 -4.440892098500626e-15 
0.050000000000000044 -4.3298697960381105e-15 
0.052000000000000046 -4.551914400963142e-15 
0.05400000000000005 -4.3298697960381105e-15 
0.05600000000000005 -3.9968028886505635e-15 
0.05800000000000005 -3.885780586188048e-15 
0.06000000000000005 -3.885780586188048e-15 
0.062000000000000055 -3.552713678800501e-15 
0.06400000000000006 -3.9968028886505635e-15 
0.06600000000000006 -3.219646771412954e-15 
0.06800000000000006 -2.9976021664879227e-15 
0.07000000000000006 -3.219646771412954e-15 
0.07200000000000006 -3.1086244689504383e-15 
0.07400000000000007 -2.220446049250313e-15 
0.07600000000000007 -2.1094237467877974e-15 
0.07800000000000007 -2.220446049250313e-15 
0.08000000000000007 -2.220446049250313e-15 
0.08200000000000007 -1.5543122344752192e-15 
0.08400000000000007 -1.6653345369377348e-15 
0.08600000000000008 -1.1102230246251565e-15 
0.08800000000000008 -1.2212453270876722e-15 
0.09000000000000008 -1.2212453270876722e-15 
0.09200000000000008 -8.881784197001252e-16 
0.09400000000000008 -1.1102230246251565e-16 
0.09600000000000009 -4.440892098500626e-16 
0.09800000000000009 -1.1102230246251565e-16 
0.10000000000000009 0.0 
0.10200000000000009 -2.220446049250313e-16 
0.10400000000000009 4.440892098500626e-16 
0.1060000000000001 8.881784197001252e-16 
0.1080000000000001 7.771561172376096e-16 
0.1100000000000001 8.881784197001252e-16 
0.1120000000000001 9.992007221626409e-16 
0.1140000000000001 8.881784197001252e-16 
0.1160000000000001 1.3322676295501878e-15 
0.1180000000000001 1.3322676295501878e-15 
0.1200000000000001 1.887379141862766e-15 
0.12200000000000011 1.6653345369377348e-15 
0.12400000000000011 1.7763568394002505e-15 
0.1260000000000001 1.4432899320127035e-15 
0.1280000000000001 1.887379141862766e-15 
0.13000000000000012 1.887379141862766e-15 
0.13200000000000012 1.9984014443252818e-15 
0.13400000000000012 1.887379141862766e-15 
0.13600000000000012 2.1094237467877974e-15 
0.13800000000000012 1.9984014443252818e-15 
0.14000000000000012 1.887379141862766e-15 
0.14200000000000013 1.9984014443252818e-15 
0.14400000000000013 1.887379141862766e-15 
0.14600000000000013 1.887379141862766e-15 
0.14800000000000013 1.6653345369377348e-15 
0.15000000000000013 1.9984014443252818e-15 
0.15200000000000014 2.1094237467877974e-15 
0.15399999999999991 1.9984014443252818e-15 
0.15599999999999992 1.6653345369377348e-15 
0.15799999999999992 1.6653345369377348e-15 
0.15999999999999992 1.6653345369377348e-15 
0.16199999999999992 2.220446049250313e-15 
0.16399999999999992 1.4432899320127035e-15 
0.16599999999999993 1.6653345369377348e-15 
0.16799999999999993 1.887379141862766e-15 
0.16999999999999993 1.7763568394002505e-15 
0.17199999999999993 1.4432899320127035e-15 
0.17399999999999993 1.887379141862766e-15 
0.17599999999999993 1.5543122344752192e-15 
0.17799999999999994 1.3322676295501878e-15 
0.17999999999999994 1.3322676295501878e-15 
0.18199999999999994 1.3322676295501878e-15 
0.18399999999999994 7.771561172376096e-16 
0.18599999999999994 9.992007221626409e-16 
0.18799999999999994 1.2212453270876722e-15 
0.18999999999999995 7.771561172376096e-16 
0.19199999999999995 3.3306690738754696e-16 
0.19399999999999995 1.1102230246251565e-16 
0.19599999999999995 4.440892098500626e-16 
0.19799999999999995 4.440892098500626e-16 
0.19999999999999996 7.771561172376096e-16 
0.20199999999999996 2.220446049250313e-16 
0.20399999999999996 3.3306690738754696e-16 
0.20599999999999996 -1.1102230246251565e-16 
0.20799999999999996 0.0 
0.20999999999999996 2.220446049250313e-16 
0.21199999999999997 0.0 
0.21399999999999997 -1.1102230246251565e-16 
0.21599999999999997 2.220446049250313e-16 
0.21799999999999997 0.0 
0.21999999999999997 0.0 
0.22199999999999998 4.440892098500626e-16 
0.22399999999999998 2.220446049250313e-16 
0.22599999999999998 4.440892098500626e-16 
0.22799999999999998 2.220446049250313e-16 
0.22999999999999998 1.1102230246251565e-16 
0.23199999999999998 5.551115123125783e-16 
0.23399999999999999 5.551115123125783e-16 
0.236 8.881784197001252e-16 
0.238 6.661338147750939e-16 
0.24 8.881784197001252e-16 
0.242 1.2212453270876722e-15 
0.244 1.2212453270876722e-15 
0.246 1.2212453270876722e-15 
0.248 1.5543122344752192e-15 
0.25 1.2212453270876722e-15 
0.252 1.4432899320127035e-15 
0.254 1.2212453270876722e-15 
0.256 1.887379141862766e-15 
0.258 2.1094237467877974e-15 
0.26 1.9984014443252818e-15 
0.262 2.3314683517128287e-15 
0.264 2.3314683517128287e-15 
0.266 2.55351295663786e-15 
0.268 2.4424906541753444e-15 
0.27 2.4424906541753444e-15 
0.272 2.886579864025407e-15 
0.274 3.1086244689504383e-15 
0.276 2.220446049250313e-15 
0.278 2.4424906541753444e-15 
0.28 2.4424906541753444e-15 
0.28200000000000003 2.55351295663786e-15 
0.28400000000000003 2.6645352591003757e-15 
0.28600000000000003 2.4424906541753444e-15 
0.28800000000000003 2.4424906541753444e-15 
0.29000000000000004 2.4424906541753444e-15 
0.29200000000000004 1.9984014443252818e-15 
0.29400000000000004 1.9984014443252818e-15 
0.29600000000000004 1.6653345369377348e-15 
0.29800000000000004 1.7763568394002505e-15 
0.30000000000000004 1.3322676295501878e-15 
0.30200000000000005 1.2212453270876722e-15 
0.30400000000000005 9.992007221626409e-16 
0.30600000000000005 1.2212453270876722e-15 
0.30800000000000005 6.661338147750939e-16 
0.31000000000000005 4.440892098500626e-16 
0.31200000000000006 -1.1102230246251565e-16 
0.31400000000000006 -1.1102230246251565e-16 
0.31600000000000006 -8.881784197001252e-16 
0.31800000000000006 -8.881784197001252e-16 
0.32000000000000006 -1.5543122344752192e-15 
0.32200000000000006 -1.887379141862766e-15 
0.32400000000000007 -1.9984014443252818e-15 
0.32600000000000007 -1.9984014443252818e-15 
0.32800000000000007 -2.4424906541753444e-15 
0.33000000000000007 -2.886579864025407e-15 
0.3320000000000001 -3.4416913763379853e-15 
0.3340000000000001 -3.6637359812630166e-15 
0.3360000000000001 -3.774758283725532e-15 
0.3380000000000001 -3.9968028886505635e-15 
0.3400000000000001 -4.218847493575595e-15 
0.3420000000000001 -4.773959005888173e-15 
0.3440000000000001 -4.6629367034256575e-15 
0.3460000000000001 -4.551914400963142e-15 
0.3480000000000001 -4.884981308350689e-15 
0.3500000000000001 -5.10702591327572e-15 
0.3520000000000001 -5.10702591327572e-15 
0.3540000000000001 -5.329070518200751e-15 
0.3560000000000001 -5.551115123125783e-15 
0.3580000000000001 -5.440092820663267e-15 
0.3600000000000001 -5.329070518200751e-15 
0.3620000000000001 -5.218048215738236e-15 
0.3640000000000001 -4.884981308350689e-15 
0.3660000000000001 -4.773959005888173e-15 
0.3680000000000001 -4.551914400963142e-15 
0.3700000000000001 -4.218847493575595e-15 
0.3720000000000001 -3.9968028886505635e-15 
0.3740000000000001 -4.107825191113079e-15 
0.3760000000000001 -3.6637359812630166e-15 
0.3780000000000001 -3.6637359812630166e-15 
0.3800000000000001 -2.55351295663786e-15 
0.3820000000000001 -2.220446049250313e-15 
0.3840000000000001 -2.220446049250313e-15 
0.3860000000000001 -2.220446049250313e-15 
0.3880000000000001 -1.5543122344752192e-15 
0.3900000000000001 -8.881784197001252e-16 
0.3920000000000001 -8.881784197001252e-16 
0.39400000000000013 -4.440892098500626e-16 
0.39600000000000013 -1.1102230246251565e-16 
0.39800000000000013 3.3306690738754696e-16 
0.40000000000000013 1.1102230246251565e-15 
0.40200000000000014 1.5543122344752192e-15 
0.40400000000000014 1.887379141862766e-15 
0.40600000000000014 1.887379141862766e-15 
0.4079999999999999 2.3314683517128287e-15 
0.4099999999999999 2.6645352591003757e-15 
0.4119999999999999 2.6645352591003757e-15 
0.4139999999999999 2.6645352591003757e-15 
0.4159999999999999 3.885780586188048e-15 
0.4179999999999999 3.885780586188048e-15 
0.41999999999999993 3.6637359812630166e-15 
0.42199999999999993 3.885780586188048e-15 
0.42399999999999993 3.6637359812630166e-15 
0.42599999999999993 3.9968028886505635e-15 
0.42799999999999994 3.9968028886505635e-15 
0.42999999999999994 3.9968028886505635e-15 
0.43199999999999994 4.107825191113079e-15 
0.43399999999999994 3.774758283725532e-15 
0.43599999999999994 3.6637359812630166e-15 
0.43799999999999994 3.774758283725532e-15 
0.43999999999999995 3.4416913763379853e-15 
0.44199999999999995 3.219646771412954e-15 
0.44399999999999995 2.55351295663786e-15 
0.44599999999999995 2.55351295663786e-15 
0.44799999999999995 2.1094237467877974e-15 
0.44999999999999996 1.6653345369377348e-15 
0.45199999999999996 1.5543122344752192e-15 
0.45399999999999996 9.992007221626409e-16 
0.45599999999999996 6.661338147750939e-16 
0.45799999999999996 6.661338147750939e-16 
0.45999999999999996 1.1102230246251565e-16 
0.46199999999999997 -2.220446049250313e-16 
0.46399999999999997 -6.661338147750939e-16 
0.46599999999999997 -1.2212453270876722e-15 
0.46799999999999997 -1.3322676295501878e-15 
0.47 -1.4432899320127035e-15 
0.472 -1.7763568394002505e-15 
0.474 -1.7763568394002505e-15 
0.476 -1.9984014443252818e-15 
0.478 -2.3314683517128287e-15 
0.48 -3.1086244689504383e-15 
0.482 -2.886579864025407e-15 
0.484 -2.7755575615628914e-15 
0.486 -2.886579864025407e-15 
0.488 -3.1086244689504383e-15 
0.49 -2.6645352591003757e-15 
0.492 -2.886579864025407e-15 
0.494 -2.886579864025407e-15 
0.496 -2.9976021664879227e-15 
0.498 -2.6645352591003757e-15 
0.5 -2.55351295663786e-15 
0.502 -2.55351295663786e-15 
0.504 -2.3314683517128287e-15 
0.506 -2.1094237467877974e-15 
0.508 -1.5543122344752192e-15 
0.51 -1.3322676295501878e-15 
0.512 -1.2212453270876722e-15 
0.514 -7.771561172376096e-16 
0.516 -3.3306690738754696e-16 
0.518 -3.3306690738754696e-16 
0.52 -1.1102230246251565e-16 
0.522 4.440892098500626e-16 
0.524 3.3306690738754696e-16 
0.526 1.2212453270876722e-15 
0.528 9.992007221626409e-16 
0.53 1.3322676295501878e-15 
0.532 1.6653345369377348e-15 
0.534 1.5543122344752192e-15 
0.536 2.220446049250313e-15 
0.538 2.4424906541753444e-15 
0.54 2.6645352591003757e-15 
0.542 2.7755575615628914e-15 
0.544 2.7755575615628914e-15 
0.546 2.7755575615628914e-15 
0.548 2.6645352591003757e-15 
0.55 2.55351295663786e-15 
0.552 2.7755575615628914e-15 
0.554 2.6645352591003757e-15 
0.556 2.4424906541753444e-15 
0.558 2.55351295663786e-15 
0.56 2.4424906541753444e-15 
0.562 2.4424906541753444e-15 
0.5640000000000001 2.1094237467877974e-15 
0.5660000000000001 1.9984014443252818e-15 
0.5680000000000001 1.5543122344752192e-15 
0.5700000000000001 9.992007221626409e-16 
0.5720000000000001 1.3322676295501878e-15 
0.5740000000000001 1.1102230246251565e-15 
0.5760000000000001 8.881784197001252e-16 
0.5780000000000001 8.881784197001252e-16 
0.5800000000000001 7.771561172376096e-16 
0.5820000000000001 0.0 
0.5840000000000001 -2.220446049250313e-16 
0.5860000000000001 -3.3306690738754696e-16 
0.5880000000000001 -9.992007221626409e-16 
0.5900000000000001 -8.881784197001252e-16 
0.5920000000000001 -1.1102230246251565e-15 
0.5940000000000001 -8.881784197001252e-16 
0.5960000000000001 -1.3322676295501878e-15 
0.5980000000000001 -1.5543122344752192e-15 
0.6000000000000001 -1.5543122344752192e-15 
0.6020000000000001 -1.887379141862766e-15 
0.6040000000000001 -1.6653345369377348e-15 
0.6060000000000001 -1.887379141862766e-15 
0.6080000000000001 -1.5543122344752192e-15 
0.6100000000000001 -1.6653345369377348e-15 
0.6120000000000001 -1.7763568394002505e-15 
0.6140000000000001 -2.1094237467877974e-15 
0.6160000000000001 -1.6653345369377348e-15 
0.6180000000000001 -1.4432899320127035e-15 
0.6200000000000001 -1.1102230246251565e-15 
0.6220000000000001 -1.4432899320127035e-15 
0.6240000000000001 -1.1102230246251565e-15 
0.6260000000000001 -1.2212453270876722e-15 
0.6280000000000001 -9.992007221626409e-16 
0.6300000000000001 -1.2212453270876722e-15 
0.6320000000000001 -1.2212453270876722e-15 
0.6340000000000001 -1.1102230246251565e-15 
0.6360000000000001 -9.992007221626409e-16 
0.6380000000000001 -8.881784197001252e-16 
0.6400000000000001 -6.661338147750939e-16 
0.6420000000000001 -6.661338147750939e-16 
0.6440000000000001 -6.661338147750939e-16 
0.6460000000000001 -8.881784197001252e-16 
0.6480000000000001 -2.220446049250313e-16 
0.6500000000000001 -8.881784197001252e-16 
0.6520000000000001 -8.881784197001252e-16 
0.6540000000000001 -8.881784197001252e-16 
0.6560000000000001 -8.881784197001252e-16 
0.6580000000000001 -1.4432899320127035e-15 
0.6600000000000001 -1.2212453270876722e-15 
0.6620000000000001 -1.5543122344752192e-15 
0.6640000000000001 -1.3322676295501878e-15 
0.6659999999999999 -1.4432899320127035e-15 
0.6679999999999999 -1.2212453270876722e-15 
0.6699999999999999 -1.887379141862766e-15 
0.6719999999999999 -1.5543122344752192e-15 
0.6739999999999999 -2.55351295663786e-15 
0.6759999999999999 -2.4424906541753444e-15 
0.6779999999999999 -1.887379141862766e-15 
0.6799999999999999 -1.887379141862766e-15 
0.6819999999999999 -2.220446049250313e-15 
0.6839999999999999 -2.3314683517128287e-15 
0.6859999999999999 -1.9984014443252818e-15 
0.688 -1.7763568394002505e-15 
0.69 -1.9984014443252818e-15 
0.692 -1.6653345369377348e-15 
0.694 -1.6653345369377348e-15 
0.696 -1.5543122344752192e-15 
0.698 -8.881784197001252e-16 
0.7 -1.2212453270876722e-15 
0.702 -7.771561172376096e-16 
0.704 0.0 
0.706 0.0 
0.708 5.551115123125783e-16 
0.71 9.992007221626409e-16 
0.712 9.992007221626409e-16 
0.714 1.2212453270876722e-15 
0.716 1.6653345369377348e-15 
0.718 2.1094237467877974e-15 
0.72 2.1094237467877974e-15 
0.722 2.6645352591003757e-15 
0.724 2.6645352591003757e-15 
0.726 3.1086244689504383e-15 
0.728 3.219646771412954e-15 
0.73 3.219646771412954e-15 
0.732 3.219646771412954e-15 
0.734 3.4416913763379853e-15 
0.736 3.1086244689504383e-15 
0.738 3.1086244689504383e-15 
0.74 2.6645352591003757e-15 
0.742 2.55351295663786e-15 
0.744 2.3314683517128287e-15 
0.746 1.5543122344752192e-15 
0.748 1.6653345369377348e-15 
0.75 1.2212453270876722e-15 
0.752 8.881784197001252e-16 
0.754 3.3306690738754696e-16 
0.756 -1.1102230246251565e-16 
0.758 -5.551115123125783e-16 
0.76 -1.4432899320127035e-15 
0.762 -1.5543122344752192e-15 
0.764 -1.9984014443252818e-15 
0.766 -2.1094237467877974e-15 
0.768 -2.55351295663786e-15 
0.77 -2.9976021664879227e-15 
0.772 -2.886579864025407e-15 
0.774 -3.219646771412954e-15 
0.776 -3.3306690738754696e-15 
0.778 -3.4416913763379853e-15 
0.78 -3.552713678800501e-15 
0.782 -3.4416913763379853e-15 
0.784 -3.219646771412954e-15 
0.786 -2.9976021664879227e-15 
0.788 -2.7755575615628914e-15 
0.79 -2.3314683517128287e-15 
0.792 -1.7763568394002505e-15 
0.794 -1.2212453270876722e-15 
0.796 -1.1102230246251565e-15 
0.798 -5.551115123125783e-16 
0.8 2.220446049250313e-16 
0.802 7.771561172376096e-16 
0.804 1.2212453270876722e-15 
0.806 1.9984014443252818e-15 
0.808 2.220446049250313e-15 
0.81 2.55351295663786e-15 
0.812 3.219646771412954e-15 
0.8140000000000001 2.7755575615628914e-15 
0.8160000000000001 3.552713678800501e-15 
0.8180000000000001 3.4416913763379853e-15 
0.8200000000000001 2.9976021664879227e-15 
0.8220000000000001 2.886579864025407e-15 
0.8240000000000001 2.886579864025407e-15 
0.8260000000000001 2.55351295663786e-15 
0.8280000000000001 2.4424906541753444e-15 
0.8300000000000001 1.887379141862766e-15 
0.8320000000000001 1.4432899320127035e-15 
0.8340000000000001 7.771561172376096e-16 
0.8360000000000001 2.220446049250313e-16 
0.8380000000000001 -5.551115123125783e-16 
0.8400000000000001 -6.661338147750939e-16 
0.8420000000000001 -9.992007221626409e-16 
0.8440000000000001 -1.887379141862766e-15 
0.8460000000000001 -2.1094237467877974e-15 
0.8480000000000001 -2.6645352591003757e-15 
0.8500000000000001 -2.886579864025407e-15 
0.8520000000000001 -3.552713678800501e-15 
0.8540000000000001 -3.219646771412954e-15 
0.8560000000000001 -2.886579864025407e-15 
0.8580000000000001 -2.886579864025407e-15 
0.8600000000000001 -2.6645352591003757e-15 
0.8620000000000001 -2.4424906541753444e-15 
0.8640000000000001 -1.887379141862766e-15 
0.8660000000000001 -1.2212453270876722e-15 
0.8680000000000001 -9.992007221626409e-16 
0.8700000000000001 0.0 
0.8720000000000001 4.440892098500626e-16 
0.8740000000000001 1.1102230246251565e-15 
0.8760000000000001 1.3322676295501878e-15 
0.8780000000000001 2.55351295663786e-15 
0.8800000000000001 2.7755575615628914e-15 
0.8820000000000001 3.1086244689504383e-15 
0.8840000000000001 3.1086244689504383e-15 
0.8860000000000001 3.1086244689504383e-15 
0.8880000000000001 2.6645352591003757e-15 
0.8900000000000001 2.4424906541753444e-15 
0.8920000000000001 1.3322676295501878e-15 
0.8940000000000001 1.3322676295501878e-15 
0.8960000000000001 6.661338147750939e-16 
0.8980000000000001 -4.440892098500626e-16 
0.9000000000000001 -1.2212453270876722e-15 
0.9020000000000001 -1.9984014443252818e-15 
0.9040000000000001 -2.886579864025407e-15 
0.9060000000000001 -3.3306690738754696e-15 
0.9080000000000001 -4.218847493575595e-15 
0.9100000000000001 -4.551914400963142e-15 
0.9120000000000001 -4.884981308350689e-15 
0.9140000000000001 -4.9960036108132044e-15 
0.9160000000000001 -4.3298697960381105e-15 
0.9180000000000001 -3.552713678800501e-15 
0.9199999999999999 -2.7755575615628914e-15 
0.9219999999999999 -1.7763568394002505e-15 
0.9239999999999999 -6.661338147750939e-16 
0.9259999999999999 1.1102230246251565e-15 
0.9279999999999999 2.220446049250313e-15 
0.9299999999999999 3.4416913763379853e-15 
0.9319999999999999 4.440892098500626e-15 
0.9339999999999999 5.662137425588298e-15 
0.9359999999999999 6.217248937900877e-15 
0.938 6.328271240363392e-15 
0.94 5.995204332975845e-15 
0.942 5.440092820663267e-15 
0.944 4.3298697960381105e-15 
0.946 2.7755575615628914e-15 
0.948 9.992007221626409e-16 
0.95 -1.2212453270876722e-15 
0.952 -3.552713678800501e-15 
0.954 -5.440092820663267e-15 
0.956 -6.994405055138486e-15 
0.958 -7.771561172376096e-15 
0.96 -8.215650382226158e-15 
0.962 -7.105427357601002e-15 
0.964 -5.440092820663267e-15 
0.966 -2.7755575615628914e-15 
0.968 0.0 
0.97 3.6637359812630166e-15 
0.972 6.5503158452884236e-15 
0.974 9.103828801926284e-15 
0.976 1.0547118733938987e-14 
0.978 9.658940314238862e-15 
0.98 7.549516567451064e-15 
0.982 2.886579864025407e-15 
0.984 -2.220446049250313e-15 
0.986 -7.66053886991358e-15 
0.988 -1.1435297153639112e-14 
0.99 -1.1102230246251565e-14 
0.992 -6.328271240363392e-15 
0.994 4.551914400963142e-15 
0.996 1.5654144647214707e-14 
0.998 1.432187701766452e-14 
