-1.0 0.3678794411714556 
-0.998 0.36861593630341305 
-0.996 0.3693539058996196 
-0.994 0.3700933529119494 
-0.992 0.37083428029818827 
-0.99 0.3715766910220437 
-0.988 0.3723205880531574 
-0.986 0.3730659743671188 
-0.984 0.3738128529454729 
-0.982 0.3745612267757359 
-0.98 0.3753110988514039 
-0.978 0.3760624721719673 
-0.976 0.37681534974292125 
-0.974 0.3775697345757765 
-0.972 0.3783256296880746 
-0.97 0.3790830381033961 
-0.968 0.3798419628513763 
-0.966 0.38060240696771513 
-0.964 0.38136437349418917 
-0.962 0.3821278654786662 
-0.96 0.38289288597511434 
-0.958 0.3836594380436171 
-0.956 0.38442752475038283 
-0.954 0.38519714916776004 
-0.952 0.385968314374247 
-0.95 0.3867410234545057 
-0.948 0.3875152794993732 
-0.946 0.38829108560587533 
-0.944 0.3890684448772375 
-0.942 0.3898473604228977 
-0.94 0.3906278353585194 
-0.938 0.3914098728060037 
-0.9359999999999999 0.392193475893501 
-0.9339999999999999 0.39297864775542524 
-0.9319999999999999 0.39376539153246465 
-0.9299999999999999 0.3945537103715956 
-0.9279999999999999 0.39534360742609465 
-0.926 0.39613508585555046 
-0.924 0.39692814882587807 
-0.922 0.397722799509331 
-0.92 0.3985190410845119 
-0.918 0.39931687673638894 
-0.916 0.40011630965630535 
-0.914 0.4009173430419942 
-0.912 0.4017199800975891 
-0.91 0.4025242240336404 
-0.908 0.4033300780671243 
-0.906 0.40413754542145774 
-0.904 0.4049466293265117 
-0.902 0.4057573330186227 
-0.9 0.4065696597406067 
-0.898 0.4073836127417711 
-0.896 0.40819919527792975 
-0.894 0.4090164106114134 
-0.892 0.4098352620110847 
-0.89 0.4106557527523506 
-0.888 0.4114778861171748 
-0.886 0.4123016653940923 
-0.884 0.4131270938782207 
-0.882 0.41395417487127556 
-0.88 0.4147829116815818 
-0.878 0.4156133076240882 
-0.876 0.4164453660203788 
-0.874 0.4172790901986893 
-0.872 0.41811448349391667 
-0.87 0.41895154924763617 
-0.868 0.4197902908081108 
-0.866 0.42063071153030873 
-0.864 0.42147281477591386 
-0.862 0.42231660391333986 
-0.86 0.42316208231774455 
-0.858 0.4240092533710433 
-0.856 0.4248581204619206 
-0.854 0.4257086869858462 
-0.852 0.4265609563450876 
-0.85 0.4274149319487232 
-0.848 0.42827061721265614 
-0.846 0.42912801555962926 
-0.844 0.4299871304192367 
-0.842 0.43084796522793917 
-0.84 0.4317105234290772 
-0.838 0.4325748084728842 
-0.836 0.4334408238165019 
-0.834 0.4343085729239928 
-0.832 0.43517805926635444 
-0.83 0.43604928632153367 
-0.828 0.4369222575744392 
-0.826 0.43779697651695776 
-0.8240000000000001 0.438673446647966 
-0.8220000000000001 0.4395516714733461 
-0.8200000000000001 0.44043165450599786 
-0.8180000000000001 0.4413133992658553 
-0.8160000000000001 0.44219690927989797 
-0.8140000000000001 0.44308218808216754 
-0.812 0.4439692392137797 
-0.81 0.44485806622294144 
-0.808 0.445748672664961 
-0.806 0.44664106210226534 
-0.804 0.4475352381044141 
-0.802 0.4484312042481118 
-0.8 0.4493289641172241 
-0.798 0.45022852130279223 
-0.796 0.45112987940304605 
-0.794 0.45203304202341876 
-0.792 0.45293801277656226 
-0.79 0.45384479528236077 
-0.788 0.4547533931679455 
-0.786 0.455663810067709 
-0.784 0.45657604962332043 
-0.782 0.45749011548373913 
-0.78 0.4584060113052298 
-0.778 0.45932374075137644 
-0.776 0.4602433074930986 
-0.774 0.4611647152086641 
-0.772 0.46208796758370574 
-0.77 0.46301306831123323 
-0.768 0.4639400210916516 
-0.766 0.46486882963277265 
-0.764 0.465799497649832 
-0.762 0.4667320288655029 
-0.76 0.46766642700991157 
-0.758 0.46860269582065195 
-0.756 0.4695408390428002 
-0.754 0.4704808604289306 
-0.752 0.47142276373913006 
-0.75 0.47236655274101336 
-0.748 0.47331223120973714 
-0.746 0.47425980292801695 
-0.744 0.47520927168614074 
-0.742 0.47616064128198504 
-0.74 0.4771139155210297 
-0.738 0.4780690982163723 
-0.736 0.47902619318874534 
-0.734 0.47998520426653013 
-0.732 0.4809461352857716 
-0.73 0.48190899009019583 
-0.728 0.4828737725312229 
-0.726 0.48384048646798417 
-0.724 0.48480913576733664 
-0.722 0.4857797243038782 
-0.72 0.48675225595996524 
-0.718 0.48772673462572486 
-0.716 0.48870316419907417 
-0.714 0.4896815485857309 
-0.712 0.4906618916992353 
-0.71 0.4916441974609607 
-0.708 0.4926284698001319 
-0.706 0.4936147126538388 
-0.704 0.49460292996705474 
-0.702 0.49559312569264946 
-0.7 0.4965853037914082 
-0.698 0.4975794682320441 
-0.696 0.49857562299121666 
-0.694 0.49957377205354553 
-0.692 0.5005739194116288 
-0.69 0.5015760690660567 
-0.688 0.5025802250254306 
-0.6859999999999999 0.5035863913063736 
-0.6839999999999999 0.5045945719335537 
-0.6819999999999999 0.5056047709396944 
-0.6799999999999999 0.506616992365593 
-0.6779999999999999 0.5076312402601362 
-0.6759999999999999 0.5086475186803171 
-0.6739999999999999 0.5096658316912516 
-0.6719999999999999 0.5106861833661914 
-0.6699999999999999 0.511708577786546 
-0.6679999999999999 0.5127330190418933 
-0.6659999999999999 0.5137595112300013 
-0.6639999999999999 0.514788058456839 
-0.6619999999999999 0.515818664836597 
-0.6599999999999999 0.5168513344917018 
-0.6579999999999999 0.5178860715528334 
-0.6559999999999999 0.5189228801589427 
-0.6539999999999999 0.5199617644572639 
-0.6519999999999999 0.521002728603336 
-0.6499999999999999 0.522045776761017 
-0.648 0.523090913102502 
-0.646 0.5241381418083365 
-0.644 0.5251874670674368 
-0.642 0.5262388930771059 
-0.64 0.5272924240430487 
-0.638 0.5283480641793912 
-0.636 0.5294058177086949 
-0.634 0.530465688861975 
-0.632 0.5315276818787183 
-0.63 0.5325918010068978 
-0.628 0.5336580505029906 
-0.626 0.5347264346319978 
-0.624 0.5357969576674566 
-0.622 0.5368696238914602 
-0.62 0.5379444375946754 
-0.618 0.5390214030763578 
-0.616 0.5401005246443716 
-0.614 0.5411818066152044 
-0.612 0.5422652533139853 
-0.61 0.5433508690745017 
-0.608 0.5444386582392191 
-0.606 0.5455286251592956 
-0.604 0.5466207741946 
-0.602 0.5477151097137303 
-0.6 0.5488116360940292 
-0.598 0.5499103577216048 
-0.596 0.5510112789913437 
-0.594 0.5521144043069339 
-0.592 0.5532197380808768 
-0.59 0.5543272847345098 
-0.588 0.5554370486980216 
-0.586 0.5565490344104674 
-0.584 0.5576632463197938 
-0.5820000000000001 0.5587796888828488 
-0.5800000000000001 0.5598983665654038 
-0.5780000000000001 0.561019283842172 
-0.5760000000000001 0.5621424451968239 
-0.5740000000000001 0.5632678551220063 
-0.5720000000000001 0.564395518119359 
-0.5700000000000001 0.5655254386995375 
-0.5680000000000001 0.5666576213822245 
-0.5660000000000001 0.567792070696153 
-0.5640000000000001 0.5689287911791209 
-0.562 0.5700677873780124 
-0.56 0.5712090638488129 
-0.558 0.5723526251566313 
-0.556 0.5734984758757131 
-0.554 0.5746466205894628 
-0.552 0.5757970638904616 
-0.55 0.5769498103804832 
-0.548 0.5781048646705156 
-0.546 0.5792622313807783 
-0.544 0.580421915140738 
-0.542 0.5815839205891326 
-0.54 0.5827482523739848 
-0.538 0.5839149151526244 
-0.536 0.5850839135917018 
-0.534 0.5862552523672151 
-0.532 0.5874289361645186 
-0.53 0.5886049696783506 
-0.528 0.5897833576128461 
-0.526 0.5909641046815587 
-0.524 0.5921472156074772 
-0.522 0.5933326951230483 
-0.52 0.5945205479701914 
-0.518 0.5957107789003183 
-0.516 0.596903392674356 
-0.514 0.5980983940627594 
-0.512 0.599295787845537 
-0.51 0.600495578812265 
-0.508 0.6016977717621084 
-0.506 0.6029023715038416 
-0.504 0.6041093828558649 
-0.502 0.6053188106462248 
-0.5 0.6065306597126346 
-0.498 0.6077449349024915 
-0.496 0.6089616410728989 
-0.494 0.6101807830906819 
-0.492 0.6114023658324111 
-0.49 0.6126263941844191 
-0.488 0.6138528730428203 
-0.486 0.615081807313532 
-0.484 0.6163132019122933 
-0.482 0.6175470617646834 
-0.48 0.6187833918061448 
-0.478 0.6200221969819973 
-0.476 0.6212634822474654 
-0.474 0.6225072525676908 
-0.472 0.6237535129177559 
-0.47 0.6250022682827042 
-0.46799999999999997 0.6262535236575592 
-0.46599999999999997 0.6275072840473442 
-0.46399999999999997 0.6287635544671014 
-0.46199999999999997 0.6300223399419148 
-0.45999999999999996 0.6312836455069282 
-0.45799999999999996 0.6325474762073652 
-0.45599999999999996 0.6338138370985503 
-0.45399999999999996 0.6350827332459297 
-0.45199999999999996 0.6363541697250878 
-0.44999999999999996 0.6376281516217732 
-0.44799999999999995 0.638904684031916 
-0.44599999999999995 0.6401837720616462 
-0.44399999999999995 0.6414654208273187 
-0.44199999999999995 0.6427496354555298 
-0.43999999999999995 0.64403642108314 
-0.43799999999999994 0.6453257828572925 
-0.43599999999999994 0.6466177259354371 
-0.43399999999999994 0.6479122554853479 
-0.43199999999999994 0.6492093766851448 
-0.42999999999999994 0.6505090947233134 
-0.42799999999999994 0.6518114147987287 
-0.42599999999999993 0.653116342120672 
-0.42399999999999993 0.6544238819088549 
-0.42200000000000004 0.6557340393934379 
-0.42000000000000004 0.6570468198150534 
-0.41800000000000004 0.6583622284248238 
-0.41600000000000004 0.6596802704843856 
-0.41400000000000003 0.6610009512659093 
-0.41200000000000003 0.6623242760521193 
-0.41000000000000003 0.6636502501363165 
-0.40800000000000003 0.6649788788223997 
-0.406 0.6663101674248841 
-0.404 0.667644121268927 
-0.402 0.6689807456903455 
-0.4 0.6703200460356386 
-0.398 0.6716620276620096 
-0.396 0.6730066959373866 
-0.394 0.6743540562404445 
-0.392 0.6757041139606268 
-0.39 0.6770568744981657 
-0.388 0.6784123432641059 
-0.386 0.6797705256803231 
-0.384 0.6811314271795496 
-0.382 0.6824950532053933 
-0.38 0.6838614092123586 
-0.378 0.6852305006658738 
-0.376 0.6866023330423051 
-0.374 0.6879769118289835 
-0.372 0.6893542425242267 
-0.37 0.6907343306373593 
-0.368 0.6921171816887352 
-0.366 0.6935028012097604 
-0.364 0.694891194742915 
-0.362 0.6962823678417759 
-0.36 0.6976763260710357 
-0.358 0.6990730750065297 
-0.356 0.7004726202352566 
-0.354 0.7018749673553983 
-0.352 0.7032801219763446 
-0.35 0.7046880897187169 
-0.348 0.7060988762143878 
-0.346 0.7075124871065039 
-0.344 0.7089289280495132 
-0.34199999999999997 0.7103482047091787 
-0.33999999999999997 0.7117703227626107 
-0.33799999999999997 0.7131952878982831 
-0.33599999999999997 0.7146231058160578 
-0.33399999999999996 0.7160537822272082 
-0.33199999999999996 0.7174873228544425 
-0.32999999999999996 0.7189237334319244 
-0.32799999999999996 0.7203630197052993 
-0.32599999999999996 0.721805187431713 
-0.32399999999999995 0.723250242379839 
-0.32199999999999995 0.7246981903298991 
-0.31999999999999995 0.726149037073687 
-0.31799999999999995 0.7276027884145909 
-0.31599999999999995 0.7290594501676189 
-0.31399999999999995 0.7305190281594197 
-0.31199999999999994 0.731981528228307 
-0.30999999999999994 0.7334469562242834 
-0.30799999999999994 0.734915318009063 
-0.30599999999999994 0.7363866194560935 
-0.30399999999999994 0.7378608664505841 
-0.30199999999999994 0.7393380648895251 
-0.29999999999999993 0.7408182206817111 
-0.29799999999999993 0.7423013397477675 
-0.29600000000000004 0.7437874280201727 
-0.29400000000000004 0.7452764914432819 
-0.29200000000000004 0.7467685359733501 
-0.29000000000000004 0.7482635675785588 
-0.28800000000000003 0.749761592239035 
-0.28600000000000003 0.7512626159468804 
-0.28400000000000003 0.7527666447061906 
-0.28200000000000003 0.7542736845330836 
-0.28 0.7557837414557202 
-0.278 0.7572968215143315 
-0.276 0.7588129307612376 
-0.274 0.760332075260879 
-0.272 0.7618542610898352 
-0.27 0.7633794943368511 
-0.268 0.7649077811028627 
-0.266 0.7664391275010182 
-0.264 0.7679735396567057 
-0.262 0.7695110237075754 
-0.26 0.7710515858035664 
-0.258 0.7725952321069292 
-0.256 0.7741419687922498 
-0.254 0.7756918020464784 
-0.252 0.7772447380689488 
-0.25 0.7788007830714078 
-0.248 0.7803599432780378 
-0.246 0.7819222249254814 
-0.244 0.783487634262867 
-0.242 0.785056177551834 
-0.24 0.7866278610665585 
-0.238 0.7882026910937754 
-0.236 0.789780673932808 
-0.23399999999999999 0.7913618158955891 
-0.23199999999999998 0.7929461233066891 
-0.22999999999999998 0.7945336025033397 
-0.22799999999999998 0.7961242598354594 
-0.22599999999999998 0.7977181016656801 
-0.22399999999999998 0.7993151343693706 
-0.22199999999999998 0.8009153643346646 
-0.21999999999999997 0.8025187979624837 
-0.21799999999999997 0.8041254416665647 
-0.21599999999999997 0.8057353018734846 
-0.21399999999999997 0.8073483850226865 
-0.21199999999999997 0.8089646975665046 
-0.20999999999999996 0.8105842459701916 
-0.20799999999999996 0.8122070367119435 
-0.20599999999999996 0.8138330762829248 
-0.20399999999999996 0.8154623711872967 
-0.20199999999999996 0.8170949279422401 
-0.19999999999999996 0.8187307530779847 
-0.19799999999999995 0.820369853137834 
-0.19599999999999995 0.8220122346781892 
-0.19399999999999995 0.8236579042685789 
-0.19199999999999995 0.8253068684916852 
-0.18999999999999995 0.8269591339433647 
-0.18799999999999994 0.8286147072326818 
-0.18599999999999994 0.830273594981934 
-0.18399999999999994 0.8319358038266732 
-0.18199999999999994 0.8336013404157361 
-0.17999999999999994 0.8352702114112728 
-0.17799999999999994 0.8369424234887689 
-0.17599999999999993 0.8386179833370746 
-0.17399999999999993 0.8402968976584325 
-0.17199999999999993 0.8419791731685009 
-0.16999999999999993 0.8436648165963847 
-0.16799999999999993 0.8453538346846595 
-0.16600000000000004 0.8470462341894005 
-0.16400000000000003 0.8487420218802073 
-0.16200000000000003 0.850441204540234 
-0.16000000000000003 0.8521437889662121 
-0.15800000000000003 0.8538497819684833 
-0.15600000000000003 0.8555591903710198 
-0.15400000000000003 0.8572720210114588 
-0.15200000000000002 0.8589882807411254 
-0.15000000000000002 0.8607079764250597 
-0.14800000000000002 0.8624311149420474 
-0.14600000000000002 0.8641577031846452 
-0.14400000000000002 0.8658877480592078 
-0.14200000000000002 0.8676212564859169 
-0.14 0.8693582353988087 
-0.138 0.8710986917458013 
-0.136 0.8728426324887226 
-0.134 0.8745900646033378 
-0.132 0.8763409950793769 
-0.13 0.8780954309205649 
-0.128 0.8798533791446478 
-0.126 0.8816148467834193 
-0.124 0.8833798408827545 
-0.122 0.8851483685026306 
-0.12 0.8869204367171613 
-0.118 0.888696052614621 
-0.11599999999999999 0.8904752232974757 
-0.11399999999999999 0.8922579558824114 
-0.11199999999999999 0.8940442575003599 
-0.10999999999999999 0.8958341352965309 
-0.10799999999999998 0.897627596430437 
-0.10599999999999998 0.899424648075926 
-0.10399999999999998 0.9012252974212062 
-0.10199999999999998 0.9030295516688784 
-0.09999999999999998 0.9048374180359611 
-0.09799999999999998 0.9066489037539215 
-0.09599999999999997 0.9084640160687066 
-0.09399999999999997 0.9102827622407664 
-0.09199999999999997 0.9121051495450894 
-0.08999999999999997 0.9139311852712272 
-0.08799999999999997 0.9157608767233237 
-0.08599999999999997 0.9175942312201493 
-0.08399999999999996 0.919431256095122 
-0.08199999999999996 0.9212719586963456 
-0.07999999999999996 0.9231163463866324 
-0.07799999999999996 0.924964426543536 
-0.07599999999999996 0.926816206559378 
-0.07399999999999995 0.9286716938412829 
-0.07199999999999995 0.930530895811201 
-0.06999999999999995 0.9323938199059428 
-0.06799999999999995 0.9342604735772075 
-0.06599999999999995 0.9361308642916132 
-0.06399999999999995 0.9380049995307231 
-0.061999999999999944 0.9398828867910821 
-0.05999999999999994 0.9417645335842425 
-0.05799999999999994 0.9436499474367915 
-0.05599999999999994 0.9455391358903894 
-0.05399999999999994 0.9474321065017912 
-0.051999999999999935 0.9493288668428829 
-0.04999999999999993 0.9512294245007076 
-0.04799999999999993 0.9531337870774981 
-0.04599999999999993 0.9550419621907086 
-0.04399999999999993 0.9569539574730406 
-0.041999999999999926 0.9588697805724783 
-0.040000000000000036 0.9607894391523174 
-0.038000000000000034 0.9627129408911942 
-0.03600000000000003 0.9646402934831179 
-0.03400000000000003 0.9665715046375017 
-0.03200000000000003 0.9685065820791933 
-0.030000000000000027 0.9704455335485045 
-0.028000000000000025 0.9723883668012437 
-0.026000000000000023 0.9743350896087472 
-0.02400000000000002 0.9762857097579068 
-0.02200000000000002 0.9782402350512082 
-0.020000000000000018 0.9801986733067541 
-0.018000000000000016 0.9821610323583001 
-0.016000000000000014 0.9841273200552852 
-0.014000000000000012 0.9860975442628628 
-0.01200000000000001 0.9880717128619315 
-0.010000000000000009 0.9900498337491698 
-0.008000000000000007 0.992031914837063 
-0.006000000000000005 0.9940179640539382 
-0.0040000000000000036 0.9960079893439944 
-0.0020000000000000018 0.9980019986673366 
0.0 1.0000000000000042 
0.0020000000000000018 1.0020020013340047 
0.0040000000000000036 1.004008010677347 
0.006000000000000005 1.0060180360540707 
0.008000000000000007 1.0080320855042797 
0.010000000000000009 1.010050167084174 
0.01200000000000001 1.0120722888660838 
0.014000000000000012 1.0140984589384978 
0.016000000000000014 1.0161286854061007 
0.018000000000000016 1.0181629763898006 
0.020000000000000018 1.0202013400267627 
0.02200000000000002 1.0222437844704442 
0.02400000000000002 1.0242903178906284 
0.026000000000000023 1.0263409484734483 
0.028000000000000025 1.0283956844214304 
0.030000000000000027 1.030454533953523 
0.03200000000000003 1.0325175053051245 
0.03400000000000003 1.0345846067281235 
0.03600000000000003 1.0366558464909288 
0.038000000000000034 1.038731232878503 
0.040000000000000036 1.0408107741923927 
0.04200000000000004 1.0428944787507677 
0.04400000000000004 1.0449823548884478 
0.04600000000000004 1.047074410956941 
0.04800000000000004 1.0491706553244735 
0.050000000000000044 1.0512710963760268 
0.052000000000000046 1.0533757425133674 
0.05400000000000005 1.0554846021550814 
0.05600000000000005 1.057597683736613 
0.05800000000000005 1.0597149957102887 
0.06000000000000005 1.0618365465453605 
0.062000000000000055 1.0639623447280333 
0.06400000000000006 1.0660923987615054 
0.06600000000000006 1.0682267171659932 
0.06800000000000006 1.0703653084787736 
0.07000000000000006 1.0725081812542157 
0.07200000000000006 1.0746553440638122 
0.07400000000000007 1.076806805496219 
0.07600000000000007 1.0789625741572837 
0.07800000000000007 1.0811226586700813 
0.08000000000000007 1.0832870676749573 
0.08200000000000007 1.0854558098295481 
0.08400000000000007 1.0876288938088245 
0.08600000000000008 1.089806328305127 
0.08800000000000008 1.091988122028197 
0.09000000000000008 1.0941742837052097 
0.09200000000000008 1.0963648220808164 
0.09400000000000008 1.098559745917173 
0.09600000000000009 1.1007590639939786 
0.09800000000000009 1.1029627851085075 
0.10000000000000009 1.105170918075647 
0.10200000000000009 1.1073834717279334 
0.10400000000000009 1.1096004549155825 
0.1060000000000001 1.1118218765065309 
0.1080000000000001 1.114047745386468 
0.1100000000000001 1.1162780704588722 
0.1120000000000001 1.1185128606450456 
0.1140000000000001 1.1207521248841548 
0.1160000000000001 1.1229958721332558 
0.1180000000000001 1.1252441113673446 
0.1200000000000001 1.1274968515793768 
0.12200000000000011 1.1297541017803194 
0.12400000000000011 1.1320158709991763 
0.1260000000000001 1.1342821682830262 
0.1280000000000001 1.1365530026970616 
0.13000000000000012 1.1388283833246233 
0.13200000000000012 1.1411083192672367 
0.13400000000000012 1.1433928196446486 
0.13600000000000012 1.145681893594864 
0.13800000000000012 1.14797555027418 
0.14000000000000012 1.1502737988572287 
0.14200000000000013 1.1525766485370068 
0.14400000000000013 1.1548841085249149 
0.14600000000000013 1.1571961880507975 
0.14800000000000013 1.1595128963629737 
0.15000000000000013 1.1618342427282835 
0.15200000000000014 1.1641602364321118 
0.15399999999999991 1.1664908867784387 
0.15599999999999992 1.1688262030898677 
0.15799999999999992 1.1711661947076686 
0.15999999999999992 1.1735108709918092 
0.16199999999999992 1.175860241320998 
0.16399999999999992 1.1782143150927205 
0.16599999999999993 1.1805731017232732 
0.16799999999999993 1.1829366106478076 
0.16999999999999993 1.1853048513203623 
0.17199999999999993 1.1876778332139013 
0.17399999999999993 1.1900555658203584 
0.17599999999999993 1.1924380586506644 
0.17799999999999994 1.1948253212347963 
0.17999999999999994 1.197217363121806 
0.18199999999999994 1.1996141938798637 
0.18399999999999994 1.2020158230962963 
0.18599999999999994 1.2044222603776236 
0.18799999999999994 1.2068335153495988 
0.18999999999999995 1.2092495976572457 
0.19199999999999995 1.2116705169648947 
0.19399999999999995 1.2140962829562272 
0.19599999999999995 1.2165269053343106 
0.19799999999999995 1.218962393821636 
0.19999999999999996 1.2214027581601634 
0.20199999999999996 1.2238480081113523 
0.20399999999999996 1.226298153456205 
0.20599999999999996 1.228753203995307 
0.20799999999999996 1.2312131695488628 
0.20999999999999996 1.2336780599567378 
0.21199999999999997 1.2361478850784988 
0.21399999999999997 1.238622654793449 
0.21599999999999997 1.2411023790006677 
0.21799999999999997 1.2435870676190581 
0.21999999999999997 1.2460767305873777 
0.22199999999999998 1.2485713778642809 
0.22399999999999998 1.2510710194283592 
0.22599999999999998 1.253575665278184 
0.22799999999999998 1.2560853254323416 
0.22999999999999998 1.2586000099294772 
0.23199999999999998 1.2611197288283285 
0.23399999999999999 1.2636444922077774 
0.236 1.2661743101668794 
0.238 1.2687091928249112 
0.24 1.271249150321405 
0.242 1.2737941928161953 
0.244 1.2763443304894562 
0.246 1.2788995735417397 
0.248 1.281459932194023 
0.25 1.284025416687744 
0.252 1.2865960372848426 
0.254 1.2891718042678064 
0.256 1.2917527279397063 
0.258 1.2943388186242404 
0.26 1.2969300866657734 
0.262 1.2995265424293845 
0.264 1.3021281963008966 
0.266 1.30473505868693 
0.268 1.3073471400149388 
0.27 1.30996445073325 
0.272 1.3125870013111105 
0.274 1.315214802238726 
0.276 1.3178478640273044 
0.278 1.320486197209096 
0.28 1.3231298123374384 
0.28200000000000003 1.3257787199867925 
0.28400000000000003 1.3284329307527947 
0.28600000000000003 1.3310924552522907 
0.28800000000000003 1.3337573041233837 
0.29000000000000004 1.336427488025472 
0.29200000000000004 1.339103017639293 
0.29400000000000004 1.3417839036669703 
0.29600000000000004 1.344470156832052 
0.29800000000000004 1.3471617878795525 
0.30000000000000004 1.3498588075760012 
0.30200000000000005 1.3525612267094804 
0.30400000000000005 1.3552690560896705 
0.30600000000000005 1.3579823065478909 
0.30800000000000005 1.3607009889371484 
0.31000000000000005 1.3634251141321756 
0.31200000000000006 1.3661546930294788 
0.31400000000000006 1.368889736547375 
0.31600000000000006 1.3716302556260414 
0.31800000000000006 1.3743762612275596 
0.32000000000000006 1.3771277643359559 
0.32200000000000006 1.3798847759572452 
0.32400000000000007 1.3826473071194798 
0.32600000000000007 1.3854153688727842 
0.32800000000000007 1.3881889722894127 
0.33000000000000007 1.390968128463781 
0.3320000000000001 1.3937528485125186 
0.3340000000000001 1.3965431435745075 
0.3360000000000001 1.3993390248109328 
0.3380000000000001 1.402140503405324 
0.3400000000000001 1.4049475905635975 
0.3420000000000001 1.4077602975141068 
0.3440000000000001 1.4105786355076835 
0.3460000000000001 1.4134026158176825 
0.3480000000000001 1.4162322497400297 
0.3500000000000001 1.4190675485932633 
0.3520000000000001 1.421908523718585 
0.3540000000000001 1.424755186479896 
0.3560000000000001 1.4276075482638524 
0.3580000000000001 1.4304656204799062 
0.3600000000000001 1.4333294145603483 
0.3620000000000001 1.4361989419603611 
0.3640000000000001 1.4390742141580546 
0.3660000000000001 1.441955242654525 
0.3680000000000001 1.4448420389738883 
0.3700000000000001 1.4477346146633334 
0.3720000000000001 1.450632981293168 
0.3740000000000001 1.4535371504568617 
0.3760000000000001 1.456447133771094 
0.3780000000000001 1.459362942875805 
0.3800000000000001 1.4622845894342336 
0.3820000000000001 1.4652120851329675 
0.3840000000000001 1.4681454416819955 
0.3860000000000001 1.471084670814749 
0.3880000000000001 1.4740297842881478 
0.3900000000000001 1.4769807938826471 
0.3920000000000001 1.479937711402293 
0.39400000000000013 1.4829005486747564 
0.39600000000000013 1.4858693175513904 
0.39800000000000013 1.4888440299072787 
0.40000000000000013 1.4918246976412712 
0.40200000000000014 1.4948113326760413 
0.40400000000000014 1.4978039469581366 
0.40600000000000014 1.5008025524580173 
0.4079999999999999 1.5038071611701078 
0.4099999999999999 1.5068177851128497 
0.4119999999999999 1.5098344363287388 
0.4139999999999999 1.5128571268843876 
0.4159999999999999 1.5158858688705605 
0.4179999999999999 1.5189206744022317 
0.41999999999999993 1.5219615556186252 
0.42199999999999993 1.5250085246832692 
0.42399999999999993 1.5280615937840474 
0.42599999999999993 1.5311207751332365 
0.42799999999999994 1.5341860809675687 
0.42999999999999994 1.5372575235482704 
0.43199999999999994 1.5403351151611164 
0.43399999999999994 1.5434188681164762 
0.43599999999999994 1.5465087947493672 
0.43799999999999994 1.549604907419499 
0.43999999999999995 1.5527072185113264 
0.44199999999999995 1.5558157404340984 
0.44399999999999995 1.5589304856219064 
0.44599999999999995 1.5620514665337357 
0.44799999999999995 1.565178695653514 
0.44999999999999996 1.568312185490163 
0.45199999999999996 1.5714519485776437 
0.45399999999999996 1.5745979974750137 
0.45599999999999996 1.5777503447664738 
0.45799999999999996 1.5809090030614168 
0.45999999999999996 1.5840739849944805 
0.46199999999999997 1.5872453032255949 
0.46399999999999997 1.59042297044004 
0.46599999999999997 1.5936069993484865 
0.46799999999999997 1.596797402687056 
0.47 1.5999941932173651 
0.472 1.6031973837265792 
0.474 1.6064069870274669 
0.476 1.6096230159584435 
0.478 1.6128454833836308 
0.48 1.616074402192902 
0.482 1.6193097853019363 
0.484 1.622551645652271 
0.486 1.625799996211352 
0.488 1.6290548499725848 
0.49 1.6323162199553904 
0.492 1.635584119205251 
0.494 1.6388585607937693 
0.496 1.642139557818716 
0.498 1.6454271234040827 
0.5 1.6487212707001375 
0.502 1.6520220128834726 
0.504 1.6553293631570631 
0.506 1.6586433347503127 
0.508 1.6619639409191138 
0.51 1.6652911949458924 
0.512 1.6686251101396723 
0.514 1.6719656998361172 
0.516 1.675312977397589 
0.518 1.6786669562132057 
0.52 1.6820276496988864 
0.522 1.6853950712974075 
0.524 1.688769234478461 
0.526 1.692150152738705 
0.528 1.6955378396018141 
0.53 1.6989323086185444 
0.532 1.702333573366773 
0.534 1.705741647451567 
0.536 1.709156544505224 
0.538 1.7125782781873375 
0.54 1.7160068621848474 
0.542 1.7194423102120953 
0.544 1.7228846360108752 
0.546 1.726333853350497 
0.548 1.7297899760278346 
0.55 1.733253017867384 
0.552 1.736722992721313 
0.554 1.7401999144695302 
0.556 1.7436837970197263 
0.558 1.747174654307435 
0.56 1.7506725002960903 
0.562 1.7541773489770813 
0.5640000000000001 1.7576892143698073 
0.5660000000000001 1.761208110521735 
0.5680000000000001 1.7647340515084535 
0.5700000000000001 1.7682670514337295 
0.5720000000000001 1.7718071244295697 
0.5740000000000001 1.775354284656271 
0.5760000000000001 1.778908546302476 
0.5780000000000001 1.7824699235852408 
0.5800000000000001 1.786038430750074 
0.5820000000000001 1.7896140820710131 
0.5840000000000001 1.7931968918506664 
0.5860000000000001 1.7967868744202775 
0.5880000000000001 1.8003840441397827 
0.5900000000000001 1.8039884153978638 
0.5920000000000001 1.8076000026120125 
0.5940000000000001 1.8112188202285802 
0.5960000000000001 1.8148448827228454 
0.5980000000000001 1.8184782045990617 
0.6000000000000001 1.8221188003905193 
0.6020000000000001 1.8257666846596086 
0.6040000000000001 1.8294218719978708 
0.6060000000000001 1.833084377026059 
0.6080000000000001 1.8367542143942002 
0.6100000000000001 1.8404313987816487 
0.6120000000000001 1.8441159448971443 
0.6140000000000001 1.8478078674788787 
0.6160000000000001 1.8515071812945463 
0.6180000000000001 1.8552139011414086 
0.6200000000000001 1.858928041846348 
0.6220000000000001 1.8626496182659336 
0.6240000000000001 1.8663786452864757 
0.6260000000000001 1.870115137824089 
0.6280000000000001 1.873859110824745 
0.6300000000000001 1.8776105792643434 
0.6320000000000001 1.8813695581487633 
0.6340000000000001 1.885136062513923 
0.6360000000000001 1.8889101074258468 
0.6380000000000001 1.8926917079807186 
0.6400000000000001 1.8964808793049464 
0.6420000000000001 1.90027763655522 
0.6440000000000001 1.904081994918574 
0.6460000000000001 1.9078939696124468 
0.6480000000000001 1.9117135758847406 
0.6500000000000001 1.9155408290138878 
0.6520000000000001 1.9193757443089063 
0.6540000000000001 1.9232183371094596 
0.6560000000000001 1.9270686227859264 
0.6580000000000001 1.9309266167394548 
0.6600000000000001 1.9347923344020244 
0.6620000000000001 1.9386657912365113 
0.6640000000000001 1.9425470027367484 
0.6659999999999999 1.9464359844275856 
0.6679999999999999 1.9503327518649567 
0.6699999999999999 1.9542373206359362 
0.6719999999999999 1.958149706358804 
0.6739999999999999 1.9620699246831068 
0.6759999999999999 1.965997991289726 
0.6779999999999999 1.9699339218909306 
0.6799999999999999 1.9738777322304515 
0.6819999999999999 1.9778294380835297 
0.6839999999999999 1.9817890552569997 
0.6859999999999999 1.985756599589332 
0.688 1.98973208695071 
0.69 1.9937155332430903 
0.692 1.9977069544002597 
0.694 2.0017063663879098 
0.696 2.0057137852036955 
0.698 2.0097292268772966 
0.7 2.013752707470484 
0.702 2.017784243077188 
0.704 2.021823849823552 
0.706 2.0258715438680124 
0.708 2.0299273414013457 
0.71 2.033991258646755 
0.712 2.0380633118599087 
0.714 2.042143517329029 
0.716 2.04623189137494 
0.718 2.050328450351145 
0.72 2.054433210643886 
0.722 2.058546188672207 
0.724 2.0626674008880306 
0.726 2.0667968637762035 
0.728 2.0709345938545916 
0.73 2.0750806076741135 
0.732 2.0792349218188337 
0.734 2.083397552906013 
0.736 2.0875685175861842 
0.738 2.0917478325432075 
0.74 2.095935514494353 
0.742 2.10013158019035 
0.744 2.104336046415468 
0.746 2.1085489299875753 
0.748 2.1127702477582178 
0.75 2.1170000166126672 
0.752 2.1212382534700063 
0.754 2.1254849752831877 
0.756 2.1297401990391034 
0.758 2.134003941758656 
0.76 2.1382762204968215 
0.762 2.142557052342718 
0.764 2.146846454419683 
0.766 2.1511444438853267 
0.768 2.1554510379316154 
0.77 2.159766253784928 
0.772 2.164090108706136 
0.774 2.168422619990664 
0.776 2.172763804968563 
0.778 2.1771136810045775 
0.78 2.1814722654982206 
0.782 2.1858395758838314 
0.784 2.1902156296306616 
0.786 2.1946004442429308 
0.788 2.1989940372599004 
0.79 2.2033964262559533 
0.792 2.207807628840645 
0.794 2.212227662658798 
0.796 2.2166565453905522 
0.798 2.221094294751441 
0.8 2.225540928492471 
0.802 2.229996464400183 
0.804 2.234460920296723 
0.806 2.2389343140399274 
0.808 2.2434166635233703 
0.81 2.24790798667646 
0.812 2.2524083014644947 
0.8140000000000001 2.2569176258887382 
0.8160000000000001 2.261435977986493 
0.8180000000000001 2.265963375831176 
0.8200000000000001 2.2704998375323844 
0.8220000000000001 2.275045381235972 
0.8240000000000001 2.279600025124118 
0.8260000000000001 2.284163787415403 
0.8280000000000001 2.2887366863648855 
0.8300000000000001 2.2933187402641657 
0.8320000000000001 2.297909967441464 
0.8340000000000001 2.3025103862616967 
0.8360000000000001 2.3071200151265443 
0.8380000000000001 2.311738872474531 
0.8400000000000001 2.3163669767810853 
0.8420000000000001 2.3210043465586403 
0.8440000000000001 2.3256510003566753 
0.8460000000000001 2.3303069567618118 
0.8480000000000001 2.3349722343978825 
0.8500000000000001 2.339646851926001 
0.8520000000000001 2.344330828044649 
0.8540000000000001 2.3490241814897344 
0.8560000000000001 2.353726931034676 
0.8580000000000001 2.358439095490482 
0.8600000000000001 2.3631606937058094 
0.8620000000000001 2.3678917445670664 
0.8640000000000001 2.3726322669984548 
0.8660000000000001 2.377382279962076 
0.8680000000000001 2.3821418024579866 
0.8700000000000001 2.3869108535242822 
0.8720000000000001 2.391689452237172 
0.8740000000000001 2.3964776177110636 
0.8760000000000001 2.401275369098619 
0.8780000000000001 2.4060827255908546 
0.8800000000000001 2.410899706417199 
0.8820000000000001 2.415726330845585 
0.8840000000000001 2.4205626181825144 
0.8860000000000001 2.4254085877731453 
0.8880000000000001 2.430264259001362 
0.8900000000000001 2.435129651289856 
0.8920000000000001 2.440004784100203 
0.8940000000000001 2.444889676932941 
0.8960000000000001 2.4497843493276488 
0.8980000000000001 2.454688820863017 
0.9000000000000001 2.4596031111569467 
0.9020000000000001 2.4645272398665985 
0.9040000000000001 2.469461226688497 
0.9060000000000001 2.4744050913585967 
0.9080000000000001 2.4793588536523563 
0.9100000000000001 2.484322533384839 
0.9120000000000001 2.4892961504107642 
0.9140000000000001 2.4942797246246093 
0.9160000000000001 2.4992732759606784 
0.9180000000000001 2.5042768243931848 
0.9199999999999999 2.509290389936323 
0.9219999999999999 2.5143139926443636 
0.9239999999999999 2.51934765261173 
0.9259999999999999 2.524391389973064 
0.9279999999999999 2.5294452249033204 
0.9299999999999999 2.5345091776178506 
0.9319999999999999 2.53958326837247 
0.9339999999999999 2.544667517463549 
0.9359999999999999 2.5497619452280955 
0.938 2.5548665720438204 
0.94 2.5599814183292433 
0.942 2.565106504543753 
0.944 2.570241851187707 
0.946 2.5753874788024933 
0.948 2.580543407970631 
0.95 2.585709659315843 
0.952 2.5908862535031396 
0.954 2.5960732112389056 
0.956 2.601270553270976 
0.958 2.6064783003887255 
0.96 2.6116964734231467 
0.962 2.6169250932469423 
0.964 2.6221641807745946 
0.966 2.6274137569624614 
0.968 2.632673842808856 
0.97 2.6379444593541317 
0.972 2.643225627680763 
0.974 2.6485173689134314 
0.976 2.653819704219113 
0.978 2.659132654807159 
0.98 2.6644562419293805 
0.982 2.6697904868801317 
0.984 2.675135410996398 
0.986 2.6804910356578753 
0.988 2.6858573822870566 
0.99 2.691234472349329 
0.992 2.696622327353045 
0.994 2.7020209688496415 
0.996 2.707430418433709 
0.998 2.71285069774313 
