-1.0 0.3678794406688089 
-0.998 0.3686159358979684 
-0.996 0.36935390558501163 
-0.994 0.3700933526820594 
-0.992 0.3708342801471368 
-0.99 0.3715766909441837 
-0.988 0.37232058804306756 
-0.986 0.3730659744195953 
-0.984 0.37381285305552525 
-0.982 0.37456122693857874 
-0.98 0.37531109906245264 
-0.978 0.3760624724268319 
-0.976 0.3768153500374005 
-0.974 0.3775697349058543 
-0.972 0.3783256300499135 
-0.97 0.37908303849333347 
-0.968 0.3798419632659186 
-0.966 0.380602407403534 
-0.964 0.38136437394811645 
-0.962 0.3821278659476888 
-0.96 0.38289288645637026 
-0.958 0.38365943853439033 
-0.956 0.3844275252481001 
-0.954 0.3851971496699848 
-0.952 0.3859683148786768 
-0.95 0.3867410239589666 
-0.948 0.3875152800018171 
-0.946 0.38829108610437474 
-0.944 0.38906844536998203 
-0.942 0.3898473609081913 
-0.94 0.3906278358347747 
-0.938 0.39140987327174 
-0.9359999999999999 0.3921934763473401 
-0.9339999999999999 0.39297864819608797 
-0.9319999999999999 0.393765391958768 
-0.9299999999999999 0.3945537107824484 
-0.9279999999999999 0.3953436078204952 
-0.926 0.3961350862325832 
-0.924 0.39692814918471087 
-0.922 0.39772279984921055 
-0.92 0.39851904140476296 
-0.918 0.3993168770364095 
-0.916 0.40011630993556546 
-0.914 0.4009173433000318 
-0.912 0.4017199803340086 
-0.91 0.40252422424810846 
-0.908 0.4033300782593689 
-0.906 0.4041375455912646 
-0.904 0.40494662947372223 
-0.902 0.40575733314313134 
-0.9 0.40656965984235865 
-0.898 0.40738361282076085 
-0.896 0.4081991953341973 
-0.894 0.40901641064504307 
-0.892 0.4098352620222032 
-0.89 0.41065575274112404 
-0.888 0.411477886083808 
-0.886 0.4123016653388254 
-0.884 0.4131270938013287 
-0.882 0.41395417477306534 
-0.88 0.4147829115623906 
-0.878 0.41561330748428205 
-0.876 0.41644536586035164 
-0.874 0.4172790900188591 
-0.872 0.41811448329472667 
-0.87 0.41895154902955045 
-0.868 0.4197902905716154 
-0.866 0.4206307112759082 
-0.864 0.42147281450413093 
-0.862 0.42231660362471396 
-0.86 0.4231620820128299 
-0.858 0.4240092530504079 
-0.856 0.42485812012614527 
-0.854 0.4257086866355233 
-0.852 0.42656095598081895 
-0.85 0.42741493157112015 
-0.848 0.428270616822338 
-0.846 0.42912801515722204 
-0.844 0.42998713000537203 
-0.842 0.43084796480325377 
-0.84 0.4317105229942112 
-0.838 0.43257480802848103 
-0.836 0.433440823363207 
-0.834 0.4343085724624525 
-0.832 0.43517805879721533 
-0.83 0.4360492858454416 
-0.828 0.4369222570920391 
-0.826 0.4377969760288923 
-0.8240000000000001 0.43867344615487525 
-0.8220000000000001 0.43955167097586606 
-0.8200000000000001 0.4404316540047614 
-0.8180000000000001 0.4413133987614895 
-0.8160000000000001 0.4421969087730252 
-0.8140000000000001 0.44308218757340406 
-0.812 0.44396923870373567 
-0.81 0.4448580657122191 
-0.808 0.4457486721541556 
-0.806 0.4466410615919642 
-0.804 0.44753523759519576 
-0.802 0.44843120374054624 
-0.8 0.44932896361187225 
-0.798 0.45022852080020465 
-0.796 0.4511298789037634 
-0.794 0.4520330415279715 
-0.792 0.4529380122854702 
-0.79 0.45384479479613254 
-0.788 0.45475339268707854 
-0.786 0.45566380959268893 
-0.784 0.45657604915462113 
-0.782 0.45749011502182235 
-0.78 0.458406010850545 
-0.778 0.45932374030436096 
-0.776 0.46024330705417676 
-0.774 0.4611647147782474 
-0.772 0.4620879671621925 
-0.77 0.4630130678990093 
-0.768 0.46394002068908896 
-0.766 0.4648688292402304 
-0.764 0.4657994972676554 
-0.762 0.4667320284940243 
-0.76 0.467666426649449 
-0.758 0.46860269547151023 
-0.756 0.46954083870527047 
-0.754 0.4704808601032908 
-0.752 0.47142276342564354 
-0.75 0.4723665524399301 
-0.748 0.473312230921294 
-0.746 0.47425980265243645 
-0.744 0.47520927142363206 
-0.742 0.4761606410327441 
-0.74 0.477113915285238 
-0.738 0.47806909799419905 
-0.736 0.4790261929803456 
-0.734 0.479985204072046 
-0.732 0.48094613510533185 
-0.73 0.4819089899239162 
-0.728 0.4828737723792061 
-0.726 0.4838404863303199 
-0.724 0.48480913564410183 
-0.722 0.4857797241951376 
-0.72 0.4867522558657704 
-0.718 0.48772673454611565 
-0.716 0.48870316413407733 
-0.714 0.48968154853536267 
-0.712 0.49066189166349883 
-0.71 0.49164419743984755 
-0.708 0.49262846979362207 
-0.706 0.4936147126619014 
-0.704 0.49460292998964717 
-0.702 0.49559312572971875 
-0.7 0.4965853038428898 
-0.698 0.49757946829786315 
-0.696 0.4985756230712877 
-0.694 0.49957377214777354 
-0.692 0.5005739195199079 
-0.69 0.5015760691882721 
-0.688 0.5025802251614564 
-0.6859999999999999 0.5035863914560761 
-0.6839999999999999 0.5045945720967895 
-0.6819999999999999 0.5056047711163103 
-0.6799999999999999 0.5066169925554279 
-0.6779999999999999 0.5076312404630207 
-0.6759999999999999 0.5086475188960728 
-0.6739999999999999 0.509665831919692 
-0.6719999999999999 0.5106861836071234 
-0.6699999999999999 0.5117085780397674 
-0.6679999999999999 0.5127330193071956 
-0.6659999999999999 0.5137595115071676 
-0.6639999999999999 0.5147880587456461 
-0.6619999999999999 0.515818665136815 
-0.6599999999999999 0.5168513348030949 
-0.6579999999999999 0.5178860718751589 
-0.6559999999999999 0.5189228804919513 
-0.6539999999999999 0.519961764800702 
-0.6519999999999999 0.5210027289569438 
-0.6499999999999999 0.5220457771245292 
-0.648 0.5230909134756478 
-0.646 0.5241381421908411 
-0.644 0.5251874674590208 
-0.642 0.5262388934774852 
-0.64 0.5272924244519349 
-0.638 0.5283480645964921 
-0.636 0.5294058181337148 
-0.634 0.5304656892946147 
-0.632 0.5315276823186753 
-0.63 0.5325918014538663 
-0.628 0.533658050956663 
-0.626 0.5347264350920627 
-0.624 0.5357969581336012 
-0.622 0.5368696243633693 
-0.62 0.5379444380720315 
-0.618 0.5390214035588424 
-0.616 0.5401005251316642 
-0.614 0.5411818071069833 
-0.612 0.5422652538099276 
-0.61 0.5433508695742847 
-0.608 0.544438658742519 
-0.606 0.5455286256657873 
-0.604 0.5466207747039588 
-0.602 0.5477151102256311 
-0.6 0.5488116366081482 
-0.598 0.549910358237617 
-0.596 0.5510112795089259 
-0.594 0.5521144048257627 
-0.592 0.5532197386006306 
-0.59 0.5543272852548676 
-0.588 0.5554370492186628 
-0.586 0.556549034931075 
-0.584 0.5576632468400501 
-0.5820000000000001 0.5587796894024392 
-0.5800000000000001 0.5598983670840159 
-0.5780000000000001 0.5610192843594944 
-0.5760000000000001 0.562142445712548 
-0.5740000000000001 0.5632678556358258 
-0.5720000000000001 0.5643955186309714 
-0.5700000000000001 0.5655254392086414 
-0.5680000000000001 0.566657621888522 
-0.5660000000000001 0.5677920711993489 
-0.5640000000000001 0.5689287916789241 
-0.562 0.5700677878741339 
-0.56 0.5712090643409686 
-0.558 0.5723526256445388 
-0.556 0.573498476359095 
-0.554 0.5746466210680456 
-0.552 0.5757970643639752 
-0.55 0.5769498108486619 
-0.548 0.5781048651330978 
-0.546 0.5792622318375056 
-0.544 0.5804219155913586 
-0.542 0.5815839210333977 
-0.54 0.5827482528116509 
-0.538 0.5839149155834515 
-0.536 0.5850839140154566 
-0.534 0.5862552527836667 
-0.532 0.5874289365734442 
-0.53 0.5886049700795297 
-0.528 0.5897833580060649 
-0.526 0.5909641050666076 
-0.524 0.5921472159841533 
-0.522 0.5933326954911528 
-0.52 0.5945205483295312 
-0.518 0.5957107792507065 
-0.516 0.5969033930156098 
-0.514 0.5980983943947037 
-0.512 0.5992957881680009 
-0.51 0.6004955791250834 
-0.508 0.601697772065123 
-0.506 0.6029023717968988 
-0.504 0.604109383138817 
-0.502 0.6053188109189305 
-0.5 0.606530659974958 
-0.498 0.6077449351543042 
-0.496 0.608961641314076 
-0.494 0.6101807833211069 
-0.492 0.6114023660519723 
-0.49 0.6126263943930106 
-0.488 0.6138528732403432 
-0.486 0.6150818074998929 
-0.484 0.6163132020874051 
-0.482 0.6175470619284652 
-0.48 0.6187833919585211 
-0.478 0.6200221971229 
-0.476 0.6212634823768308 
-0.474 0.6225072526854626 
-0.472 0.6237535130238837 
-0.47 0.6250022683771439 
-0.46799999999999997 0.626253523740272 
-0.46599999999999997 0.6275072841182971 
-0.46399999999999997 0.628763554526269 
-0.46199999999999997 0.630022339989277 
-0.45999999999999996 0.6312836455424701 
-0.45799999999999996 0.6325474762310788 
-0.45599999999999996 0.633813837110433 
-0.45399999999999996 0.6350827332459845 
-0.45199999999999996 0.6363541697133246 
-0.44999999999999996 0.6376281515982077 
-0.44799999999999995 0.6389046839965685 
-0.44599999999999995 0.6401837720145439 
-0.44399999999999995 0.6414654207684936 
-0.44199999999999995 0.64274963538502 
-0.43999999999999995 0.6440364210009889 
-0.43799999999999994 0.6453257827635503 
-0.43599999999999994 0.6466177258301585 
-0.43399999999999994 0.6479122553685925 
-0.43199999999999994 0.6492093765569786 
-0.42999999999999994 0.6505090945838079 
-0.42799999999999994 0.6518114146479599 
-0.42599999999999993 0.6531163419587216 
-0.42399999999999993 0.6544238817358095 
-0.42200000000000004 0.6557340392093896 
-0.42000000000000004 0.6570468196200985 
-0.41800000000000004 0.6583622282190646 
-0.41600000000000004 0.6596802702679287 
-0.41400000000000003 0.6610009510388665 
-0.41200000000000003 0.6623242758146067 
-0.41000000000000003 0.6636502498884556 
-0.40800000000000003 0.6649788785643153 
-0.406 0.666310167156707 
-0.404 0.6676441209907916 
-0.402 0.6689807454023905 
-0.4 0.6703200457380073 
-0.398 0.6716620273548495 
-0.396 0.6730066956208494 
-0.394 0.6743540559146859 
-0.392 0.6757041136258058 
-0.39 0.6770568741544463 
-0.388 0.6784123429116543 
-0.386 0.6797705253193107 
-0.384 0.6811314268101507 
-0.382 0.6824950528277853 
-0.38 0.6838614088267236 
-0.378 0.6852305002723955 
-0.376 0.6866023326411711 
-0.374 0.6879769114203852 
-0.372 0.6893542421083576 
-0.37 0.6907343302144162 
-0.368 0.6921171812589175 
-0.366 0.6935028007732703 
-0.364 0.6948911942999576 
-0.362 0.6962823673925581 
-0.36 0.6976763256157671 
-0.358 0.6990730745454233 
-0.356 0.7004726197685258 
-0.354 0.7018749668832589 
-0.352 0.703280121499016 
-0.35 0.7046880892364187 
-0.348 0.7060988757273419 
-0.346 0.7075124866149349 
-0.344 0.708928927553645 
-0.34199999999999997 0.7103482042092393 
-0.33999999999999997 0.7117703222588272 
-0.33799999999999997 0.7131952873908847 
-0.33599999999999997 0.7146231053052755 
-0.33399999999999996 0.7160537817132737 
-0.33199999999999996 0.717487322337588 
-0.32999999999999996 0.718923732912384 
-0.32799999999999996 0.7203630191833063 
-0.32599999999999996 0.7218051869075028 
-0.32399999999999995 0.7232502418536466 
-0.32199999999999995 0.7246981898019599 
-0.31999999999999995 0.7261490365442372 
-0.31799999999999995 0.7276027878838675 
-0.31599999999999995 0.7290594496358578 
-0.31399999999999995 0.7305190276268574 
-0.31199999999999994 0.7319815276951801 
-0.30999999999999994 0.7334469556908282 
-0.30799999999999994 0.7349153174755152 
-0.30599999999999994 0.7363866189226894 
-0.30399999999999994 0.7378608659175593 
-0.30199999999999994 0.739338064357113 
-0.29999999999999993 0.7408182201501462 
-0.29799999999999993 0.7423013392172831 
-0.29600000000000004 0.7437874274910015 
-0.29400000000000004 0.745276490915655 
-0.29200000000000004 0.7467685354474982 
-0.29000000000000004 0.7482635670547109 
-0.28800000000000003 0.7497615917174192 
-0.28600000000000003 0.751262615427723 
-0.28400000000000003 0.7527666441897178 
-0.28200000000000003 0.7542736840195192 
-0.28 0.7557837409452866 
-0.278 0.7572968210072483 
-0.276 0.7588129302577244 
-0.274 0.7603320747611526 
-0.272 0.7618542605941109 
-0.27 0.7633794938453422 
-0.268 0.7649077806157799 
-0.266 0.7664391270185708 
-0.264 0.7679735391791002 
-0.262 0.769511023235016 
-0.26 0.7710515853362551 
-0.258 0.7725952316450644 
-0.256 0.7741419683360292 
-0.254 0.7756918015960954 
-0.252 0.7772447376245954 
-0.25 0.7788007826332727 
-0.248 0.7803599428463067 
-0.246 0.7819222245003371 
-0.244 0.7834876338444893 
-0.242 0.7850561771404003 
-0.24 0.7866278606622419 
-0.238 0.7882026906967468 
-0.236 0.7897806735432342 
-0.23399999999999999 0.7913618155136344 
-0.23199999999999998 0.7929461229325142 
-0.22999999999999998 0.7945336021371012 
-0.22799999999999998 0.7961242594773112 
-0.22599999999999998 0.7977181013157719 
-0.22399999999999998 0.7993151340278495 
-0.22199999999999998 0.8009153640016734 
-0.21999999999999997 0.8025187976381618 
-0.21799999999999997 0.8041254413510469 
-0.21599999999999997 0.805735301566903 
-0.21399999999999997 0.8073483847251679 
-0.21199999999999997 0.8089646972781739 
-0.20999999999999996 0.8105842456911684 
-0.20799999999999996 0.8122070364423435 
-0.20599999999999996 0.8138330760228603 
-0.20399999999999996 0.8154623709368755 
-0.20199999999999996 0.8170949277015662 
-0.19999999999999996 0.8187307528471583 
-0.19799999999999995 0.8203698529169496 
-0.19599999999999995 0.8220122344673387 
-0.19399999999999995 0.8236579040678496 
-0.19199999999999995 0.8253068683011594 
-0.18999999999999995 0.8269591337631216 
-0.18799999999999994 0.8286147070627966 
-0.18599999999999994 0.8302735948224756 
-0.18399999999999994 0.8319358036777075 
-0.18199999999999994 0.8336013402773251 
-0.17999999999999994 0.8352702112834728 
-0.17799999999999994 0.8369424233716328 
-0.17599999999999993 0.8386179832306507 
-0.17399999999999993 0.8402968975627643 
-0.17199999999999993 0.841979173083628 
-0.16999999999999993 0.8436648165223424 
-0.16799999999999993 0.8453538346214784 
-0.16600000000000004 0.8470462341371063 
-0.16400000000000003 0.8487420218388222 
-0.16200000000000003 0.8504412045097746 
-0.16000000000000003 0.8521437889466917 
-0.15800000000000003 0.8538497819599096 
-0.15600000000000003 0.8555591903733971 
-0.15400000000000003 0.8572720210247867 
-0.15200000000000002 0.8589882807653982 
-0.15000000000000002 0.8607079764602688 
-0.14800000000000002 0.8624311149881789 
-0.14600000000000002 0.86415770324168 
-0.14400000000000002 0.8658877481271237 
-0.14200000000000002 0.8676212565646869 
-0.14 0.8693582354884017 
-0.138 0.8710986918461812 
-0.136 0.8728426325998495 
-0.134 0.874590064725167 
-0.132 0.8763409952118603 
-0.13 0.8780954310636492 
-0.128 0.8798533792982757 
-0.126 0.8816148469475302 
-0.124 0.8833798410572817 
-0.122 0.8851483686875051 
-0.12 0.8869204369123086 
-0.118 0.8886960528199632 
-0.11599999999999999 0.8904752235129315 
-0.11399999999999999 0.8922579561078942 
-0.11199999999999999 0.8940442577357799 
-0.10999999999999999 0.8958341355417938 
-0.10799999999999998 0.8976275966854452 
-0.10599999999999998 0.8994246483405774 
-0.10399999999999998 0.9012252976953956 
-0.10199999999999998 0.9030295519524957 
-0.09999999999999998 0.904837418328893 
-0.09799999999999998 0.9066489040560519 
-0.09599999999999997 0.9084640163799144 
-0.09399999999999997 0.9102827625609285 
-0.09199999999999997 0.9121051498740773 
-0.08999999999999997 0.9139311856089094 
-0.08799999999999997 0.9157608770695665 
-0.08599999999999997 0.9175942315748138 
-0.08399999999999996 0.9194312564580677 
-0.08199999999999996 0.9212719590674273 
-0.07999999999999996 0.9231163467657024 
-0.07799999999999996 0.9249644269304429 
-0.07599999999999996 0.9268162069539684 
-0.07399999999999995 0.9286716942433992 
-0.07199999999999995 0.9305308962206831 
-0.06999999999999995 0.9323938203226277 
-0.06799999999999995 0.9342604740009295 
-0.06599999999999995 0.9361308647222029 
-0.06399999999999995 0.9380049999680097 
-0.061999999999999944 0.9398828872348912 
-0.05999999999999994 0.9417645340343967 
-0.05799999999999994 0.9436499478931129 
-0.05599999999999994 0.9455391363526953 
-0.05399999999999994 0.947432106969898 
-0.051999999999999935 0.9493288673166037 
-0.04999999999999993 0.951229424979854 
-0.04799999999999993 0.9531337875618799 
-0.04599999999999993 0.9550419626801322 
-0.04399999999999993 0.9569539579673114 
-0.041999999999999926 0.9588697810714001 
-0.040000000000000036 0.9607894396556906 
-0.038000000000000034 0.9627129413988186 
-0.03600000000000003 0.9646402939947911 
-0.03400000000000003 0.9665715051530205 
-0.03200000000000003 0.9685065825983518 
-0.030000000000000027 0.9704455340710958 
-0.028000000000000025 0.9723883673270599 
-0.026000000000000023 0.974335090137578 
-0.02400000000000002 0.9762857102895431 
-0.02200000000000002 0.9782402355854368 
-0.020000000000000018 0.9801986738433623 
-0.018000000000000016 0.9821610328970735 
-0.016000000000000014 0.9841273205960094 
-0.014000000000000012 0.9860975448053216 
-0.01200000000000001 0.9880717134059093 
-0.010000000000000009 0.9900498342944486 
-0.008000000000000007 0.9920319153834252 
-0.006000000000000005 0.9940179646011658 
-0.0040000000000000036 0.9960079898918693 
-0.0020000000000000018 0.9980019992156393 
0.0 1.0000000005485152 
0.0020000000000000018 1.0020020018825053 
0.0040000000000000036 1.0040080112256176 
0.006000000000000005 1.0060180366018907 
0.008000000000000007 1.0080320860514314 
0.010000000000000009 1.0100501676304383 
0.01200000000000001 1.0120722894112415 
0.014000000000000012 1.0140984594823308 
0.016000000000000014 1.01612868594839 
0.018000000000000016 1.018162976930328 
0.020000000000000018 1.0202013405653119 
0.02200000000000002 1.0222437850068005 
0.02400000000000002 1.0242903184245737 
0.026000000000000023 1.02634094900477 
0.028000000000000025 1.0283956849499143 
0.030000000000000027 1.0304545344789549 
0.03200000000000003 1.032517505827294 
0.03400000000000003 1.03458460724682 
0.03600000000000003 1.0366558470059428 
0.038000000000000034 1.0387312333896268 
0.040000000000000036 1.0408107746994195 
0.04200000000000004 1.0428944792534924 
0.04400000000000004 1.0449823553866677 
0.04600000000000004 1.0470744114504538 
0.04800000000000004 1.0491706558130798 
0.050000000000000044 1.0512710968595278 
0.052000000000000046 1.0533757429915662 
0.05400000000000005 1.0554846026277855 
0.05600000000000005 1.057597684203628 
0.05800000000000005 1.059714996171426 
0.06000000000000005 1.0618365470004312 
0.062000000000000055 1.0639623451768534 
0.06400000000000006 1.0660923992038893 
0.06600000000000006 1.0682267176017606 
0.06800000000000006 1.0703653089077472 
0.07000000000000006 1.0725081816762183 
0.07200000000000006 1.0746553444786717 
0.07400000000000007 1.0768068059037637 
0.07600000000000007 1.0789625745573455 
0.07800000000000007 1.0811226590624978 
0.08000000000000007 1.0832870680595639 
0.08200000000000007 1.0854558102061869 
0.08400000000000007 1.0876288941773395 
0.08600000000000008 1.0898063286653654 
0.08800000000000008 1.0919881223800079 
0.09000000000000008 1.094174284048448 
0.09200000000000008 1.0963648224153388 
0.09400000000000008 1.0985597462428396 
0.09600000000000009 1.1007590643106526 
0.09800000000000009 1.102962785416056 
0.10000000000000009 1.1051709183739413 
0.10200000000000009 1.1073834720168467 
0.10400000000000009 1.1096004551949934 
0.1060000000000001 1.1118218767763208 
0.1080000000000001 1.1140477456465216 
0.1100000000000001 1.1162780707090787 
0.1120000000000001 1.1185128608852986 
0.1140000000000001 1.1207521251143493 
0.1160000000000001 1.1229958723532945 
0.1180000000000001 1.1252441115771303 
0.1200000000000001 1.1274968517788204 
0.12200000000000011 1.1297541019693327 
0.12400000000000011 1.132015871177676 
0.1260000000000001 1.134282168450933 
0.1280000000000001 1.1365530028543003 
0.13000000000000012 1.1388283834711235 
0.13200000000000012 1.1411083194029328 
0.13400000000000012 1.1433928197694776 
0.13600000000000012 1.145681893708768 
0.13800000000000012 1.1479755503771065 
0.14000000000000012 1.1502737989491283 
0.14200000000000013 1.1525766486178342 
0.14400000000000013 1.1548841085946306 
0.14600000000000013 1.1571961881093653 
0.14800000000000013 1.1595128964103631 
0.15000000000000013 1.1618342427644668 
0.15200000000000014 1.1641602364570671 
0.15399999999999991 1.1664908867921473 
0.15599999999999992 1.1688262030923178 
0.15799999999999992 1.1711661946988494 
0.15999999999999992 1.1735108709717177 
0.16199999999999992 1.1758602412896348 
0.16399999999999992 1.1782143150500908 
0.16599999999999993 1.1805731016693866 
0.16799999999999993 1.182936610582678 
0.16999999999999993 1.1853048512440083 
0.17199999999999993 1.187677833126347 
0.17399999999999993 1.1900555657216312 
0.17599999999999993 1.192438058540797 
0.17799999999999994 1.1948253211138253 
0.17999999999999994 1.1972173629897729 
0.18199999999999994 1.1996141937368163 
0.18399999999999994 1.2020158229422855 
0.18599999999999994 1.204422260212705 
0.18799999999999994 1.2068335151738325 
0.18999999999999995 1.209249597470695 
0.19199999999999995 1.21167051676763 
0.19399999999999995 1.2140962827483217 
0.19599999999999995 1.2165269051158425 
0.19799999999999995 1.2189623935926897 
0.19999999999999996 1.221402757920824 
0.20199999999999996 1.2238480078617113 
0.20399999999999996 1.2262981531963597 
0.20599999999999996 1.228753203725357 
0.20799999999999996 1.2312131692689126 
0.20999999999999996 1.233678059666898 
0.21199999999999997 1.236147884778881 
0.21399999999999997 1.2386226544841703 
0.21599999999999997 1.2411023786818522 
0.21799999999999997 1.2435870672908307 
0.21999999999999997 1.246076730249868 
0.22199999999999998 1.2485713775176233 
0.22399999999999998 1.251071019072693 
0.22599999999999998 1.253575664913651 
0.22799999999999998 1.2560853250590878 
0.22999999999999998 1.2586000095476515 
0.23199999999999998 1.2611197284380864 
0.23399999999999999 1.2636444918092766 
0.236 1.2661743097602813 
0.238 1.2687091924103813 
0.24 1.271249149899113 
0.242 1.273794192386313 
0.244 1.2763443300521586 
0.246 1.278899573097208 
0.248 1.2814599317424398 
0.25 1.2840254162292943 
0.252 1.286596036819718 
0.254 1.2891718037961983 
0.256 1.2917527274618112 
0.258 1.2943388181402569 
0.26 1.296930086175904 
0.262 1.2995265419338329 
0.264 1.3021281957998716 
0.266 1.3047350581806427 
0.268 1.3073471395036003 
0.27 1.3099644502170766 
0.272 1.3125870007903222 
0.274 1.3152148017135423 
0.276 1.3178478634979491 
0.278 1.320486196675794 
0.28 1.3231298118004156 
0.28200000000000003 1.325778719446281 
0.28400000000000003 1.3284329302090256 
0.28600000000000003 1.3310924547054979 
0.28800000000000003 1.3337573035738008 
0.29000000000000004 1.3364274874733362 
0.29200000000000004 1.3391030170848444 
0.29400000000000004 1.3417839031104486 
0.29600000000000004 1.344470156273699 
0.29800000000000004 1.3471617873196111 
0.30000000000000004 1.3498588070147162 
0.30200000000000005 1.352561226147097 
0.30400000000000005 1.3552690555264344 
0.30600000000000005 1.3579823059840512 
0.30800000000000005 1.3607009883729526 
0.31000000000000005 1.3634251135678732 
0.31200000000000006 1.3661546924653183 
0.31400000000000006 1.3688897359836076 
0.31600000000000006 1.3716302550629182 
0.31800000000000006 1.3743762606653325 
0.32000000000000006 1.377127763774875 
0.32200000000000006 1.379884775397562 
0.32400000000000007 1.3826473065614449 
0.32600000000000007 1.3854153683166508 
0.32800000000000007 1.388188971735431 
0.33000000000000007 1.3909681279122017 
0.3320000000000001 1.3937528479635921 
0.3340000000000001 1.3965431430284843 
0.3360000000000001 1.399339024268062 
0.3380000000000001 1.4021405028658533 
0.3400000000000001 1.404947590027776 
0.3420000000000001 1.4077602969821807 
0.3440000000000001 1.4105786349798974 
0.3460000000000001 1.4134026152942825 
0.3480000000000001 1.4162322492212576 
0.3500000000000001 1.4190675480793615 
0.3520000000000001 1.4219085232097932 
0.3540000000000001 1.424755185976453 
0.3560000000000001 1.427607547765996 
0.3580000000000001 1.43046561998787 
0.3600000000000001 1.4333294140743662 
0.3620000000000001 1.4361989414806624 
0.3640000000000001 1.43907421368487 
0.3660000000000001 1.4419552421880795 
0.3680000000000001 1.4448420385144063 
0.3700000000000001 1.4477346142110357 
0.3720000000000001 1.450632980848274 
0.3740000000000001 1.4535371500195868 
0.3760000000000001 1.4564471333416524 
0.3780000000000001 1.4593629424544057 
0.3800000000000001 1.4622845890210832 
0.3820000000000001 1.4652120847282715 
0.3840000000000001 1.4681454412859545 
0.3860000000000001 1.471084670427558 
0.3880000000000001 1.4740297839100005 
0.3900000000000001 1.4769807935137351 
0.3920000000000001 1.4799377110428011 
0.39400000000000013 1.482900548324868 
0.39600000000000013 1.4858693172112856 
0.39800000000000013 1.4888440295771286 
0.40000000000000013 1.4918246973212466 
0.40200000000000014 1.4948113323663101 
0.40400000000000014 1.4978039466588595 
0.40600000000000014 1.5008025521693507 
0.4079999999999999 1.5038071608922057 
0.4099999999999999 1.506817784845858 
0.4119999999999999 1.5098344360728029 
0.4139999999999999 1.512857126639646 
0.4159999999999999 1.5158858686371464 
0.4179999999999999 1.5189206741802728 
0.41999999999999993 1.5219615554082457 
0.42199999999999993 1.525008524484588 
0.42399999999999993 1.5280615935971764 
0.42599999999999993 1.5311207749582847 
0.42799999999999994 1.5341860808046377 
0.42999999999999994 1.5372575233974575 
0.43199999999999994 1.5403351150225122 
0.43399999999999994 1.543418867990167 
0.43599999999999994 1.5465087946354323 
0.43799999999999994 1.5496049073180138 
0.43999999999999995 1.5527072184223587 
0.44199999999999995 1.555815740357711 
0.44399999999999995 1.5589304855581545 
0.44599999999999995 1.5620514664826712 
0.44799999999999995 1.5651786956151807 
0.44999999999999996 1.568312185464598 
0.45199999999999996 1.5714519485648804 
0.45399999999999996 1.5745979974750781 
0.45599999999999996 1.577750344779385 
0.45799999999999996 1.5809090030871875 
0.45999999999999996 1.5840739850331171 
0.46199999999999997 1.5872453032770983 
0.46399999999999997 1.5904229705044028 
0.46599999999999997 1.593606999425697 
0.46799999999999997 1.596797402777094 
0.47 1.5999941933202049 
0.472 1.603197383842189 
0.474 1.6064069871558069 
0.476 1.6096230160994687 
0.478 1.6128454835372878 
0.48 1.6160744023591314 
0.482 1.6193097854806724 
0.484 1.6225516458434412 
0.486 1.6257999964148766 
0.488 1.6290548501883777 
0.49 1.6323162201833579 
0.492 1.635584119445294 
0.494 1.6388585610457822 
0.496 1.6421395580825844 
0.498 1.6454271236796878 
0.5 1.6487212709873516 
0.502 1.652022013182163 
0.504 1.6553293634670885 
0.506 1.6586433350715268 
0.508 1.6619639412513627 
0.51 1.6652911952890173 
0.512 1.6686251104935057 
0.514 1.671965700200487 
0.516 1.6753129777723161 
0.518 1.6786669565981034 
0.52 1.682027650093761 
0.522 1.6853950717020616 
0.524 1.6887692348926895 
0.526 1.692150153162295 
0.528 1.6955378400345513 
0.53 1.6989323090602022 
0.532 1.702333573817124 
0.534 1.7057416479103737 
0.536 1.7091565449722461 
0.538 1.7125782786623285 
0.54 1.7160068626675538 
0.542 1.7194423107022578 
0.544 1.7228846365082324 
0.546 1.726333853854778 
0.548 1.7297899765387652 
0.55 1.7332530183846828 
0.552 1.7367229932446981 
0.554 1.740199914998711 
0.556 1.7436837975544075 
0.558 1.747174654847318 
0.56 1.7506725008408712 
0.562 1.7541773495264519 
0.5640000000000001 1.7576892149234549 
0.5660000000000001 1.7612081110793427 
0.5680000000000001 1.7647340520697001 
0.5700000000000001 1.7682670519982921 
0.5720000000000001 1.7718071249971195 
0.5740000000000001 1.775354285226475 
0.5760000000000001 1.7789085468750019 
0.5780000000000001 1.7824699241597466 
0.5800000000000001 1.7860384313262212 
0.5820000000000001 1.7896140826484557 
0.5840000000000001 1.793196892429058 
0.5860000000000001 1.7967868749992688 
0.5880000000000001 1.800384044719021 
0.5900000000000001 1.8039884159769959 
0.5920000000000001 1.807600003190682 
0.5940000000000001 1.8112188208064306 
0.5960000000000001 1.814844883299515 
0.5980000000000001 1.8184782051741895 
0.6000000000000001 1.8221188009637448 
0.6020000000000001 1.825766685230568 
0.6040000000000001 1.8294218725662006 
0.6060000000000001 1.833084377591395 
0.6080000000000001 1.8367542149561777 
0.6100000000000001 1.8404313993399017 
0.6120000000000001 1.8441159454513092 
0.6140000000000001 1.8478078680285914 
0.6160000000000001 1.851507181839443 
0.6180000000000001 1.855213901681125 
0.6200000000000001 1.8589280423805232 
0.6220000000000001 1.862649618794206 
0.6240000000000001 1.8663786458084861 
0.6260000000000001 1.8701151383394785 
0.6280000000000001 1.8738591113331593 
0.6300000000000001 1.8776105797654286 
0.6320000000000001 1.8813695586421668 
0.6340000000000001 1.8851360629992984 
0.6360000000000001 1.8889101079028485 
0.6380000000000001 1.8926917084490045 
0.6400000000000001 1.8964808797641772 
0.6420000000000001 1.9002776370050611 
0.6440000000000001 1.9040819953586938 
0.6460000000000001 1.9078939700425195 
0.6480000000000001 1.9117135763044446 
0.6500000000000001 1.9155408294229053 
0.6520000000000001 1.9193757447069244 
0.6540000000000001 1.9232183374961722 
0.6560000000000001 1.927068623161033 
0.6580000000000001 1.9309266171026593 
0.6600000000000001 1.9347923347530378 
0.6620000000000001 1.9386657915750511 
0.6640000000000001 1.9425470030625385 
0.6659999999999999 1.9464359847403578 
0.6679999999999999 1.9503327521644491 
0.6699999999999999 1.954237320921895 
0.6719999999999999 1.9581497066309823 
0.6739999999999999 1.962069924941268 
0.6759999999999999 1.9659979915336385 
0.6779999999999999 1.9699339221203749 
0.6799999999999999 1.973877732445214 
0.6819999999999999 1.9778294382834098 
0.6839999999999999 1.981789055441802 
0.6859999999999999 1.9857565997588738 
0.688 1.9897320871048176 
0.69 1.9937155333815992 
0.692 1.9977069545230186 
0.694 2.0017063664947767 
0.696 2.0057137852945384 
0.698 2.009729226951995 
0.7 2.0137527075289308 
0.702 2.0177842431192827 
0.704 2.021823849849214 
0.706 2.0258715438771673 
0.708 2.029927341393938 
0.71 2.033991258622732 
0.712 2.038063311819239 
0.714 2.042143517271688 
0.716 2.046231891300922 
0.718 2.050328450260455 
0.72 2.0544332105365424 
0.722 2.0585461885482452 
0.724 2.062667400747494 
0.726 2.0667968636191585 
0.728 2.070934593681109 
0.73 2.075080607484288 
0.732 2.0792349216127697 
0.734 2.0833975526838304 
0.736 2.0875685173480174 
0.738 2.0917478322892094 
0.74 2.095935514224685 
0.742 2.100131579905196 
0.744 2.1043360461150256 
0.746 2.1085489296720588 
0.748 2.112770247427852 
0.75 2.1170000162676987 
0.752 2.1212382531106946 
0.754 2.125484974909808 
0.756 2.1297401986519504 
0.758 2.1340039413580363 
0.76 2.138276220083059 
0.762 2.142557051916156 
0.764 2.146846453980674 
0.766 2.1511444434342457 
0.768 2.1554510374688487 
0.77 2.159766253310883 
0.772 2.164090108221231 
0.774 2.1684226194953347 
0.776 2.172763804463261 
0.778 2.1771136804897715 
0.78 2.1814722649743903 
0.782 2.185839575351476 
0.784 2.1902156290902925 
0.786 2.1946004436950752 
0.788 2.1989940367051006 
0.79 2.203396425694765 
0.792 2.2078076282736396 
0.794 2.2122276620865575 
0.796 2.216656544813673 
0.798 2.221094294170535 
0.8 2.2255409279081593 
0.802 2.2299964638131 
0.804 2.234460919707518 
0.806 2.238934313449255 
0.808 2.2434166629319026 
0.81 2.2479079860848756 
0.812 2.252408300873481 
0.8140000000000001 2.2569176252989958 
0.8160000000000001 2.2614359773987323 
0.8180000000000001 2.265963375246111 
0.8200000000000001 2.2704998369507385 
0.8220000000000001 2.2750453806584745 
0.8240000000000001 2.279600024551507 
0.8260000000000001 2.2841637868484224 
0.8280000000000001 2.28873668580428 
0.8300000000000001 2.2933187397106876 
0.8320000000000001 2.2979099668958693 
0.8340000000000001 2.302510385724741 
0.8360000000000001 2.3071200145989876 
0.8380000000000001 2.31173887195713 
0.8400000000000001 2.316366976274603 
0.8420000000000001 2.3210043460638303 
0.8440000000000001 2.3256509998742922 
0.8460000000000001 2.330306956292609 
0.8480000000000001 2.334972233942606 
0.8500000000000001 2.339646851485393 
0.8520000000000001 2.344330827619442 
0.8540000000000001 2.349024181080654 
0.8560000000000001 2.35372693064244 
0.8580000000000001 2.3584390951157914 
0.8600000000000001 2.3631606933493616 
0.8620000000000001 2.3678917442295355 
0.8640000000000001 2.3726322666805073 
0.8660000000000001 2.3773822796643564 
0.8680000000000001 2.3821418021811205 
0.8700000000000001 2.3869108532688776 
0.8720000000000001 2.391689452003817 
0.8740000000000001 2.396477617500313 
0.8760000000000001 2.4012753689110125 
0.8780000000000001 2.4060827254268977 
0.8800000000000001 2.4108997062773714 
0.8820000000000001 2.415726330730333 
0.8840000000000001 2.4205626180922537 
0.8860000000000001 2.4254085877082536 
0.8880000000000001 2.4302642589621786 
0.8900000000000001 2.4351296512766814 
0.8920000000000001 2.4400047841132952 
0.8940000000000001 2.444889676972514 
0.8960000000000001 2.4497843493938687 
0.8980000000000001 2.454688820956005 
0.9000000000000001 2.459603111276764 
0.9020000000000001 2.4645272400132603 
0.9040000000000001 2.469461226861956 
0.9060000000000001 2.4744050915587468 
0.9080000000000001 2.479358853879033 
0.9100000000000001 2.484322533637807 
0.9120000000000001 2.4892961506897247 
0.9140000000000001 2.494279724929189 
0.9160000000000001 2.4992732762904275 
0.9180000000000001 2.5042768247475764 
0.9199999999999999 2.509290390314752 
0.9219999999999999 2.514313993046139 
0.9239999999999999 2.519347653036069 
0.9259999999999999 2.524391390419093 
0.9279999999999999 2.5294452253700745 
0.9299999999999999 2.5345091781042597 
0.9319999999999999 2.5395832688773625 
0.9339999999999999 2.5446675179856473 
0.9359999999999999 2.549761945766004 
0.938 2.554866572596037 
0.94 2.5599814188941408 
0.942 2.5651065051195823 
0.944 2.570241851772588 
0.946 2.5753874793944163 
0.948 2.5805434085674492 
0.95 2.585709659915268 
0.952 2.590886254102737 
0.954 2.59607321183609 
0.956 2.6012705538630083 
0.958 2.606478300972704 
0.96 2.6116964739960076 
0.962 2.6169250938054427 
0.964 2.622164181315323 
0.966 2.6274137574818157 
0.968 2.6326738433030497 
0.97 2.6379444598191775 
0.972 2.643225628112471 
0.974 2.648517369307406 
0.976 2.6538197045707395 
0.978 2.6591326551116006 
0.98 2.6644562421815734 
0.982 2.6697904870747813 
0.984 2.6751354111279704 
0.986 2.6804910357206 
0.988 2.6858573822749228 
0.99 2.6912344722560713 
0.992 2.696622327172144 
0.994 2.7020209685742977 
0.996 2.7074304180568194 
0.998 2.7128506972572244 
