-1.0 0.367879441171443 
-0.998 0.36861593630341893 
-0.996 0.3693539058996318 
-0.994 0.37009335291196066 
-0.992 0.37083428029819493 
-0.99 0.37157669102204477 
-0.988 0.372320588053154 
-0.986 0.37306597436711214 
-0.984 0.3738128529454652 
-0.982 0.3745612267757286 
-0.98 0.37531109885139835 
-0.978 0.37606247217196387 
-0.976 0.37681534974291975 
-0.974 0.3775697345757768 
-0.972 0.37832562968807604 
-0.97 0.37908303810339816 
-0.968 0.3798419628513781 
-0.966 0.38060240696771586 
-0.964 0.381364373494189 
-0.962 0.38212786547866484 
-0.96 0.3828928859751118 
-0.958 0.3836594380436135 
-0.956 0.3844275247503786 
-0.954 0.3851971491677552 
-0.952 0.3859683143742425 
-0.95 0.3867410234545017 
-0.948 0.38751527949937026 
-0.946 0.3882910856058737 
-0.944 0.38906844487723696 
-0.942 0.38984736042289897 
-0.94 0.3906278353585221 
-0.938 0.39140987280600753 
-0.9359999999999999 0.39219347589350606 
-0.9339999999999999 0.39297864775543095 
-0.9319999999999999 0.3937653915324713 
-0.9299999999999999 0.3945537103716023 
-0.9279999999999999 0.3953436074261011 
-0.926 0.3961350858555564 
-0.924 0.3969281488258835 
-0.922 0.3977227995093352 
-0.92 0.3985190410845154 
-0.918 0.3993168767363911 
-0.916 0.40011630965630607 
-0.914 0.4009173430419933 
-0.912 0.401719980097587 
-0.91 0.40252422403363725 
-0.908 0.40333007806711985 
-0.906 0.40413754542145264 
-0.904 0.404946629326506 
-0.902 0.4057573330186162 
-0.9 0.40656965974059994 
-0.898 0.4073836127417646 
-0.896 0.40819919527792337 
-0.894 0.40901641061140753 
-0.892 0.4098352620110795 
-0.89 0.41065575275234595 
-0.888 0.4114778861171711 
-0.886 0.41230166539408925 
-0.884 0.4131270938782188 
-0.882 0.4139541748712745 
-0.88 0.4147829116815817 
-0.878 0.4156133076240886 
-0.876 0.4164453660203804 
-0.874 0.41727909019869114 
-0.872 0.41811448349391933 
-0.87 0.41895154924763905 
-0.868 0.41979029080811414 
-0.866 0.4206307115303122 
-0.864 0.4214728147759175 
-0.862 0.4223166039133438 
-0.86 0.4231620823177485 
-0.858 0.42400925337104706 
-0.856 0.4248581204619241 
-0.854 0.4257086869858496 
-0.852 0.4265609563450909 
-0.85 0.4274149319487262 
-0.848 0.42827061721265924 
-0.846 0.42912801555963187 
-0.844 0.4299871304192392 
-0.842 0.43084796522794144 
-0.84 0.43171052342907906 
-0.838 0.43257480847288604 
-0.836 0.4334408238165036 
-0.834 0.43430857292399433 
-0.832 0.43517805926635605 
-0.83 0.4360492863215349 
-0.828 0.4369222575744405 
-0.826 0.437796976516959 
-0.8240000000000001 0.4386734466479671 
-0.8220000000000001 0.43955167147334684 
-0.8200000000000001 0.44043165450599847 
-0.8180000000000001 0.44131339926585567 
-0.8160000000000001 0.442196909279898 
-0.8140000000000001 0.44308218808216715 
-0.812 0.4439692392137792 
-0.81 0.44485806622294033 
-0.808 0.44574867266495943 
-0.806 0.44664106210226356 
-0.804 0.44753523810441154 
-0.802 0.4484312042481087 
-0.8 0.44932896411722073 
-0.798 0.45022852130278845 
-0.796 0.4511298794030418 
-0.794 0.452033042023414 
-0.792 0.452938012776557 
-0.79 0.45384479528235516 
-0.788 0.45475339316793967 
-0.786 0.455663810067703 
-0.784 0.4565760496233142 
-0.782 0.45749011548373236 
-0.78 0.45840601130522296 
-0.778 0.4593237407513697 
-0.776 0.46024330749309206 
-0.774 0.46116471520865787 
-0.772 0.4620879675836997 
-0.77 0.4630130683112273 
-0.768 0.46394002109164617 
-0.766 0.4648688296327677 
-0.764 0.46579949764982775 
-0.762 0.4667320288654995 
-0.76 0.46766642700990885 
-0.758 0.4686026958206496 
-0.756 0.46954083904279886 
-0.754 0.47048086042893017 
-0.752 0.47142276373913045 
-0.75 0.47236655274101436 
-0.748 0.47331223120973903 
-0.746 0.4742598029280195 
-0.744 0.4752092716861442 
-0.742 0.47616064128198904 
-0.74 0.4771139155210341 
-0.738 0.47806909821637716 
-0.736 0.4790261931887508 
-0.734 0.47998520426653574 
-0.732 0.48094613528577773 
-0.73 0.4819089900902022 
-0.728 0.4828737725312294 
-0.726 0.48384048646799077 
-0.724 0.48480913576734297 
-0.722 0.48577972430388483 
-0.72 0.48675225595997146 
-0.718 0.4877267346257307 
-0.716 0.4887031641990793 
-0.714 0.48968154858573587 
-0.712 0.49066189169924 
-0.71 0.491644197460965 
-0.708 0.49262846980013514 
-0.706 0.4936147126538417 
-0.704 0.4946029299670568 
-0.702 0.4955931256926512 
-0.7 0.4965853037914093 
-0.698 0.49757946823204463 
-0.696 0.49857562299121644 
-0.694 0.49957377205354486 
-0.692 0.5005739194116279 
-0.69 0.5015760690660555 
-0.688 0.5025802250254285 
-0.6859999999999999 0.5035863913063714 
-0.6839999999999999 0.5045945719335513 
-0.6819999999999999 0.5056047709396915 
-0.6799999999999999 0.5066169923655895 
-0.6779999999999999 0.5076312402601327 
-0.6759999999999999 0.5086475186803138 
-0.6739999999999999 0.5096658316912477 
-0.6719999999999999 0.5106861833661878 
-0.6699999999999999 0.5117085777865426 
-0.6679999999999999 0.5127330190418904 
-0.6659999999999999 0.5137595112299982 
-0.6639999999999999 0.514788058456836 
-0.6619999999999999 0.515818664836594 
-0.6599999999999999 0.5168513344916993 
-0.6579999999999999 0.5178860715528313 
-0.6559999999999999 0.5189228801589405 
-0.6539999999999999 0.5199617644572619 
-0.6519999999999999 0.5210027286033342 
-0.6499999999999999 0.5220457767610162 
-0.648 0.5230909131025007 
-0.646 0.5241381418083353 
-0.644 0.5251874670674359 
-0.642 0.5262388930771055 
-0.64 0.5272924240430485 
-0.638 0.5283480641793908 
-0.636 0.5294058177086945 
-0.634 0.5304656888619749 
-0.632 0.531527681878718 
-0.63 0.5325918010068973 
-0.628 0.5336580505029906 
-0.626 0.5347264346319974 
-0.624 0.5357969576674559 
-0.622 0.5368696238914595 
-0.62 0.5379444375946745 
-0.618 0.5390214030763572 
-0.616 0.5401005246443706 
-0.614 0.5411818066152032 
-0.612 0.5422652533139836 
-0.61 0.5433508690745 
-0.608 0.5444386582392172 
-0.606 0.5455286251592937 
-0.604 0.5466207741945978 
-0.602 0.5477151097137278 
-0.6 0.5488116360940268 
-0.598 0.5499103577216019 
-0.596 0.5510112789913411 
-0.594 0.5521144043069309 
-0.592 0.5532197380808741 
-0.59 0.5543272847345073 
-0.588 0.5554370486980184 
-0.586 0.5565490344104653 
-0.584 0.5576632463197915 
-0.5820000000000001 0.5587796888828467 
-0.5800000000000001 0.559898366565402 
-0.5780000000000001 0.5610192838421705 
-0.5760000000000001 0.5621424451968228 
-0.5740000000000001 0.563267855122005 
-0.5720000000000001 0.5643955181193587 
-0.5700000000000001 0.5655254386995376 
-0.5680000000000001 0.5666576213822249 
-0.5660000000000001 0.5677920706961535 
-0.5640000000000001 0.568928791179122 
-0.562 0.5700677873780138 
-0.56 0.5712090638488154 
-0.558 0.5723526251566335 
-0.556 0.5734984758757156 
-0.554 0.5746466205894661 
-0.552 0.575797063890465 
-0.55 0.5769498103804872 
-0.548 0.5781048646705199 
-0.546 0.5792622313807821 
-0.544 0.5804219151407427 
-0.542 0.5815839205891374 
-0.54 0.5827482523739899 
-0.538 0.5839149151526292 
-0.536 0.5850839135917072 
-0.534 0.58625525236722 
-0.532 0.5874289361645239 
-0.53 0.5886049696783557 
-0.528 0.5897833576128508 
-0.526 0.590964104681563 
-0.524 0.5921472156074815 
-0.522 0.5933326951230524 
-0.52 0.5945205479701948 
-0.518 0.5957107789003218 
-0.516 0.5969033926743584 
-0.514 0.5980983940627618 
-0.512 0.5992957878455389 
-0.51 0.6004955788122665 
-0.508 0.6016977717621098 
-0.506 0.6029023715038425 
-0.504 0.6041093828558654 
-0.502 0.6053188106462248 
-0.5 0.6065306597126336 
-0.498 0.6077449349024906 
-0.496 0.6089616410728974 
-0.494 0.6101807830906801 
-0.492 0.6114023658324093 
-0.49 0.6126263941844163 
-0.488 0.6138528730428177 
-0.486 0.6150818073135292 
-0.484 0.6163132019122901 
-0.482 0.6175470617646802 
-0.48 0.6187833918061411 
-0.478 0.620022196981994 
-0.476 0.6212634822474621 
-0.474 0.6225072525676872 
-0.472 0.6237535129177525 
-0.47 0.6250022682827009 
-0.46799999999999997 0.626253523657556 
-0.46599999999999997 0.6275072840473408 
-0.46399999999999997 0.6287635544670985 
-0.46199999999999997 0.6300223399419125 
-0.45999999999999996 0.6312836455069261 
-0.45799999999999996 0.6325474762073635 
-0.45599999999999996 0.6338138370985491 
-0.45399999999999996 0.6350827332459282 
-0.45199999999999996 0.6363541697250867 
-0.44999999999999996 0.6376281516217731 
-0.44799999999999995 0.6389046840319165 
-0.44599999999999995 0.6401837720616471 
-0.44399999999999995 0.6414654208273198 
-0.44199999999999995 0.6427496354555311 
-0.43999999999999995 0.6440364210831413 
-0.43799999999999994 0.6453257828572944 
-0.43599999999999994 0.6466177259354395 
-0.43399999999999994 0.6479122554853506 
-0.43199999999999994 0.6492093766851473 
-0.42999999999999994 0.6505090947233165 
-0.42799999999999994 0.651811414798732 
-0.42599999999999993 0.6531163421206754 
-0.42399999999999993 0.654423881908858 
-0.42200000000000004 0.6557340393934413 
-0.42000000000000004 0.6570468198150565 
-0.41800000000000004 0.658362228424827 
-0.41600000000000004 0.6596802704843886 
-0.41400000000000003 0.661000951265912 
-0.41200000000000003 0.6623242760521219 
-0.41000000000000003 0.6636502501363188 
-0.40800000000000003 0.6649788788224017 
-0.406 0.6663101674248857 
-0.404 0.6676441212689285 
-0.402 0.6689807456903459 
-0.4 0.670320046035639 
-0.398 0.6716620276620096 
-0.396 0.6730066959373859 
-0.394 0.6743540562404438 
-0.392 0.6757041139606254 
-0.39 0.6770568744981641 
-0.388 0.6784123432641036 
-0.386 0.6797705256803206 
-0.384 0.6811314271795464 
-0.382 0.6824950532053895 
-0.38 0.6838614092123553 
-0.378 0.6852305006658697 
-0.376 0.6866023330423003 
-0.374 0.6879769118289787 
-0.372 0.689354242524222 
-0.37 0.6907343306373539 
-0.368 0.6921171816887296 
-0.366 0.693502801209755 
-0.364 0.69489119474291 
-0.362 0.6962823678417701 
-0.36 0.6976763260710303 
-0.358 0.6990730750065248 
-0.356 0.7004726202352516 
-0.354 0.7018749673553935 
-0.352 0.7032801219763404 
-0.35 0.7046880897187128 
-0.348 0.7060988762143835 
-0.346 0.7075124871065009 
-0.344 0.70892892804951 
-0.34199999999999997 0.7103482047091764 
-0.33999999999999997 0.711770322762609 
-0.33799999999999997 0.7131952878982812 
-0.33599999999999997 0.7146231058160563 
-0.33399999999999996 0.7160537822272077 
-0.33199999999999996 0.7174873228544425 
-0.32999999999999996 0.7189237334319254 
-0.32799999999999996 0.7203630197053007 
-0.32599999999999996 0.7218051874317151 
-0.32399999999999995 0.7232502423798417 
-0.32199999999999995 0.7246981903299021 
-0.31999999999999995 0.7261490370736904 
-0.31799999999999995 0.7276027884145949 
-0.31599999999999995 0.7290594501676231 
-0.31399999999999995 0.7305190281594242 
-0.31199999999999994 0.7319815282283121 
-0.30999999999999994 0.733446956224289 
-0.30799999999999994 0.7349153180090681 
-0.30599999999999994 0.7363866194560996 
-0.30399999999999994 0.7378608664505906 
-0.30199999999999994 0.7393380648895311 
-0.29999999999999993 0.7408182206817172 
-0.29799999999999993 0.7423013397477738 
-0.29600000000000004 0.7437874280201789 
-0.29400000000000004 0.7452764914432881 
-0.29200000000000004 0.7467685359733564 
-0.29000000000000004 0.7482635675785645 
-0.28800000000000003 0.7497615922390408 
-0.28600000000000003 0.7512626159468854 
-0.28400000000000003 0.7527666447061957 
-0.28200000000000003 0.7542736845330885 
-0.28 0.7557837414557248 
-0.278 0.7572968215143352 
-0.276 0.7588129307612409 
-0.274 0.7603320752608814 
-0.272 0.7618542610898372 
-0.27 0.7633794943368528 
-0.268 0.7649077811028638 
-0.266 0.7664391275010188 
-0.264 0.7679735396567059 
-0.262 0.7695110237075755 
-0.26 0.7710515858035661 
-0.258 0.7725952321069277 
-0.256 0.7741419687922482 
-0.254 0.7756918020464761 
-0.252 0.7772447380689459 
-0.25 0.7788007830714051 
-0.248 0.780359943278034 
-0.246 0.7819222249254771 
-0.244 0.7834876342628626 
-0.242 0.7850561775518294 
-0.24 0.7866278610665534 
-0.238 0.7882026910937704 
-0.236 0.7897806739328028 
-0.23399999999999999 0.7913618158955836 
-0.23199999999999998 0.7929461233066838 
-0.22999999999999998 0.7945336025033339 
-0.22799999999999998 0.7961242598354538 
-0.22599999999999998 0.7977181016656743 
-0.22399999999999998 0.799315134369365 
-0.22199999999999998 0.8009153643346589 
-0.21999999999999997 0.8025187979624786 
-0.21799999999999997 0.8041254416665596 
-0.21599999999999997 0.8057353018734799 
-0.21399999999999997 0.8073483850226819 
-0.21199999999999997 0.8089646975664997 
-0.20999999999999996 0.8105842459701875 
-0.20799999999999996 0.8122070367119392 
-0.20599999999999996 0.8138330762829211 
-0.20399999999999996 0.815462371187293 
-0.20199999999999996 0.8170949279422367 
-0.19999999999999996 0.818730753077982 
-0.19799999999999995 0.8203698531378313 
-0.19599999999999995 0.8220122346781867 
-0.19399999999999995 0.823657904268577 
-0.19199999999999995 0.8253068684916829 
-0.18999999999999995 0.826959133943363 
-0.18799999999999994 0.828614707232681 
-0.18599999999999994 0.8302735949819329 
-0.18399999999999994 0.8319358038266722 
-0.18199999999999994 0.8336013404157359 
-0.17999999999999994 0.8352702114112727 
-0.17799999999999994 0.8369424234887684 
-0.17599999999999993 0.8386179833370742 
-0.17399999999999993 0.8402968976584321 
-0.17199999999999993 0.8419791731685005 
-0.16999999999999993 0.8436648165963844 
-0.16799999999999993 0.8453538346846592 
-0.16600000000000004 0.8470462341894002 
-0.16400000000000003 0.848742021880207 
-0.16200000000000003 0.8504412045402331 
-0.16000000000000003 0.8521437889662115 
-0.15800000000000003 0.8538497819684822 
-0.15600000000000003 0.8555591903710189 
-0.15400000000000003 0.8572720210114579 
-0.15200000000000002 0.858988280741124 
-0.15000000000000002 0.8607079764250583 
-0.14800000000000002 0.8624311149420458 
-0.14600000000000002 0.8641577031846434 
-0.14400000000000002 0.8658877480592053 
-0.14200000000000002 0.8676212564859144 
-0.14 0.8693582353988061 
-0.138 0.8710986917457986 
-0.136 0.87284263248872 
-0.134 0.8745900646033344 
-0.132 0.8763409950793739 
-0.13 0.8780954309205616 
-0.128 0.8798533791446442 
-0.126 0.8816148467834162 
-0.124 0.8833798408827509 
-0.122 0.8851483685026275 
-0.12 0.8869204367171579 
-0.118 0.8886960526146175 
-0.11599999999999999 0.8904752232974729 
-0.11399999999999999 0.8922579558824083 
-0.11199999999999999 0.8940442575003572 
-0.10999999999999999 0.8958341352965286 
-0.10799999999999998 0.8976275964304348 
-0.10599999999999998 0.8994246480759243 
-0.10399999999999998 0.9012252974212047 
-0.10199999999999998 0.9030295516688769 
-0.09999999999999998 0.9048374180359597 
-0.09799999999999998 0.9066489037539209 
-0.09599999999999997 0.9084640160687062 
-0.09399999999999997 0.9102827622407667 
-0.09199999999999997 0.9121051495450905 
-0.08999999999999997 0.9139311852712282 
-0.08799999999999997 0.9157608767233256 
-0.08599999999999997 0.9175942312201514 
-0.08399999999999996 0.9194312560951249 
-0.08199999999999996 0.9212719586963484 
-0.07999999999999996 0.9231163463866353 
-0.07799999999999996 0.9249644265435392 
-0.07599999999999996 0.9268162065593821 
-0.07399999999999995 0.9286716938412874 
-0.07199999999999995 0.9305308958112057 
-0.06999999999999995 0.9323938199059483 
-0.06799999999999995 0.9342604735772132 
-0.06599999999999995 0.936130864291619 
-0.06399999999999995 0.9380049995307295 
-0.061999999999999944 0.9398828867910888 
-0.05999999999999994 0.9417645335842488 
-0.05799999999999994 0.9436499474367981 
-0.05599999999999994 0.9455391358903962 
-0.05399999999999994 0.947432106501798 
-0.051999999999999935 0.9493288668428895 
-0.04999999999999993 0.9512294245007138 
-0.04799999999999993 0.9531337870775047 
-0.04599999999999993 0.9550419621907146 
-0.04399999999999993 0.9569539574730467 
-0.041999999999999926 0.9588697805724842 
-0.040000000000000036 0.9607894391523231 
-0.038000000000000034 0.9627129408911995 
-0.03600000000000003 0.9646402934831225 
-0.03400000000000003 0.9665715046375062 
-0.03200000000000003 0.9685065820791972 
-0.030000000000000027 0.9704455335485076 
-0.028000000000000025 0.9723883668012464 
-0.026000000000000023 0.9743350896087489 
-0.02400000000000002 0.9762857097579087 
-0.02200000000000002 0.9782402350512094 
-0.020000000000000018 0.9801986733067546 
-0.018000000000000016 0.9821610323583 
-0.016000000000000014 0.9841273200552846 
-0.014000000000000012 0.9860975442628613 
-0.01200000000000001 0.9880717128619301 
-0.010000000000000009 0.9900498337491676 
-0.008000000000000007 0.9920319148370599 
-0.006000000000000005 0.9940179640539349 
-0.0040000000000000036 0.9960079893439908 
-0.0020000000000000018 0.9980019986673322 
0.0 0.9999999999999994 
0.0020000000000000018 1.0020020013339996 
0.0040000000000000036 1.0040080106773415 
0.006000000000000005 1.0060180360540643 
0.008000000000000007 1.0080320855042726 
0.010000000000000009 1.0100501670841675 
0.01200000000000001 1.0120722888660767 
0.014000000000000012 1.014098458938492 
0.016000000000000014 1.0161286854060942 
0.018000000000000016 1.0181629763897933 
0.020000000000000018 1.0202013400267553 
0.02200000000000002 1.0222437844704375 
0.02400000000000002 1.024290317890621 
0.026000000000000023 1.0263409484734418 
0.028000000000000025 1.0283956844214246 
0.030000000000000027 1.0304545339535163 
0.03200000000000003 1.0325175053051177 
0.03400000000000003 1.0345846067281173 
0.03600000000000003 1.0366558464909232 
0.038000000000000034 1.0387312328784972 
0.040000000000000036 1.0408107741923875 
0.04200000000000004 1.0428944787507626 
0.04400000000000004 1.0449823548884434 
0.04600000000000004 1.047074410956937 
0.04800000000000004 1.04917065532447 
0.050000000000000044 1.051271096376024 
0.052000000000000046 1.053375742513364 
0.05400000000000005 1.0554846021550797 
0.05600000000000005 1.0575976837366112 
0.05800000000000005 1.0597149957102872 
0.06000000000000005 1.0618365465453592 
0.062000000000000055 1.063962344728033 
0.06400000000000006 1.066092398761505 
0.06600000000000006 1.0682267171659932 
0.06800000000000006 1.070365308478774 
0.07000000000000006 1.0725081812542163 
0.07200000000000006 1.074655344063813 
0.07400000000000007 1.0768068054962199 
0.07600000000000007 1.0789625741572837 
0.07800000000000007 1.0811226586700826 
0.08000000000000007 1.0832870676749584 
0.08200000000000007 1.085455809829549 
0.08400000000000007 1.0876288938088257 
0.08600000000000008 1.089806328305128 
0.08800000000000008 1.0919881220281973 
0.09000000000000008 1.0941742837052104 
0.09200000000000008 1.0963648220808166 
0.09400000000000008 1.0985597459171732 
0.09600000000000009 1.1007590639939784 
0.09800000000000009 1.1029627851085073 
0.10000000000000009 1.1051709180756475 
0.10200000000000009 1.1073834717279338 
0.10400000000000009 1.1096004549155825 
0.1060000000000001 1.1118218765065309 
0.1080000000000001 1.1140477453864683 
0.1100000000000001 1.1162780704588713 
0.1120000000000001 1.1185128606450452 
0.1140000000000001 1.1207521248841528 
0.1160000000000001 1.1229958721332545 
0.1180000000000001 1.1252441113673426 
0.1200000000000001 1.1274968515793755 
0.12200000000000011 1.1297541017803188 
0.12400000000000011 1.1320158709991757 
0.1260000000000001 1.1342821682830253 
0.1280000000000001 1.1365530026970607 
0.13000000000000012 1.138828383324622 
0.13200000000000012 1.1411083192672353 
0.13400000000000012 1.143392819644647 
0.13600000000000012 1.145681893594862 
0.13800000000000012 1.147975550274179 
0.14000000000000012 1.1502737988572278 
0.14200000000000013 1.1525766485370053 
0.14400000000000013 1.1548841085249135 
0.14600000000000013 1.1571961880507962 
0.14800000000000013 1.1595128963629735 
0.15000000000000013 1.1618342427282833 
0.15200000000000014 1.1641602364321122 
0.15399999999999991 1.1664908867784396 
0.15599999999999992 1.1688262030898688 
0.15799999999999992 1.1711661947076697 
0.15999999999999992 1.1735108709918105 
0.16199999999999992 1.1758602413209998 
0.16399999999999992 1.1782143150927222 
0.16599999999999993 1.180573101723276 
0.16799999999999993 1.182936610647811 
0.16999999999999993 1.1853048513203654 
0.17199999999999993 1.1876778332139057 
0.17399999999999993 1.1900555658203624 
0.17599999999999993 1.192438058650669 
0.17799999999999994 1.194825321234801 
0.17999999999999994 1.19721736312181 
0.18199999999999994 1.1996141938798681 
0.18399999999999994 1.2020158230963018 
0.18599999999999994 1.2044222603776298 
0.18799999999999994 1.2068335153496057 
0.18999999999999995 1.2092495976572517 
0.19199999999999995 1.2116705169649007 
0.19399999999999995 1.2140962829562332 
0.19599999999999995 1.2165269053343164 
0.19799999999999995 1.2189623938216425 
0.19999999999999996 1.2214027581601694 
0.20199999999999996 1.2238480081113579 
0.20399999999999996 1.2262981534562107 
0.20599999999999996 1.228753203995312 
0.20799999999999996 1.2312131695488677 
0.20999999999999996 1.2336780599567432 
0.21199999999999997 1.2361478850785035 
0.21399999999999997 1.2386226547934525 
0.21599999999999997 1.2411023790006719 
0.21799999999999997 1.2435870676190621 
0.21999999999999997 1.246076730587381 
0.22199999999999998 1.2485713778642835 
0.22399999999999998 1.2510710194283619 
0.22599999999999998 1.2535756652781873 
0.22799999999999998 1.256085325432344 
0.22999999999999998 1.2586000099294778 
0.23199999999999998 1.2611197288283298 
0.23399999999999999 1.2636444922077779 
0.236 1.2661743101668799 
0.238 1.2687091928249112 
0.24 1.2712491503214047 
0.242 1.2737941928161949 
0.244 1.2763443304894546 
0.246 1.278899573541738 
0.248 1.2814599321940212 
0.25 1.284025416687741 
0.252 1.2865960372848404 
0.254 1.2891718042678044 
0.256 1.2917527279397034 
0.258 1.2943388186242382 
0.26 1.2969300866657718 
0.262 1.2995265424293823 
0.264 1.3021281963008944 
0.266 1.3047350586869282 
0.268 1.3073471400149361 
0.27 1.3099644507332475 
0.272 1.312587001311108 
0.274 1.315214802238724 
0.276 1.3178478640273033 
0.278 1.3204861972090955 
0.28 1.3231298123374369 
0.28200000000000003 1.325778719986792 
0.28400000000000003 1.3284329307527951 
0.28600000000000003 1.3310924552522918 
0.28800000000000003 1.3337573041233846 
0.29000000000000004 1.336427488025472 
0.29200000000000004 1.3391030176392937 
0.29400000000000004 1.3417839036669714 
0.29600000000000004 1.3444701568320527 
0.29800000000000004 1.3471617878795539 
0.30000000000000004 1.349858807576003 
0.30200000000000005 1.3525612267094826 
0.30400000000000005 1.3552690560896719 
0.30600000000000005 1.3579823065478929 
0.30800000000000005 1.3607009889371509 
0.31000000000000005 1.3634251141321783 
0.31200000000000006 1.3661546930294803 
0.31400000000000006 1.368889736547376 
0.31600000000000006 1.3716302556260431 
0.31800000000000006 1.3743762612275618 
0.32000000000000006 1.3771277643359572 
0.32200000000000006 1.379884775957247 
0.32400000000000007 1.3826473071194798 
0.32600000000000007 1.3854153688727846 
0.32800000000000007 1.3881889722894127 
0.33000000000000007 1.390968128463781 
0.3320000000000001 1.393752848512517 
0.3340000000000001 1.3965431435745053 
0.3360000000000001 1.3993390248109305 
0.3380000000000001 1.402140503405321 
0.3400000000000001 1.404947590563594 
0.3420000000000001 1.407760297514103 
0.3440000000000001 1.4105786355076786 
0.3460000000000001 1.413402615817678 
0.3480000000000001 1.416232249740024 
0.3500000000000001 1.4190675485932578 
0.3520000000000001 1.4219085237185782 
0.3540000000000001 1.424755186479889 
0.3560000000000001 1.4276075482638453 
0.3580000000000001 1.4304656204798987 
0.3600000000000001 1.4333294145603415 
0.3620000000000001 1.4361989419603525 
0.3640000000000001 1.4390742141580473 
0.3660000000000001 1.441955242654517 
0.3680000000000001 1.4448420389738796 
0.3700000000000001 1.447734614663325 
0.3720000000000001 1.4506329812931595 
0.3740000000000001 1.4535371504568528 
0.3760000000000001 1.4564471337710867 
0.3780000000000001 1.4593629428757977 
0.3800000000000001 1.462284589434226 
0.3820000000000001 1.4652120851329609 
0.3840000000000001 1.4681454416819901 
0.3860000000000001 1.471084670814744 
0.3880000000000001 1.474029784288143 
0.3900000000000001 1.4769807938826431 
0.3920000000000001 1.4799377114022898 
0.39400000000000013 1.4829005486747542 
0.39600000000000013 1.4858693175513904 
0.39800000000000013 1.4888440299072785 
0.40000000000000013 1.4918246976412715 
0.40200000000000014 1.4948113326760435 
0.40400000000000014 1.4978039469581397 
0.40600000000000014 1.5008025524580209 
0.4079999999999999 1.5038071611701127 
0.4099999999999999 1.5068177851128546 
0.4119999999999999 1.5098344363287453 
0.4139999999999999 1.512857126884395 
0.4159999999999999 1.5158858688705696 
0.4179999999999999 1.518920674402241 
0.41999999999999993 1.5219615556186348 
0.42199999999999993 1.5250085246832803 
0.42399999999999993 1.5280615937840583 
0.42599999999999993 1.531120775133248 
0.42799999999999994 1.5341860809675805 
0.42999999999999994 1.537257523548282 
0.43199999999999994 1.5403351151611273 
0.43399999999999994 1.5434188681164875 
0.43599999999999994 1.5465087947493783 
0.43799999999999994 1.5496049074195097 
0.43999999999999995 1.5527072185113366 
0.44199999999999995 1.5558157404341089 
0.44399999999999995 1.5589304856219157 
0.44599999999999995 1.5620514665337448 
0.44799999999999995 1.5651786956535225 
0.44999999999999996 1.5683121854901696 
0.45199999999999996 1.5714519485776497 
0.45399999999999996 1.5745979974750197 
0.45599999999999996 1.5777503447664787 
0.45799999999999996 1.5809090030614203 
0.45999999999999996 1.5840739849944827 
0.46199999999999997 1.5872453032255962 
0.46399999999999997 1.5904229704400399 
0.46599999999999997 1.5936069993484856 
0.46799999999999997 1.596797402687053 
0.47 1.599994193217361 
0.472 1.6031973837265745 
0.474 1.6064069870274607 
0.476 1.6096230159584377 
0.478 1.6128454833836239 
0.48 1.6160744021928932 
0.482 1.619309785301928 
0.484 1.622551645652262 
0.486 1.6257999962113423 
0.488 1.629054849972575 
0.49 1.6323162199553796 
0.492 1.6355841192052403 
0.494 1.6388585607937587 
0.496 1.6421395578187057 
0.498 1.6454271234040732 
0.5 1.6487212707001282 
0.502 1.652022012883465 
0.504 1.6553293631570554 
0.506 1.6586433347503056 
0.508 1.6619639409191063 
0.51 1.6652911949458857 
0.512 1.668625110139667 
0.514 1.6719656998361125 
0.516 1.675312977397587 
0.518 1.6786669562132048 
0.52 1.6820276496988862 
0.522 1.6853950712974086 
0.524 1.6887692344784637 
0.526 1.6921501527387077 
0.528 1.6955378396018193 
0.53 1.6989323086185504 
0.532 1.7023335733667802 
0.534 1.705741647451574 
0.536 1.7091565445052317 
0.538 1.7125782781873466 
0.54 1.7160068621848572 
0.542 1.7194423102121053 
0.544 1.7228846360108863 
0.546 1.7263338533505088 
0.548 1.7297899760278461 
0.55 1.733253017867394 
0.552 1.7367229927213248 
0.554 1.7401999144695415 
0.556 1.7436837970197367 
0.558 1.7471746543074451 
0.56 1.7506725002960992 
0.562 1.7541773489770902 
0.5640000000000001 1.7576892143698153 
0.5660000000000001 1.7612081105217416 
0.5680000000000001 1.764734051508458 
0.5700000000000001 1.7682670514337337 
0.5720000000000001 1.7718071244295721 
0.5740000000000001 1.775354284656272 
0.5760000000000001 1.7789085463024767 
0.5780000000000001 1.7824699235852384 
0.5800000000000001 1.7860384307500718 
0.5820000000000001 1.789614082071009 
0.5840000000000001 1.793196891850661 
0.5860000000000001 1.7967868744202706 
0.5880000000000001 1.8003840441397745 
0.5900000000000001 1.803988415397855 
0.5920000000000001 1.8076000026120027 
0.5940000000000001 1.8112188202285708 
0.5960000000000001 1.8148448827228352 
0.5980000000000001 1.8184782045990493 
0.6000000000000001 1.8221188003905069 
0.6020000000000001 1.825766684659596 
0.6040000000000001 1.8294218719978579 
0.6060000000000001 1.8330843770260465 
0.6080000000000001 1.8367542143941875 
0.6100000000000001 1.8404313987816356 
0.6120000000000001 1.8441159448971325 
0.6140000000000001 1.8478078674788678 
0.6160000000000001 1.8515071812945363 
0.6180000000000001 1.8552139011413988 
0.6200000000000001 1.8589280418463403 
0.6220000000000001 1.8626496182659278 
0.6240000000000001 1.866378645286471 
0.6260000000000001 1.870115137824084 
0.6280000000000001 1.873859110824742 
0.6300000000000001 1.8776105792643416 
0.6320000000000001 1.8813695581487622 
0.6340000000000001 1.8851360625139233 
0.6360000000000001 1.8889101074258476 
0.6380000000000001 1.8926917079807213 
0.6400000000000001 1.8964808793049497 
0.6420000000000001 1.9002776365552247 
0.6440000000000001 1.9040819949185785 
0.6460000000000001 1.907893969612452 
0.6480000000000001 1.9117135758847472 
0.6500000000000001 1.9155408290138947 
0.6520000000000001 1.919375744308913 
0.6540000000000001 1.923218337109467 
0.6560000000000001 1.9270686227859344 
0.6580000000000001 1.930926616739462 
0.6600000000000001 1.9347923344020308 
0.6620000000000001 1.9386657912365177 
0.6640000000000001 1.9425470027367537 
0.6659999999999999 1.946435984427591 
0.6679999999999999 1.950332751864961 
0.6699999999999999 1.9542373206359391 
0.6719999999999999 1.9581497063588054 
0.6739999999999999 1.962069924683108 
0.6759999999999999 1.9659979912897259 
0.6779999999999999 1.9699339218909298 
0.6799999999999999 1.9738777322304477 
0.6819999999999999 1.977829438083526 
0.6839999999999999 1.981789055256995 
0.6859999999999999 1.985756599589327 
0.688 1.9897320869507045 
0.69 1.9937155332430831 
0.692 1.9977069544002526 
0.694 2.0017063663879036 
0.696 2.0057137852036897 
0.698 2.009729226877291 
0.7 2.013752707470478 
0.702 2.017784243077181 
0.704 2.0218238498235457 
0.706 2.025871543868006 
0.708 2.029927341401344 
0.71 2.0339912586467523 
0.712 2.0380633118599083 
0.714 2.0421435173290283 
0.716 2.0462318913749415 
0.718 2.0503284503511483 
0.72 2.0544332106438903 
0.722 2.0585461886722136 
0.724 2.0626674008880372 
0.726 2.0667968637762124 
0.728 2.0709345938546013 
0.73 2.0750806076741255 
0.732 2.0792349218188475 
0.734 2.0833975529060282 
0.736 2.0875685175861993 
0.738 2.091747832543225 
0.74 2.0959355144943674 
0.742 2.1001315801903644 
0.744 2.104336046415482 
0.746 2.10854892998759 
0.748 2.1127702477582297 
0.75 2.117000016612678 
0.752 2.121238253470015 
0.754 2.125484975283195 
0.756 2.12974019903911 
0.758 2.13400394175866 
0.76 2.1382762204968224 
0.762 2.1425570523427186 
0.764 2.1468464544196797 
0.766 2.151144443885322 
0.768 2.1554510379316083 
0.77 2.1597662537849183 
0.772 2.164090108706124 
0.774 2.1684226199906513 
0.776 2.1727638049685485 
0.778 2.177113681004563 
0.78 2.1814722654982046 
0.782 2.1858395758838163 
0.784 2.1902156296306465 
0.786 2.1946004442429157 
0.788 2.198994037259888 
0.79 2.2033964262559396 
0.792 2.207807628840636 
0.794 2.21222766265879 
0.796 2.2166565453905456 
0.798 2.2210942947514387 
0.8 2.225540928492472 
0.802 2.2299964644001844 
0.804 2.234460920296729 
0.806 2.238934314039936 
0.808 2.2434166635233814 
0.81 2.2479079866764735 
0.812 2.25240830146451 
0.8140000000000001 2.256917625888754 
0.8160000000000001 2.2614359779865136 
0.8180000000000001 2.265963375831197 
0.8200000000000001 2.270499837532407 
0.8220000000000001 2.275045381235995 
0.8240000000000001 2.279600025124141 
0.8260000000000001 2.2841637874154257 
0.8280000000000001 2.288736686364907 
0.8300000000000001 2.293318740264184 
0.8320000000000001 2.2979099674414805 
0.8340000000000001 2.302510386261711 
0.8360000000000001 2.3071200151265567 
0.8380000000000001 2.311738872474538 
0.8400000000000001 2.3163669767810924 
0.8420000000000001 2.321004346558643 
0.8440000000000001 2.3256510003566735 
0.8460000000000001 2.330306956761806 
0.8480000000000001 2.3349722343978727 
0.8500000000000001 2.3396468519259908 
0.8520000000000001 2.344330828044636 
0.8540000000000001 2.349024181489719 
0.8560000000000001 2.3537269310346605 
0.8580000000000001 2.358439095490464 
0.8600000000000001 2.3631606937057943 
0.8620000000000001 2.36789174456705 
0.8640000000000001 2.372632266998442 
0.8660000000000001 2.377382279962064 
0.8680000000000001 2.3821418024579764 
0.8700000000000001 2.386910853524275 
0.8720000000000001 2.3916894522371717 
0.8740000000000001 2.3964776177110636 
0.8760000000000001 2.4012753690986233 
0.8780000000000001 2.40608272559086 
0.8800000000000001 2.4108997064172075 
0.8820000000000001 2.4157263308455965 
0.8840000000000001 2.4205626181825295 
0.8860000000000001 2.4254085877731617 
0.8880000000000001 2.4302642590013788 
0.8900000000000001 2.4351296512898726 
0.8920000000000001 2.4400047841002195 
0.8940000000000001 2.4448896769329553 
0.8960000000000001 2.4497843493276585 
0.8980000000000001 2.454688820863025 
0.9000000000000001 2.459603111156949 
0.9020000000000001 2.464527239866597 
0.9040000000000001 2.46946122668849 
0.9060000000000001 2.474405091358583 
0.9080000000000001 2.479358853652339 
0.9100000000000001 2.484322533384816 
0.9120000000000001 2.48929615041074 
0.9140000000000001 2.494279724624584 
0.9160000000000001 2.499273275960652 
0.9180000000000001 2.504276824393157 
0.9199999999999999 2.509290389936298 
0.9219999999999999 2.5143139926443454 
0.9239999999999999 2.519347652611715 
0.9259999999999999 2.524391389973054 
0.9279999999999999 2.5294452249033186 
0.9299999999999999 2.534509177617856 
0.9319999999999999 2.539583268372483 
0.9339999999999999 2.54466751746357 
0.9359999999999999 2.549761945228119 
0.938 2.5548665720438484 
0.94 2.559981418329274 
0.942 2.565106504543784 
0.944 2.5702418511877343 
0.946 2.5753874788025164 
0.948 2.5805434079706466 
0.95 2.585709659315849 
0.952 2.590886253503137 
0.954 2.596073211238894 
0.956 2.601270553270956 
0.958 2.6064783003887007 
0.96 2.6116964734231223 
0.962 2.616925093246918 
0.964 2.6221641807745772 
0.966 2.627413756962456 
0.968 2.6326738428088654 
0.97 2.637944459354157 
0.972 2.643225627680801 
0.974 2.6485173689134816 
0.976 2.653819704219169 
0.978 2.6591326548072116 
0.98 2.664456241929418 
0.982 2.6697904868801468 
0.984 2.6751354109963814 
0.986 2.6804910356578273 
0.988 2.6858573822869896 
0.99 2.691234472349261 
0.992 2.696622327353011 
0.994 2.702020968849665 
0.996 2.7074304184337987 
0.998 2.712850697743215 
