-1.0 0.3678794411714372 
-0.998 0.36861593630341477 
-0.996 0.36935390589963 
-0.994 0.37009335291196116 
-0.992 0.3708342802981979 
-0.99 0.37157669102204965 
-0.988 0.3723205880531606 
-0.986 0.3730659743671198 
-0.984 0.3738128529454735 
-0.982 0.3745612267757373 
-0.98 0.37531109885140657 
-0.978 0.37606247217197164 
-0.976 0.37681534974292674 
-0.974 0.3775697345757828 
-0.972 0.3783256296880805 
-0.97 0.37908303810340127 
-0.968 0.3798419628513798 
-0.966 0.38060240696771647 
-0.964 0.3813643734941884 
-0.962 0.3821278654786631 
-0.96 0.3828928859751091 
-0.958 0.3836594380436097 
-0.956 0.3844275247503743 
-0.954 0.3851971491677508 
-0.952 0.38596831437423773 
-0.95 0.38674102345449646 
-0.948 0.38751527949936526 
-0.946 0.38829108560586895 
-0.944 0.3890684448772324 
-0.942 0.3898473604228949 
-0.94 0.39062783535851836 
-0.938 0.39140987280600437 
-0.9359999999999999 0.39219347589350356 
-0.9339999999999999 0.3929786477554292 
-0.9319999999999999 0.3937653915324702 
-0.9299999999999999 0.3945537103716019 
-0.9279999999999999 0.39534360742610136 
-0.926 0.3961350858555574 
-0.924 0.3969281488258849 
-0.922 0.3977227995093375 
-0.92 0.3985190410845178 
-0.918 0.39931687673639377 
-0.916 0.40011630965630907 
-0.914 0.40091734304199683 
-0.912 0.4017199800975907 
-0.91 0.40252422403364074 
-0.908 0.4033300780671236 
-0.906 0.40413754542145613 
-0.904 0.4049466293265093 
-0.902 0.40575733301861966 
-0.9 0.4065696597406029 
-0.898 0.4073836127417672 
-0.896 0.4081991952779258 
-0.894 0.40901641061140936 
-0.892 0.409835262011081 
-0.89 0.410655752752347 
-0.888 0.4114778861171718 
-0.886 0.41230166539408913 
-0.884 0.4131270938782182 
-0.882 0.4139541748712736 
-0.88 0.41478291168158016 
-0.878 0.41561330762408677 
-0.876 0.416445366020378 
-0.874 0.4172790901986887 
-0.872 0.41811448349391644 
-0.87 0.41895154924763583 
-0.868 0.41979029080811064 
-0.866 0.42063071153030873 
-0.864 0.4214728147759138 
-0.862 0.42231660391333997 
-0.86 0.4231620823177447 
-0.858 0.424009253371043 
-0.856 0.4248581204619204 
-0.854 0.42570868698584596 
-0.852 0.42656095634508756 
-0.85 0.4274149319487228 
-0.848 0.42827061721265597 
-0.846 0.4291280155596289 
-0.844 0.42998713041923675 
-0.842 0.4308479652279393 
-0.84 0.43171052342907706 
-0.838 0.4325748084728845 
-0.836 0.43344082381650245 
-0.834 0.4343085729239937 
-0.832 0.4351780592663559 
-0.83 0.4360492863215349 
-0.828 0.43692225757444103 
-0.826 0.4377969765169599 
-0.8240000000000001 0.43867344664796837 
-0.8220000000000001 0.4395516714733484 
-0.8200000000000001 0.4404316545060006 
-0.8180000000000001 0.44131339926585783 
-0.8160000000000001 0.4421969092799006 
-0.8140000000000001 0.44308218808217026 
-0.812 0.44396923921378245 
-0.81 0.4448580662229439 
-0.808 0.44574867266496315 
-0.806 0.44664106210226745 
-0.804 0.44753523810441553 
-0.802 0.44843120424811295 
-0.8 0.4493289641172249 
-0.798 0.4502285213027928 
-0.796 0.4511298794030461 
-0.794 0.4520330420234182 
-0.792 0.452938012776561 
-0.79 0.45384479528235905 
-0.788 0.4547533931679435 
-0.786 0.4556638100677066 
-0.784 0.45657604962331766 
-0.782 0.45749011548373586 
-0.78 0.4584060113052262 
-0.778 0.4593237407513726 
-0.776 0.46024330749309467 
-0.774 0.46116471520866026 
-0.772 0.4620879675837017 
-0.77 0.46301306831122924 
-0.768 0.4639400210916476 
-0.766 0.46486882963276904 
-0.764 0.4657994976498287 
-0.762 0.46673202886549997 
-0.76 0.46766642700990907 
-0.758 0.4686026958206495 
-0.756 0.4695408390427982 
-0.754 0.47048086042892945 
-0.752 0.47142276373912956 
-0.75 0.47236655274101275 
-0.748 0.47331223120973753 
-0.746 0.4742598029280177 
-0.744 0.4752092716861419 
-0.742 0.47616064128198693 
-0.74 0.4771139155210317 
-0.738 0.4780690982163748 
-0.736 0.47902619318874806 
-0.734 0.4799852042665332 
-0.732 0.4809461352857751 
-0.73 0.4819089900901996 
-0.728 0.48287377253122643 
-0.726 0.48384048646798783 
-0.724 0.48480913576734036 
-0.722 0.48577972430388217 
-0.72 0.48675225595996885 
-0.718 0.48772673462572835 
-0.716 0.4887031641990769 
-0.714 0.48968154858573376 
-0.712 0.490661891699238 
-0.71 0.4916441974609632 
-0.708 0.49262846980013353 
-0.706 0.4936147126538402 
-0.704 0.4946029299670556 
-0.702 0.49559312569265024 
-0.7 0.49658530379140864 
-0.698 0.49757946823204385 
-0.696 0.49857562299121605 
-0.694 0.4995737720535448 
-0.692 0.5005739194116279 
-0.69 0.5015760690660558 
-0.688 0.5025802250254289 
-0.6859999999999999 0.5035863913063726 
-0.6839999999999999 0.5045945719335522 
-0.6819999999999999 0.505604770939693 
-0.6799999999999999 0.5066169923655914 
-0.6779999999999999 0.5076312402601345 
-0.6759999999999999 0.5086475186803157 
-0.6739999999999999 0.5096658316912499 
-0.6719999999999999 0.5106861833661899 
-0.6699999999999999 0.5117085777865449 
-0.6679999999999999 0.5127330190418932 
-0.6659999999999999 0.5137595112300013 
-0.6639999999999999 0.5147880584568392 
-0.6619999999999999 0.5158186648365972 
-0.6599999999999999 0.5168513344917023 
-0.6579999999999999 0.5178860715528348 
-0.6559999999999999 0.5189228801589436 
-0.6539999999999999 0.5199617644572649 
-0.6519999999999999 0.5210027286033376 
-0.6499999999999999 0.522045776761019 
-0.648 0.523090913102504 
-0.646 0.5241381418083384 
-0.644 0.5251874670674387 
-0.642 0.526238893077108 
-0.64 0.5272924240430511 
-0.638 0.5283480641793934 
-0.636 0.5294058177086965 
-0.634 0.5304656888619766 
-0.632 0.5315276818787201 
-0.63 0.5325918010068987 
-0.628 0.533658050502992 
-0.626 0.5347264346319986 
-0.624 0.5357969576674573 
-0.622 0.53686962389146 
-0.62 0.537944437594675 
-0.618 0.5390214030763576 
-0.616 0.5401005246443703 
-0.614 0.5411818066152029 
-0.612 0.5422652533139828 
-0.61 0.5433508690744986 
-0.608 0.5444386582392161 
-0.606 0.5455286251592918 
-0.604 0.5466207741945959 
-0.602 0.5477151097137252 
-0.6 0.5488116360940241 
-0.598 0.5499103577215991 
-0.596 0.5510112789913382 
-0.594 0.5521144043069276 
-0.592 0.5532197380808705 
-0.59 0.5543272847345038 
-0.588 0.555437048698015 
-0.586 0.5565490344104613 
-0.584 0.5576632463197875 
-0.5820000000000001 0.5587796888828424 
-0.5800000000000001 0.5598983665653979 
-0.5780000000000001 0.5610192838421661 
-0.5760000000000001 0.5621424451968181 
-0.5740000000000001 0.5632678551220003 
-0.5720000000000001 0.5643955181193541 
-0.5700000000000001 0.5655254386995325 
-0.5680000000000001 0.5666576213822202 
-0.5660000000000001 0.567792070696149 
-0.5640000000000001 0.5689287911791175 
-0.562 0.5700677873780092 
-0.56 0.5712090638488106 
-0.558 0.5723526251566291 
-0.556 0.5734984758757113 
-0.554 0.574646620589462 
-0.552 0.5757970638904609 
-0.55 0.5769498103804832 
-0.548 0.5781048646705166 
-0.546 0.579262231380779 
-0.544 0.5804219151407395 
-0.542 0.5815839205891346 
-0.54 0.5827482523739875 
-0.538 0.583914915152627 
-0.536 0.585083913591705 
-0.534 0.5862552523672183 
-0.532 0.5874289361645222 
-0.53 0.5886049696783545 
-0.528 0.5897833576128501 
-0.526 0.5909641046815626 
-0.524 0.5921472156074815 
-0.522 0.5933326951230525 
-0.52 0.594520547970195 
-0.518 0.5957107789003224 
-0.516 0.5969033926743594 
-0.514 0.5980983940627633 
-0.512 0.5992957878455407 
-0.51 0.6004955788122684 
-0.508 0.6016977717621121 
-0.506 0.6029023715038454 
-0.504 0.6041093828558683 
-0.502 0.605318810646228 
-0.5 0.6065306597126374 
-0.498 0.6077449349024945 
-0.496 0.6089616410729015 
-0.494 0.6101807830906847 
-0.492 0.6114023658324137 
-0.49 0.6126263941844216 
-0.488 0.6138528730428227 
-0.486 0.6150818073135345 
-0.484 0.6163132019122955 
-0.482 0.6175470617646862 
-0.48 0.6187833918061473 
-0.478 0.6200221969820001 
-0.476 0.6212634822474679 
-0.474 0.6225072525676933 
-0.472 0.6237535129177583 
-0.47 0.6250022682827071 
-0.46799999999999997 0.6262535236575623 
-0.46599999999999997 0.6275072840473469 
-0.46399999999999997 0.6287635544671049 
-0.46199999999999997 0.6300223399419186 
-0.45999999999999996 0.6312836455069322 
-0.45799999999999996 0.6325474762073696 
-0.45599999999999996 0.6338138370985554 
-0.45399999999999996 0.6350827332459341 
-0.45199999999999996 0.6363541697250927 
-0.44999999999999996 0.6376281516217791 
-0.44799999999999995 0.6389046840319219 
-0.44599999999999995 0.640183772061652 
-0.44399999999999995 0.6414654208273252 
-0.44199999999999995 0.6427496354555358 
-0.43999999999999995 0.6440364210831458 
-0.43799999999999994 0.6453257828572989 
-0.43599999999999994 0.6466177259354439 
-0.43399999999999994 0.6479122554853544 
-0.43199999999999994 0.6492093766851512 
-0.42999999999999994 0.65050909472332 
-0.42799999999999994 0.651811414798735 
-0.42599999999999993 0.6531163421206782 
-0.42399999999999993 0.6544238819088607 
-0.42200000000000004 0.6557340393934437 
-0.42000000000000004 0.6570468198150584 
-0.41800000000000004 0.6583622284248288 
-0.41600000000000004 0.6596802704843904 
-0.41400000000000003 0.6610009512659133 
-0.41200000000000003 0.6623242760521231 
-0.41000000000000003 0.6636502501363197 
-0.40800000000000003 0.6649788788224016 
-0.406 0.666310167424886 
-0.404 0.6676441212689282 
-0.402 0.6689807456903459 
-0.4 0.6703200460356382 
-0.398 0.6716620276620086 
-0.396 0.6730066959373849 
-0.394 0.6743540562404424 
-0.392 0.6757041139606239 
-0.39 0.6770568744981625 
-0.388 0.6784123432641017 
-0.386 0.6797705256803183 
-0.384 0.6811314271795444 
-0.382 0.6824950532053874 
-0.38 0.6838614092123526 
-0.378 0.6852305006658669 
-0.376 0.6866023330422978 
-0.374 0.6879769118289759 
-0.372 0.6893542425242186 
-0.37 0.690734330637351 
-0.368 0.6921171816887266 
-0.366 0.6935028012097519 
-0.364 0.6948911947429068 
-0.362 0.696282367841767 
-0.36 0.6976763260710274 
-0.358 0.6990730750065218 
-0.356 0.7004726202352485 
-0.354 0.7018749673553902 
-0.352 0.7032801219763376 
-0.35 0.7046880897187099 
-0.348 0.7060988762143808 
-0.346 0.7075124871064983 
-0.344 0.7089289280495071 
-0.34199999999999997 0.7103482047091739 
-0.33999999999999997 0.7117703227626069 
-0.33799999999999997 0.7131952878982792 
-0.33599999999999997 0.7146231058160545 
-0.33399999999999996 0.7160537822272058 
-0.33199999999999996 0.7174873228544405 
-0.32999999999999996 0.718923733431924 
-0.32799999999999996 0.7203630197052993 
-0.32599999999999996 0.7218051874317137 
-0.32399999999999995 0.7232502423798406 
-0.32199999999999995 0.7246981903299013 
-0.31999999999999995 0.7261490370736895 
-0.31799999999999995 0.7276027884145944 
-0.31599999999999995 0.7290594501676229 
-0.31399999999999995 0.7305190281594243 
-0.31199999999999994 0.7319815282283123 
-0.30999999999999994 0.7334469562242891 
-0.30799999999999994 0.7349153180090684 
-0.30599999999999994 0.7363866194561 
-0.30399999999999994 0.7378608664505915 
-0.30199999999999994 0.7393380648895322 
-0.29999999999999993 0.7408182206817184 
-0.29799999999999993 0.742301339747775 
-0.29600000000000004 0.7437874280201808 
-0.29400000000000004 0.7452764914432897 
-0.29200000000000004 0.746768535973358 
-0.29000000000000004 0.7482635675785669 
-0.28800000000000003 0.7497615922390429 
-0.28600000000000003 0.7512626159468878 
-0.28400000000000003 0.7527666447061976 
-0.28200000000000003 0.7542736845330906 
-0.28 0.7557837414557274 
-0.278 0.7572968215143375 
-0.276 0.7588129307612436 
-0.274 0.7603320752608844 
-0.272 0.7618542610898399 
-0.27 0.7633794943368558 
-0.268 0.7649077811028664 
-0.266 0.766439127501022 
-0.264 0.7679735396567088 
-0.262 0.7695110237075783 
-0.26 0.7710515858035686 
-0.258 0.7725952321069308 
-0.256 0.7741419687922511 
-0.254 0.7756918020464786 
-0.252 0.7772447380689488 
-0.25 0.7788007830714071 
-0.248 0.7803599432780366 
-0.246 0.7819222249254795 
-0.244 0.7834876342628648 
-0.242 0.7850561775518318 
-0.24 0.7866278610665555 
-0.238 0.7882026910937725 
-0.236 0.7897806739328046 
-0.23399999999999999 0.7913618158955853 
-0.23199999999999998 0.792946123306685 
-0.22999999999999998 0.7945336025033353 
-0.22799999999999998 0.7961242598354549 
-0.22599999999999998 0.7977181016656754 
-0.22399999999999998 0.7993151343693664 
-0.22199999999999998 0.80091536433466 
-0.21999999999999997 0.8025187979624795 
-0.21799999999999997 0.8041254416665602 
-0.21599999999999997 0.8057353018734801 
-0.21399999999999997 0.8073483850226819 
-0.21199999999999997 0.8089646975665002 
-0.20999999999999996 0.810584245970187 
-0.20799999999999996 0.8122070367119388 
-0.20599999999999996 0.8138330762829206 
-0.20399999999999996 0.815462371187292 
-0.20199999999999996 0.817094927942236 
-0.19999999999999996 0.8187307530779807 
-0.19799999999999995 0.8203698531378302 
-0.19599999999999995 0.8220122346781852 
-0.19399999999999995 0.8236579042685755 
-0.19199999999999995 0.8253068684916811 
-0.18999999999999995 0.8269591339433605 
-0.18799999999999994 0.8286147072326788 
-0.18599999999999994 0.8302735949819308 
-0.18399999999999994 0.83193580382667 
-0.18199999999999994 0.8336013404157332 
-0.17999999999999994 0.83527021141127 
-0.17799999999999994 0.8369424234887658 
-0.17599999999999993 0.8386179833370718 
-0.17399999999999993 0.840296897658429 
-0.17199999999999993 0.8419791731684977 
-0.16999999999999993 0.8436648165963812 
-0.16799999999999993 0.8453538346846565 
-0.16600000000000004 0.847046234189397 
-0.16400000000000003 0.8487420218802042 
-0.16200000000000003 0.8504412045402301 
-0.16000000000000003 0.8521437889662087 
-0.15800000000000003 0.853849781968479 
-0.15600000000000003 0.8555591903710157 
-0.15400000000000003 0.8572720210114547 
-0.15200000000000002 0.858988280741121 
-0.15000000000000002 0.8607079764250553 
-0.14800000000000002 0.8624311149420428 
-0.14600000000000002 0.8641577031846401 
-0.14400000000000002 0.8658877480592025 
-0.14200000000000002 0.867621256485912 
-0.14 0.8693582353988039 
-0.138 0.8710986917457963 
-0.136 0.872842632488717 
-0.134 0.8745900646033322 
-0.132 0.8763409950793715 
-0.13 0.8780954309205597 
-0.128 0.8798533791446427 
-0.126 0.8816148467834147 
-0.124 0.8833798408827492 
-0.122 0.885148368502626 
-0.12 0.8869204367171566 
-0.118 0.8886960526146168 
-0.11599999999999999 0.8904752232974723 
-0.11399999999999999 0.8922579558824079 
-0.11199999999999999 0.8940442575003572 
-0.10999999999999999 0.8958341352965283 
-0.10799999999999998 0.8976275964304351 
-0.10599999999999998 0.8994246480759244 
-0.10399999999999998 0.9012252974212055 
-0.10199999999999998 0.9030295516688776 
-0.09999999999999998 0.9048374180359605 
-0.09799999999999998 0.9066489037539219 
-0.09599999999999997 0.9084640160687074 
-0.09399999999999997 0.9102827622407684 
-0.09199999999999997 0.9121051495450919 
-0.08999999999999997 0.9139311852712297 
-0.08799999999999997 0.9157608767233275 
-0.08599999999999997 0.9175942312201532 
-0.08399999999999996 0.9194312560951268 
-0.08199999999999996 0.921271958696351 
-0.07999999999999996 0.9231163463866378 
-0.07799999999999996 0.9249644265435417 
-0.07599999999999996 0.9268162065593847 
-0.07399999999999995 0.9286716938412898 
-0.07199999999999995 0.9305308958112083 
-0.06999999999999995 0.9323938199059509 
-0.06799999999999995 0.9342604735772166 
-0.06599999999999995 0.9361308642916223 
-0.06399999999999995 0.9380049995307328 
-0.061999999999999944 0.9398828867910923 
-0.05999999999999994 0.941764533584252 
-0.05799999999999994 0.9436499474368015 
-0.05599999999999994 0.9455391358903997 
-0.05399999999999994 0.9474321065018014 
-0.051999999999999935 0.9493288668428931 
-0.04999999999999993 0.9512294245007173 
-0.04799999999999993 0.9531337870775084 
-0.04599999999999993 0.9550419621907186 
-0.04399999999999993 0.9569539574730505 
-0.041999999999999926 0.9588697805724881 
-0.040000000000000036 0.9607894391523264 
-0.038000000000000034 0.9627129408912031 
-0.03600000000000003 0.9646402934831265 
-0.03400000000000003 0.9665715046375103 
-0.03200000000000003 0.9685065820792006 
-0.030000000000000027 0.9704455335485113 
-0.028000000000000025 0.97238836680125 
-0.026000000000000023 0.9743350896087525 
-0.02400000000000002 0.976285709757912 
-0.02200000000000002 0.9782402350512128 
-0.020000000000000018 0.9801986733067583 
-0.018000000000000016 0.9821610323583033 
-0.016000000000000014 0.9841273200552877 
-0.014000000000000012 0.9860975442628643 
-0.01200000000000001 0.9880717128619331 
-0.010000000000000009 0.9900498337491703 
-0.008000000000000007 0.992031914837063 
-0.006000000000000005 0.9940179640539376 
-0.0040000000000000036 0.9960079893439935 
-0.0020000000000000018 0.9980019986673346 
0.0 1.0000000000000016 
0.0020000000000000018 1.0020020013340016 
0.0040000000000000036 1.004008010677343 
0.006000000000000005 1.0060180360540663 
0.008000000000000007 1.0080320855042744 
0.010000000000000009 1.010050167084169 
0.01200000000000001 1.0120722888660787 
0.014000000000000012 1.014098458938493 
0.016000000000000014 1.0161286854060958 
0.018000000000000016 1.0181629763897948 
0.020000000000000018 1.0202013400267556 
0.02200000000000002 1.0222437844704386 
0.02400000000000002 1.024290317890622 
0.026000000000000023 1.0263409484734423 
0.028000000000000025 1.028395684421425 
0.030000000000000027 1.030454533953517 
0.03200000000000003 1.032517505305118 
0.03400000000000003 1.0345846067281177 
0.03600000000000003 1.0366558464909232 
0.038000000000000034 1.0387312328784972 
0.040000000000000036 1.0408107741923875 
0.04200000000000004 1.0428944787507626 
0.04400000000000004 1.0449823548884423 
0.04600000000000004 1.047074410956936 
0.04800000000000004 1.0491706553244706 
0.050000000000000044 1.0512710963760235 
0.052000000000000046 1.0533757425133634 
0.05400000000000005 1.0554846021550797 
0.05600000000000005 1.0575976837366103 
0.05800000000000005 1.0597149957102865 
0.06000000000000005 1.0618365465453588 
0.062000000000000055 1.0639623447280326 
0.06400000000000006 1.066092398761504 
0.06600000000000006 1.068226717165992 
0.06800000000000006 1.0703653084787732 
0.07000000000000006 1.0725081812542157 
0.07200000000000006 1.0746553440638131 
0.07400000000000007 1.076806805496219 
0.07600000000000007 1.0789625741572821 
0.07800000000000007 1.081122658670082 
0.08000000000000007 1.0832870676749577 
0.08200000000000007 1.0854558098295484 
0.08400000000000007 1.0876288938088252 
0.08600000000000008 1.0898063283051274 
0.08800000000000008 1.091988122028197 
0.09000000000000008 1.0941742837052097 
0.09200000000000008 1.0963648220808164 
0.09400000000000008 1.098559745917174 
0.09600000000000009 1.1007590639939788 
0.09800000000000009 1.1029627851085078 
0.10000000000000009 1.1051709180756477 
0.10200000000000009 1.1073834717279332 
0.10400000000000009 1.1096004549155827 
0.1060000000000001 1.111821876506531 
0.1080000000000001 1.1140477453864674 
0.1100000000000001 1.1162780704588717 
0.1120000000000001 1.1185128606450458 
0.1140000000000001 1.1207521248841532 
0.1160000000000001 1.1229958721332551 
0.1180000000000001 1.125244111367343 
0.1200000000000001 1.1274968515793768 
0.12200000000000011 1.1297541017803194 
0.12400000000000011 1.1320158709991759 
0.1260000000000001 1.134282168283025 
0.1280000000000001 1.1365530026970614 
0.13000000000000012 1.138828383324623 
0.13200000000000012 1.141108319267236 
0.13400000000000012 1.1433928196446483 
0.13600000000000012 1.1456818935948625 
0.13800000000000012 1.1479755502741797 
0.14000000000000012 1.1502737988572282 
0.14200000000000013 1.1525766485370061 
0.14400000000000013 1.1548841085249144 
0.14600000000000013 1.157196188050797 
0.14800000000000013 1.159512896362975 
0.15000000000000013 1.1618342427282846 
0.15200000000000014 1.1641602364321137 
0.15399999999999991 1.1664908867784403 
0.15599999999999992 1.1688262030898697 
0.15799999999999992 1.1711661947076704 
0.15999999999999992 1.173510870991811 
0.16199999999999992 1.1758602413210002 
0.16399999999999992 1.1782143150927233 
0.16599999999999993 1.180573101723277 
0.16799999999999993 1.1829366106478114 
0.16999999999999993 1.1853048513203663 
0.17199999999999993 1.187677833213906 
0.17399999999999993 1.190055565820363 
0.17599999999999993 1.1924380586506702 
0.17799999999999994 1.1948253212348008 
0.17999999999999994 1.1972173631218104 
0.18199999999999994 1.1996141938798683 
0.18399999999999994 1.2020158230963016 
0.18599999999999994 1.2044222603776296 
0.18799999999999994 1.206833515349605 
0.18999999999999995 1.209249597657251 
0.19199999999999995 1.2116705169649002 
0.19399999999999995 1.214096282956233 
0.19599999999999995 1.2165269053343164 
0.19799999999999995 1.2189623938216423 
0.19999999999999996 1.2214027581601687 
0.20199999999999996 1.2238480081113567 
0.20399999999999996 1.2262981534562094 
0.20599999999999996 1.228753203995311 
0.20799999999999996 1.2312131695488662 
0.20999999999999996 1.2336780599567425 
0.21199999999999997 1.2361478850785022 
0.21399999999999997 1.2386226547934516 
0.21599999999999997 1.2411023790006708 
0.21799999999999997 1.2435870676190608 
0.21999999999999997 1.2460767305873792 
0.22199999999999998 1.248571377864282 
0.22399999999999998 1.2510710194283607 
0.22599999999999998 1.2535756652781862 
0.22799999999999998 1.2560853254323432 
0.22999999999999998 1.2586000099294756 
0.23199999999999998 1.261119728828328 
0.23399999999999999 1.2636444922077754 
0.236 1.266174310166878 
0.238 1.2687091928249097 
0.24 1.2712491503214034 
0.242 1.273794192816193 
0.244 1.2763443304894528 
0.246 1.2788995735417363 
0.248 1.2814599321940197 
0.25 1.2840254166877392 
0.252 1.2865960372848388 
0.254 1.2891718042678022 
0.256 1.2917527279397016 
0.258 1.294338818624236 
0.26 1.2969300866657703 
0.262 1.2995265424293805 
0.264 1.3021281963008926 
0.266 1.304735058686926 
0.268 1.3073471400149346 
0.27 1.3099644507332457 
0.272 1.3125870013111063 
0.274 1.315214802238723 
0.276 1.317847864027302 
0.278 1.320486197209094 
0.28 1.3231298123374362 
0.28200000000000003 1.325778719986791 
0.28400000000000003 1.3284329307527942 
0.28600000000000003 1.3310924552522903 
0.28800000000000003 1.3337573041233832 
0.29000000000000004 1.3364274880254716 
0.29200000000000004 1.3391030176392935 
0.29400000000000004 1.3417839036669708 
0.29600000000000004 1.344470156832052 
0.29800000000000004 1.3471617878795537 
0.30000000000000004 1.3498588075760027 
0.30200000000000005 1.3525612267094824 
0.30400000000000005 1.355269056089671 
0.30600000000000005 1.3579823065478924 
0.30800000000000005 1.36070098893715 
0.31000000000000005 1.3634251141321776 
0.31200000000000006 1.3661546930294801 
0.31400000000000006 1.3688897365473764 
0.31600000000000006 1.371630255626043 
0.31800000000000006 1.3743762612275614 
0.32000000000000006 1.3771277643359565 
0.32200000000000006 1.3798847759572475 
0.32400000000000007 1.3826473071194796 
0.32600000000000007 1.3854153688727844 
0.32800000000000007 1.388188972289413 
0.33000000000000007 1.3909681284637807 
0.3320000000000001 1.3937528485125168 
0.3340000000000001 1.3965431435745062 
0.3360000000000001 1.3993390248109312 
0.3380000000000001 1.4021405034053211 
0.3400000000000001 1.404947590563594 
0.3420000000000001 1.4077602975141028 
0.3440000000000001 1.410578635507679 
0.3460000000000001 1.4134026158176776 
0.3480000000000001 1.4162322497400244 
0.3500000000000001 1.4190675485932576 
0.3520000000000001 1.421908523718578 
0.3540000000000001 1.4247551864798886 
0.3560000000000001 1.4276075482638453 
0.3580000000000001 1.4304656204798984 
0.3600000000000001 1.4333294145603406 
0.3620000000000001 1.4361989419603516 
0.3640000000000001 1.4390742141580464 
0.3660000000000001 1.441955242654516 
0.3680000000000001 1.444842038973879 
0.3700000000000001 1.4477346146633239 
0.3720000000000001 1.4506329812931584 
0.3740000000000001 1.4535371504568515 
0.3760000000000001 1.4564471337710854 
0.3780000000000001 1.459362942875796 
0.3800000000000001 1.4622845894342233 
0.3820000000000001 1.4652120851329584 
0.3840000000000001 1.468145441681988 
0.3860000000000001 1.4710846708147423 
0.3880000000000001 1.4740297842881402 
0.3900000000000001 1.4769807938826411 
0.3920000000000001 1.4799377114022867 
0.39400000000000013 1.482900548674751 
0.39600000000000013 1.4858693175513877 
0.39800000000000013 1.4888440299072754 
0.40000000000000013 1.4918246976412677 
0.40200000000000014 1.4948113326760402 
0.40400000000000014 1.497803946958137 
0.40600000000000014 1.5008025524580166 
0.4079999999999999 1.5038071611701085 
0.4099999999999999 1.5068177851128504 
0.4119999999999999 1.5098344363287417 
0.4139999999999999 1.5128571268843911 
0.4159999999999999 1.5158858688705654 
0.4179999999999999 1.5189206744022365 
0.41999999999999993 1.5219615556186306 
0.42199999999999993 1.5250085246832759 
0.42399999999999993 1.5280615937840536 
0.42599999999999993 1.5311207751332434 
0.42799999999999994 1.5341860809675771 
0.42999999999999994 1.5372575235482786 
0.43199999999999994 1.5403351151611235 
0.43399999999999994 1.5434188681164833 
0.43599999999999994 1.5465087947493739 
0.43799999999999994 1.5496049074195057 
0.43999999999999995 1.552707218511333 
0.44199999999999995 1.5558157404341044 
0.44399999999999995 1.558930485621912 
0.44599999999999995 1.5620514665337413 
0.44799999999999995 1.5651786956535185 
0.44999999999999996 1.5683121854901658 
0.45199999999999996 1.5714519485776466 
0.45399999999999996 1.5745979974750162 
0.45599999999999996 1.5777503447664758 
0.45799999999999996 1.5809090030614177 
0.45999999999999996 1.5840739849944798 
0.46199999999999997 1.5872453032255947 
0.46399999999999997 1.5904229704400377 
0.46599999999999997 1.5936069993484825 
0.46799999999999997 1.596797402687052 
0.47 1.5999941932173591 
0.472 1.6031973837265732 
0.474 1.6064069870274595 
0.476 1.609623015958437 
0.478 1.6128454833836232 
0.48 1.6160744021928937 
0.482 1.619309785301927 
0.484 1.6225516456522622 
0.486 1.6257999962113419 
0.488 1.6290548499725754 
0.49 1.6323162199553807 
0.492 1.6355841192052414 
0.494 1.63885856079376 
0.496 1.6421395578187072 
0.498 1.6454271234040754 
0.5 1.6487212707001304 
0.502 1.652022012883467 
0.504 1.6553293631570571 
0.506 1.6586433347503085 
0.508 1.6619639409191092 
0.51 1.6652911949458893 
0.512 1.66862511013967 
0.514 1.671965699836116 
0.516 1.675312977397591 
0.518 1.6786669562132097 
0.52 1.68202764969889 
0.522 1.685395071297413 
0.524 1.6887692344784675 
0.526 1.6921501527387113 
0.528 1.6955378396018235 
0.53 1.6989323086185544 
0.532 1.702333573366785 
0.534 1.7057416474515783 
0.536 1.7091565445052366 
0.538 1.7125782781873518 
0.54 1.716006862184862 
0.542 1.71944231021211 
0.544 1.7228846360108905 
0.546 1.7263338533505121 
0.548 1.7297899760278501 
0.55 1.7332530178673984 
0.552 1.7367229927213286 
0.554 1.7401999144695453 
0.556 1.7436837970197405 
0.558 1.747174654307449 
0.56 1.7506725002961034 
0.562 1.7541773489770929 
0.5640000000000001 1.757689214369818 
0.5660000000000001 1.7612081105217439 
0.5680000000000001 1.7647340515084606 
0.5700000000000001 1.7682670514337364 
0.5720000000000001 1.7718071244295746 
0.5740000000000001 1.7753542846562738 
0.5760000000000001 1.7789085463024785 
0.5780000000000001 1.7824699235852404 
0.5800000000000001 1.7860384307500732 
0.5820000000000001 1.7896140820710105 
0.5840000000000001 1.7931968918506616 
0.5860000000000001 1.7967868744202722 
0.5880000000000001 1.8003840441397747 
0.5900000000000001 1.8039884153978554 
0.5920000000000001 1.807600002612003 
0.5940000000000001 1.811218820228571 
0.5960000000000001 1.8148448827228352 
0.5980000000000001 1.8184782045990497 
0.6000000000000001 1.8221188003905076 
0.6020000000000001 1.825766684659596 
0.6040000000000001 1.8294218719978574 
0.6060000000000001 1.8330843770260468 
0.6080000000000001 1.8367542143941877 
0.6100000000000001 1.840431398781635 
0.6120000000000001 1.8441159448971323 
0.6140000000000001 1.8478078674788672 
0.6160000000000001 1.8515071812945358 
0.6180000000000001 1.8552139011413984 
0.6200000000000001 1.8589280418463403 
0.6220000000000001 1.8626496182659267 
0.6240000000000001 1.8663786452864701 
0.6260000000000001 1.8701151378240837 
0.6280000000000001 1.8738591108247422 
0.6300000000000001 1.8776105792643416 
0.6320000000000001 1.8813695581487622 
0.6340000000000001 1.8851360625139235 
0.6360000000000001 1.8889101074258485 
0.6380000000000001 1.892691707980722 
0.6400000000000001 1.896480879304951 
0.6420000000000001 1.9002776365552259 
0.6440000000000001 1.9040819949185799 
0.6460000000000001 1.9078939696124535 
0.6480000000000001 1.9117135758847492 
0.6500000000000001 1.9155408290138973 
0.6520000000000001 1.919375744308915 
0.6540000000000001 1.9232183371094693 
0.6560000000000001 1.9270686227859375 
0.6580000000000001 1.930926616739465 
0.6600000000000001 1.9347923344020348 
0.6620000000000001 1.9386657912365204 
0.6640000000000001 1.9425470027367573 
0.6659999999999999 1.946435984427594 
0.6679999999999999 1.950332751864965 
0.6699999999999999 1.9542373206359431 
0.6719999999999999 1.9581497063588091 
0.6739999999999999 1.9620699246831124 
0.6759999999999999 1.9659979912897307 
0.6779999999999999 1.969933921890934 
0.6799999999999999 1.9738777322304524 
0.6819999999999999 1.9778294380835306 
0.6839999999999999 1.9817890552569992 
0.6859999999999999 1.985756599589331 
0.688 1.9897320869507094 
0.69 1.9937155332430874 
0.692 1.9977069544002566 
0.694 2.001706366387907 
0.696 2.0057137852036937 
0.698 2.0097292268772935 
0.7 2.01375270747048 
0.702 2.017784243077184 
0.704 2.021823849823547 
0.706 2.0258715438680084 
0.708 2.0299273414013452 
0.71 2.0339912586467546 
0.712 2.038063311859909 
0.714 2.0421435173290297 
0.716 2.0462318913749424 
0.718 2.0503284503511487 
0.72 2.054433210643889 
0.722 2.058546188672213 
0.724 2.062667400888036 
0.726 2.066796863776212 
0.728 2.0709345938545978 
0.73 2.075080607674123 
0.732 2.0792349218188435 
0.734 2.083397552906025 
0.736 2.0875685175861953 
0.738 2.0917478325432195 
0.74 2.095935514494362 
0.742 2.1001315801903573 
0.744 2.1043360464154746 
0.746 2.108548929987583 
0.748 2.112770247758222 
0.75 2.1170000166126703 
0.752 2.1212382534700063 
0.754 2.125484975283187 
0.756 2.129740199039099 
0.758 2.134003941758651 
0.76 2.1382762204968127 
0.762 2.142557052342709 
0.764 2.1468464544196695 
0.766 2.1511444438853116 
0.768 2.1554510379315976 
0.77 2.1597662537849107 
0.772 2.164090108706115 
0.774 2.168422619990643 
0.776 2.17276380496854 
0.778 2.1771136810045535 
0.78 2.1814722654981966 
0.782 2.1858395758838074 
0.784 2.1902156296306394 
0.786 2.1946004442429086 
0.788 2.198994037259881 
0.79 2.203396426255934 
0.792 2.20780762884063 
0.794 2.212227662658786 
0.796 2.2166565453905416 
0.798 2.2210942947514347 
0.8 2.225540928492469 
0.802 2.229996464400183 
0.804 2.2344609202967294 
0.806 2.2389343140399354 
0.808 2.243416663523382 
0.81 2.247907986676475 
0.812 2.2524083014645115 
0.8140000000000001 2.256917625888758 
0.8160000000000001 2.2614359779865163 
0.8180000000000001 2.265963375831202 
0.8200000000000001 2.2704998375324115 
0.8220000000000001 2.2750453812359996 
0.8240000000000001 2.2796000251241457 
0.8260000000000001 2.2841637874154315 
0.8280000000000001 2.288736686364912 
0.8300000000000001 2.2933187402641915 
0.8320000000000001 2.297909967441487 
0.8340000000000001 2.302510386261717 
0.8360000000000001 2.3071200151265634 
0.8380000000000001 2.3117388724745442 
0.8400000000000001 2.3163669767810986 
0.8420000000000001 2.321004346558648 
0.8440000000000001 2.3256510003566784 
0.8460000000000001 2.3303069567618095 
0.8480000000000001 2.334972234397878 
0.8500000000000001 2.339646851925994 
0.8520000000000001 2.3443308280446384 
0.8540000000000001 2.3490241814897215 
0.8560000000000001 2.3537269310346627 
0.8580000000000001 2.358439095490465 
0.8600000000000001 2.363160693705793 
0.8620000000000001 2.367891744567048 
0.8640000000000001 2.372632266998439 
0.8660000000000001 2.377382279962062 
0.8680000000000001 2.3821418024579724 
0.8700000000000001 2.3869108535242707 
0.8720000000000001 2.391689452237165 
0.8740000000000001 2.396477617711058 
0.8760000000000001 2.4012753690986153 
0.8780000000000001 2.4060827255908532 
0.8800000000000001 2.410899706417201 
0.8820000000000001 2.4157263308455885 
0.8840000000000001 2.4205626181825206 
0.8860000000000001 2.4254085877731533 
0.8880000000000001 2.4302642590013686 
0.8900000000000001 2.4351296512898646 
0.8920000000000001 2.4400047841002106 
0.8940000000000001 2.4448896769329465 
0.8960000000000001 2.4497843493276514 
0.8980000000000001 2.454688820863019 
0.9000000000000001 2.4596031111569427 
0.9020000000000001 2.464527239866591 
0.9040000000000001 2.4694612266884857 
0.9060000000000001 2.47440509135858 
0.9080000000000001 2.479358853652338 
0.9100000000000001 2.484322533384818 
0.9120000000000001 2.4892961504107416 
0.9140000000000001 2.4942797246245885 
0.9160000000000001 2.4992732759606566 
0.9180000000000001 2.5042768243931635 
0.9199999999999999 2.5092903899363055 
0.9219999999999999 2.514313992644354 
0.9239999999999999 2.5193476526117253 
0.9259999999999999 2.5243913899730637 
0.9279999999999999 2.52944522490333 
0.9299999999999999 2.534509177617867 
0.9319999999999999 2.539583268372495 
0.9339999999999999 2.5446675174635813 
0.9359999999999999 2.549761945228129 
0.938 2.5548665720438586 
0.94 2.5599814183292806 
0.942 2.5651065045437904 
0.944 2.5702418511877387 
0.946 2.5753874788025155 
0.948 2.580543407970644 
0.95 2.5857096593158446 
0.952 2.590886253503128 
0.954 2.5960732112388807 
0.956 2.60127055327094 
0.958 2.6064783003886802 
0.96 2.611696473423099 
0.962 2.616925093246893 
0.964 2.6221641807745506 
0.966 2.6274137569624276 
0.968 2.632673842808836 
0.97 2.637944459354129 
0.972 2.6432256276807773 
0.974 2.6485173689134616 
0.976 2.653819704219153 
0.978 2.659132654807203 
0.98 2.664456241929418 
0.982 2.669790486880153 
0.984 2.675135410996399 
0.986 2.680491035657852 
0.988 2.685857382287022 
0.99 2.6912344723493007 
0.992 2.696622327353051 
0.994 2.7020209688497037 
0.996 2.7074304184338205 
0.998 2.7128506977432143 
