-1.0 0.367879441171435 
-0.998 0.3686159363034203 
-0.996 0.369353905899638 
-0.994 0.3700933529119686 
-0.992 0.3708342802982026 
-0.99 0.37157669102205065 
-0.988 0.37232058805315765 
-0.986 0.3730659743671133 
-0.984 0.3738128529454639 
-0.982 0.3745612267757256 
-0.98 0.3753110988513939 
-0.978 0.3760624721719585 
-0.976 0.37681534974291403 
-0.974 0.3775697345757714 
-0.972 0.37832562968807093 
-0.97 0.37908303810339394 
-0.968 0.379841962851375 
-0.966 0.3806024069677141 
-0.964 0.38136437349418834 
-0.962 0.38212786547866545 
-0.96 0.3828928859751134 
-0.958 0.3836594380436159 
-0.956 0.3844275247503817 
-0.954 0.38519714916775916 
-0.952 0.3859683143742465 
-0.95 0.38674102345450573 
-0.948 0.38751527949937414 
-0.946 0.38829108560587744 
-0.944 0.3890684448772405 
-0.942 0.3898473604229019 
-0.94 0.3906278353585244 
-0.938 0.3914098728060093 
-0.9359999999999999 0.39219347589350706 
-0.9339999999999999 0.39297864775543134 
-0.9319999999999999 0.39376539153247103 
-0.9299999999999999 0.39455371037160125 
-0.9279999999999999 0.3953436074260996 
-0.926 0.39613508585555457 
-0.924 0.39692814882588134 
-0.922 0.39772279950933254 
-0.92 0.39851904108451236 
-0.918 0.3993168767363876 
-0.916 0.4001163096563026 
-0.914 0.40091734304198967 
-0.912 0.4017199800975834 
-0.91 0.4025242240336334 
-0.908 0.4033300780671163 
-0.906 0.4041375454214491 
-0.904 0.40494662932650255 
-0.902 0.4057573330186129 
-0.9 0.40656965974059656 
-0.898 0.40738361274176116 
-0.896 0.4081991952779205 
-0.894 0.4090164106114043 
-0.892 0.40983526201107645 
-0.89 0.4106557527523431 
-0.888 0.4114778861171682 
-0.886 0.4123016653940864 
-0.884 0.41312709387821606 
-0.882 0.41395417487127173 
-0.88 0.4147829116815788 
-0.878 0.4156133076240857 
-0.876 0.4164453660203776 
-0.874 0.41727909019868853 
-0.872 0.41811448349391694 
-0.87 0.4189515492476365 
-0.868 0.41979029080811164 
-0.866 0.42063071153031006 
-0.864 0.4214728147759154 
-0.862 0.4223166039133418 
-0.86 0.42316208231774677 
-0.858 0.42400925337104567 
-0.856 0.42485812046192306 
-0.854 0.4257086869858488 
-0.852 0.4265609563450904 
-0.85 0.42741493194872576 
-0.848 0.428270617212659 
-0.846 0.42912801555963226 
-0.844 0.4299871304192398 
-0.842 0.43084796522794244 
-0.84 0.43171052342908056 
-0.838 0.43257480847288793 
-0.836 0.4334408238165056 
-0.834 0.4343085729239967 
-0.832 0.43517805926635883 
-0.83 0.43604928632153805 
-0.828 0.43692225757444386 
-0.826 0.43779697651696253 
-0.8240000000000001 0.4386734466479709 
-0.8220000000000001 0.4395516714733507 
-0.8200000000000001 0.44043165450600263 
-0.8180000000000001 0.44131339926585994 
-0.8160000000000001 0.44219690927990213 
-0.8140000000000001 0.4430821880821716 
-0.812 0.4439692392137838 
-0.81 0.44485806622294466 
-0.808 0.4457486726649636 
-0.806 0.44664106210226795 
-0.804 0.44753523810441553 
-0.802 0.44843120424811256 
-0.8 0.44932896411722456 
-0.798 0.45022852130279206 
-0.796 0.4511298794030451 
-0.794 0.4520330420234171 
-0.792 0.45293801277655993 
-0.79 0.4538447952823578 
-0.788 0.45475339316794194 
-0.786 0.455663810067705 
-0.784 0.45657604962331577 
-0.782 0.45749011548373375 
-0.78 0.45840601130522424 
-0.778 0.45932374075137067 
-0.776 0.46024330749309283 
-0.774 0.46116471520865865 
-0.772 0.4620879675837001 
-0.77 0.46301306831122746 
-0.768 0.4639400210916463 
-0.766 0.4648688296327676 
-0.764 0.4657994976498275 
-0.762 0.4667320288654991 
-0.76 0.4676664270099082 
-0.758 0.4686026958206491 
-0.756 0.46954083904279814 
-0.754 0.4704808604289294 
-0.752 0.47142276373912967 
-0.75 0.47236655274101363 
-0.748 0.47331223120973837 
-0.746 0.47425980292801867 
-0.744 0.47520927168614374 
-0.742 0.47616064128198854 
-0.74 0.4771139155210337 
-0.738 0.478069098216377 
-0.736 0.47902619318875017 
-0.734 0.47998520426653574 
-0.732 0.4809461352857777 
-0.73 0.4819089900902024 
-0.728 0.4828737725312296 
-0.726 0.4838404864679911 
-0.724 0.48480913576734325 
-0.722 0.4857797243038851 
-0.72 0.48675225595997174 
-0.718 0.48772673462573124 
-0.716 0.4887031641990799 
-0.714 0.4896815485857366 
-0.712 0.49066189169924057 
-0.71 0.49164419746096555 
-0.708 0.49262846980013564 
-0.706 0.49361471265384194 
-0.704 0.494602929967057 
-0.702 0.49559312569265146 
-0.7 0.49658530379140964 
-0.698 0.49757946823204474 
-0.696 0.4985756229912164 
-0.694 0.49957377205354464 
-0.692 0.5005739194116274 
-0.69 0.5015760690660551 
-0.688 0.5025802250254277 
-0.6859999999999999 0.5035863913063701 
-0.6839999999999999 0.5045945719335502 
-0.6819999999999999 0.5056047709396903 
-0.6799999999999999 0.5066169923655884 
-0.6779999999999999 0.5076312402601315 
-0.6759999999999999 0.5086475186803121 
-0.6739999999999999 0.5096658316912459 
-0.6719999999999999 0.5106861833661855 
-0.6699999999999999 0.5117085777865402 
-0.6679999999999999 0.5127330190418884 
-0.6659999999999999 0.5137595112299961 
-0.6639999999999999 0.5147880584568336 
-0.6619999999999999 0.5158186648365917 
-0.6599999999999999 0.5168513344916967 
-0.6579999999999999 0.5178860715528288 
-0.6559999999999999 0.5189228801589381 
-0.6539999999999999 0.5199617644572598 
-0.6519999999999999 0.5210027286033322 
-0.6499999999999999 0.522045776761014 
-0.648 0.5230909131024983 
-0.646 0.5241381418083334 
-0.644 0.525187467067434 
-0.642 0.5262388930771037 
-0.64 0.5272924240430469 
-0.638 0.5283480641793893 
-0.636 0.5294058177086935 
-0.634 0.5304656888619734 
-0.632 0.5315276818787169 
-0.63 0.5325918010068965 
-0.628 0.5336580505029901 
-0.626 0.5347264346319972 
-0.624 0.535796957667456 
-0.622 0.5368696238914594 
-0.62 0.5379444375946747 
-0.618 0.5390214030763577 
-0.616 0.5401005246443715 
-0.614 0.5411818066152042 
-0.612 0.5422652533139848 
-0.61 0.5433508690745017 
-0.608 0.544438658239219 
-0.606 0.5455286251592955 
-0.604 0.5466207741946 
-0.602 0.5477151097137297 
-0.6 0.5488116360940293 
-0.598 0.5499103577216041 
-0.596 0.551011278991344 
-0.594 0.5521144043069337 
-0.592 0.5532197380808773 
-0.59 0.5543272847345108 
-0.588 0.5554370486980217 
-0.586 0.5565490344104684 
-0.584 0.5576632463197948 
-0.5820000000000001 0.55877968888285 
-0.5800000000000001 0.5598983665654055 
-0.5780000000000001 0.5610192838421741 
-0.5760000000000001 0.5621424451968258 
-0.5740000000000001 0.5632678551220079 
-0.5720000000000001 0.5643955181193617 
-0.5700000000000001 0.5655254386995405 
-0.5680000000000001 0.5666576213822275 
-0.5660000000000001 0.5677920706961562 
-0.5640000000000001 0.5689287911791245 
-0.562 0.5700677873780161 
-0.56 0.5712090638488171 
-0.558 0.5723526251566358 
-0.556 0.5734984758757175 
-0.554 0.574646620589467 
-0.552 0.5757970638904659 
-0.55 0.576949810380488 
-0.548 0.5781048646705204 
-0.546 0.5792622313807826 
-0.544 0.5804219151407429 
-0.542 0.5815839205891377 
-0.54 0.5827482523739898 
-0.538 0.5839149151526292 
-0.536 0.5850839135917065 
-0.534 0.5862552523672192 
-0.532 0.5874289361645224 
-0.53 0.5886049696783543 
-0.528 0.5897833576128491 
-0.526 0.5909641046815615 
-0.524 0.5921472156074796 
-0.522 0.5933326951230501 
-0.52 0.5945205479701927 
-0.518 0.5957107789003191 
-0.516 0.596903392674356 
-0.514 0.598098394062759 
-0.512 0.5992957878455358 
-0.51 0.6004955788122636 
-0.508 0.6016977717621069 
-0.506 0.6029023715038397 
-0.504 0.604109382855862 
-0.502 0.6053188106462211 
-0.5 0.6065306597126302 
-0.498 0.607744934902487 
-0.496 0.6089616410728935 
-0.494 0.6101807830906767 
-0.492 0.6114023658324054 
-0.49 0.6126263941844124 
-0.488 0.6138528730428138 
-0.486 0.6150818073135252 
-0.484 0.6163132019122862 
-0.482 0.6175470617646766 
-0.48 0.6187833918061373 
-0.478 0.6200221969819902 
-0.476 0.6212634822474584 
-0.474 0.6225072525676832 
-0.472 0.6237535129177485 
-0.47 0.6250022682826973 
-0.46799999999999997 0.626253523657552 
-0.46599999999999997 0.6275072840473371 
-0.46399999999999997 0.6287635544670946 
-0.46199999999999997 0.6300223399419089 
-0.45999999999999996 0.6312836455069224 
-0.45799999999999996 0.6325474762073595 
-0.45599999999999996 0.6338138370985452 
-0.45399999999999996 0.6350827332459243 
-0.45199999999999996 0.636354169725083 
-0.44999999999999996 0.6376281516217692 
-0.44799999999999995 0.6389046840319126 
-0.44599999999999995 0.6401837720616429 
-0.44399999999999995 0.6414654208273157 
-0.44199999999999995 0.6427496354555272 
-0.43999999999999995 0.6440364210831377 
-0.43799999999999994 0.6453257828572903 
-0.43599999999999994 0.6466177259354354 
-0.43399999999999994 0.6479122554853465 
-0.43199999999999994 0.649209376685143 
-0.42999999999999994 0.6505090947233124 
-0.42799999999999994 0.6518114147987276 
-0.42599999999999993 0.6531163421206712 
-0.42399999999999993 0.6544238819088545 
-0.42200000000000004 0.6557340393934372 
-0.42000000000000004 0.6570468198150525 
-0.41800000000000004 0.6583622284248232 
-0.41600000000000004 0.6596802704843847 
-0.41400000000000003 0.661000951265908 
-0.41200000000000003 0.6623242760521183 
-0.41000000000000003 0.6636502501363152 
-0.40800000000000003 0.664978878822398 
-0.406 0.6663101674248825 
-0.404 0.6676441212689254 
-0.402 0.6689807456903427 
-0.4 0.6703200460356358 
-0.398 0.6716620276620064 
-0.396 0.6730066959373833 
-0.394 0.6743540562404413 
-0.392 0.6757041139606234 
-0.39 0.6770568744981622 
-0.388 0.6784123432641016 
-0.386 0.6797705256803189 
-0.384 0.6811314271795454 
-0.382 0.682495053205389 
-0.38 0.6838614092123546 
-0.378 0.6852305006658692 
-0.376 0.6866023330423003 
-0.374 0.687976911828979 
-0.372 0.6893542425242222 
-0.37 0.690734330637355 
-0.368 0.6921171816887312 
-0.366 0.6935028012097565 
-0.364 0.6948911947429119 
-0.362 0.6962823678417727 
-0.36 0.6976763260710335 
-0.358 0.6990730750065279 
-0.356 0.700472620235255 
-0.354 0.701874967355397 
-0.352 0.7032801219763439 
-0.35 0.7046880897187172 
-0.348 0.706098876214388 
-0.346 0.7075124871065057 
-0.344 0.7089289280495152 
-0.34199999999999997 0.7103482047091814 
-0.33999999999999997 0.7117703227626148 
-0.33799999999999997 0.7131952878982873 
-0.33599999999999997 0.7146231058160624 
-0.33399999999999996 0.7160537822272136 
-0.33199999999999996 0.7174873228544486 
-0.32999999999999996 0.7189237334319316 
-0.32799999999999996 0.7203630197053073 
-0.32599999999999996 0.7218051874317216 
-0.32399999999999995 0.723250242379848 
-0.32199999999999995 0.7246981903299091 
-0.31999999999999995 0.726149037073697 
-0.31799999999999995 0.7276027884146015 
-0.31599999999999995 0.7290594501676299 
-0.31399999999999995 0.7305190281594309 
-0.31199999999999994 0.7319815282283184 
-0.30999999999999994 0.7334469562242953 
-0.30799999999999994 0.7349153180090743 
-0.30599999999999994 0.736386619456106 
-0.30399999999999994 0.7378608664505966 
-0.30199999999999994 0.7393380648895372 
-0.29999999999999993 0.7408182206817227 
-0.29799999999999993 0.7423013397477793 
-0.29600000000000004 0.7437874280201842 
-0.29400000000000004 0.7452764914432931 
-0.29200000000000004 0.746768535973361 
-0.29000000000000004 0.7482635675785692 
-0.28800000000000003 0.7497615922390447 
-0.28600000000000003 0.7512626159468894 
-0.28400000000000003 0.7527666447061989 
-0.28200000000000003 0.7542736845330917 
-0.28 0.7557837414557279 
-0.278 0.7572968215143373 
-0.276 0.7588129307612432 
-0.274 0.7603320752608836 
-0.272 0.7618542610898387 
-0.27 0.7633794943368537 
-0.268 0.7649077811028645 
-0.266 0.766439127501019 
-0.264 0.7679735396567059 
-0.262 0.7695110237075755 
-0.26 0.7710515858035661 
-0.258 0.7725952321069269 
-0.256 0.7741419687922474 
-0.254 0.7756918020464748 
-0.252 0.7772447380689445 
-0.25 0.7788007830714037 
-0.248 0.7803599432780325 
-0.246 0.7819222249254755 
-0.244 0.7834876342628603 
-0.242 0.7850561775518272 
-0.24 0.7866278610665515 
-0.238 0.7882026910937683 
-0.236 0.7897806739328005 
-0.23399999999999999 0.7913618158955815 
-0.23199999999999998 0.7929461233066813 
-0.22999999999999998 0.7945336025033317 
-0.22799999999999998 0.796124259835451 
-0.22599999999999998 0.7977181016656718 
-0.22399999999999998 0.7993151343693626 
-0.22199999999999998 0.8009153643346569 
-0.21999999999999997 0.8025187979624765 
-0.21799999999999997 0.8041254416665575 
-0.21599999999999997 0.8057353018734781 
-0.21399999999999997 0.80734838502268 
-0.21199999999999997 0.8089646975664982 
-0.20999999999999996 0.8105842459701857 
-0.20799999999999996 0.8122070367119382 
-0.20599999999999996 0.8138330762829201 
-0.20399999999999996 0.8154623711872919 
-0.20199999999999996 0.8170949279422359 
-0.19999999999999996 0.8187307530779817 
-0.19799999999999995 0.8203698531378311 
-0.19599999999999995 0.8220122346781868 
-0.19399999999999995 0.8236579042685779 
-0.19199999999999995 0.8253068684916837 
-0.18999999999999995 0.8269591339433633 
-0.18799999999999994 0.8286147072326816 
-0.18599999999999994 0.8302735949819342 
-0.18399999999999994 0.8319358038266733 
-0.18199999999999994 0.8336013404157369 
-0.17999999999999994 0.8352702114112738 
-0.17799999999999994 0.8369424234887707 
-0.17599999999999993 0.8386179833370763 
-0.17399999999999993 0.8402968976584343 
-0.17199999999999993 0.8419791731685023 
-0.16999999999999993 0.8436648165963866 
-0.16799999999999993 0.8453538346846613 
-0.16600000000000004 0.8470462341894025 
-0.16400000000000003 0.8487420218802092 
-0.16200000000000003 0.8504412045402359 
-0.16000000000000003 0.8521437889662142 
-0.15800000000000003 0.8538497819684844 
-0.15600000000000003 0.8555591903710211 
-0.15400000000000003 0.8572720210114597 
-0.15200000000000002 0.8589882807411259 
-0.15000000000000002 0.8607079764250601 
-0.14800000000000002 0.8624311149420476 
-0.14600000000000002 0.8641577031846446 
-0.14400000000000002 0.8658877480592069 
-0.14200000000000002 0.8676212564859153 
-0.14 0.869358235398807 
-0.138 0.8710986917457996 
-0.136 0.8728426324887203 
-0.134 0.8745900646033348 
-0.132 0.8763409950793737 
-0.13 0.878095430920561 
-0.128 0.8798533791446436 
-0.126 0.881614846783415 
-0.124 0.8833798408827496 
-0.122 0.8851483685026257 
-0.12 0.8869204367171559 
-0.118 0.8886960526146148 
-0.11599999999999999 0.8904752232974705 
-0.11399999999999999 0.8922579558824053 
-0.11199999999999999 0.8940442575003539 
-0.10999999999999999 0.8958341352965247 
-0.10799999999999998 0.897627596430431 
-0.10599999999999998 0.8994246480759198 
-0.10399999999999998 0.9012252974212001 
-0.10199999999999998 0.903029551668872 
-0.09999999999999998 0.9048374180359543 
-0.09799999999999998 0.9066489037539157 
-0.09599999999999997 0.9084640160687005 
-0.09399999999999997 0.9102827622407609 
-0.09199999999999997 0.9121051495450841 
-0.08999999999999997 0.9139311852712221 
-0.08799999999999997 0.9157608767233193 
-0.08599999999999997 0.9175942312201447 
-0.08399999999999996 0.9194312560951179 
-0.08199999999999996 0.9212719586963419 
-0.07999999999999996 0.9231163463866289 
-0.07799999999999996 0.9249644265435328 
-0.07599999999999996 0.9268162065593757 
-0.07399999999999995 0.9286716938412806 
-0.07199999999999995 0.930530895811199 
-0.06999999999999995 0.9323938199059415 
-0.06799999999999995 0.9342604735772071 
-0.06599999999999995 0.9361308642916125 
-0.06399999999999995 0.938004999530724 
-0.061999999999999944 0.9398828867910832 
-0.05999999999999994 0.9417645335842431 
-0.05799999999999994 0.9436499474367932 
-0.05599999999999994 0.9455391358903913 
-0.05399999999999994 0.9474321065017933 
-0.051999999999999935 0.9493288668428859 
-0.04999999999999993 0.95122942450071 
-0.04799999999999993 0.9531337870775014 
-0.04599999999999993 0.9550419621907117 
-0.04399999999999993 0.9569539574730445 
-0.041999999999999926 0.9588697805724825 
-0.040000000000000036 0.9607894391523214 
-0.038000000000000034 0.9627129408911983 
-0.03600000000000003 0.964640293483122 
-0.03400000000000003 0.9665715046375061 
-0.03200000000000003 0.968506582079198 
-0.030000000000000027 0.9704455335485087 
-0.028000000000000025 0.972388366801248 
-0.026000000000000023 0.9743350896087513 
-0.02400000000000002 0.9762857097579117 
-0.02200000000000002 0.9782402350512128 
-0.020000000000000018 0.9801986733067584 
-0.018000000000000016 0.9821610323583042 
-0.016000000000000014 0.9841273200552889 
-0.014000000000000012 0.9860975442628659 
-0.01200000000000001 0.9880717128619354 
-0.010000000000000009 0.9900498337491734 
-0.008000000000000007 0.9920319148370665 
-0.006000000000000005 0.9940179640539408 
-0.0040000000000000036 0.9960079893439974 
-0.0020000000000000018 0.9980019986673394 
0.0 1.0000000000000064 
0.0020000000000000018 1.0020020013340067 
0.0040000000000000036 1.0040080106773488 
0.006000000000000005 1.006018036054073 
0.008000000000000007 1.0080320855042808 
0.010000000000000009 1.0100501670841753 
0.01200000000000001 1.0120722888660851 
0.014000000000000012 1.0140984589384998 
0.016000000000000014 1.0161286854061016 
0.018000000000000016 1.0181629763898012 
0.020000000000000018 1.020201340026763 
0.02200000000000002 1.0222437844704448 
0.02400000000000002 1.0242903178906282 
0.026000000000000023 1.0263409484734487 
0.028000000000000025 1.0283956844214313 
0.030000000000000027 1.0304545339535236 
0.03200000000000003 1.032517505305125 
0.03400000000000003 1.0345846067281244 
0.03600000000000003 1.0366558464909292 
0.038000000000000034 1.038731232878503 
0.040000000000000036 1.040810774192392 
0.04200000000000004 1.0428944787507668 
0.04400000000000004 1.0449823548884472 
0.04600000000000004 1.0470744109569403 
0.04800000000000004 1.0491706553244737 
0.050000000000000044 1.0512710963760263 
0.052000000000000046 1.0533757425133667 
0.05400000000000005 1.0554846021550814 
0.05600000000000005 1.0575976837366123 
0.05800000000000005 1.0597149957102874 
0.06000000000000005 1.0618365465453594 
0.062000000000000055 1.063962344728034 
0.06400000000000006 1.0660923987615054 
0.06600000000000006 1.0682267171659925 
0.06800000000000006 1.0703653084787732 
0.07000000000000006 1.0725081812542143 
0.07200000000000006 1.0746553440638111 
0.07400000000000007 1.0768068054962177 
0.07600000000000007 1.0789625741572804 
0.07800000000000007 1.08112265867008 
0.08000000000000007 1.083287067674955 
0.08200000000000007 1.0854558098295446 
0.08400000000000007 1.0876288938088217 
0.08600000000000008 1.0898063283051245 
0.08800000000000008 1.0919881220281926 
0.09000000000000008 1.0941742837052055 
0.09200000000000008 1.0963648220808118 
0.09400000000000008 1.0985597459171683 
0.09600000000000009 1.100759063993974 
0.09800000000000009 1.1029627851085029 
0.10000000000000009 1.1051709180756428 
0.10200000000000009 1.1073834717279283 
0.10400000000000009 1.1096004549155771 
0.1060000000000001 1.111821876506526 
0.1080000000000001 1.114047745386463 
0.1100000000000001 1.1162780704588666 
0.1120000000000001 1.1185128606450405 
0.1140000000000001 1.120752124884149 
0.1160000000000001 1.1229958721332505 
0.1180000000000001 1.1252441113673388 
0.1200000000000001 1.1274968515793724 
0.12200000000000011 1.1297541017803148 
0.12400000000000011 1.1320158709991717 
0.1260000000000001 1.1342821682830224 
0.1280000000000001 1.1365530026970583 
0.13000000000000012 1.1388283833246193 
0.13200000000000012 1.1411083192672336 
0.13400000000000012 1.1433928196446457 
0.13600000000000012 1.1456818935948612 
0.13800000000000012 1.1479755502741786 
0.14000000000000012 1.1502737988572271 
0.14200000000000013 1.1525766485370046 
0.14400000000000013 1.1548841085249142 
0.14600000000000013 1.1571961880507973 
0.14800000000000013 1.1595128963629753 
0.15000000000000013 1.1618342427282848 
0.15200000000000014 1.1641602364321149 
0.15399999999999991 1.166490886778443 
0.15599999999999992 1.1688262030898728 
0.15799999999999992 1.1711661947076726 
0.15999999999999992 1.1735108709918136 
0.16199999999999992 1.1758602413210035 
0.16399999999999992 1.1782143150927267 
0.16599999999999993 1.1805731017232812 
0.16799999999999993 1.1829366106478154 
0.16999999999999993 1.1853048513203708 
0.17199999999999993 1.1876778332139106 
0.17399999999999993 1.190055565820368 
0.17599999999999993 1.192438058650674 
0.17799999999999994 1.1948253212348063 
0.17999999999999994 1.1972173631218153 
0.18199999999999994 1.1996141938798737 
0.18399999999999994 1.2020158230963074 
0.18599999999999994 1.2044222603776356 
0.18799999999999994 1.2068335153496115 
0.18999999999999995 1.209249597657257 
0.19199999999999995 1.2116705169649054 
0.19399999999999995 1.2140962829562387 
0.19599999999999995 1.2165269053343215 
0.19799999999999995 1.2189623938216476 
0.19999999999999996 1.2214027581601739 
0.20199999999999996 1.2238480081113627 
0.20399999999999996 1.2262981534562145 
0.20599999999999996 1.2287532039953157 
0.20799999999999996 1.2312131695488713 
0.20999999999999996 1.2336780599567467 
0.21199999999999997 1.2361478850785075 
0.21399999999999997 1.2386226547934556 
0.21599999999999997 1.241102379000674 
0.21799999999999997 1.2435870676190641 
0.21999999999999997 1.2460767305873828 
0.22199999999999998 1.248571377864285 
0.22399999999999998 1.2510710194283634 
0.22599999999999998 1.2535756652781869 
0.22799999999999998 1.256085325432345 
0.22999999999999998 1.2586000099294783 
0.23199999999999998 1.2611197288283296 
0.23399999999999999 1.2636444922077779 
0.236 1.2661743101668788 
0.238 1.2687091928249097 
0.24 1.2712491503214032 
0.242 1.2737941928161942 
0.244 1.276344330489454 
0.246 1.2788995735417368 
0.248 1.281459932194019 
0.25 1.2840254166877392 
0.252 1.2865960372848373 
0.254 1.2891718042678022 
0.256 1.2917527279397014 
0.258 1.294338818624235 
0.26 1.2969300866657687 
0.262 1.2995265424293796 
0.264 1.3021281963008913 
0.266 1.3047350586869255 
0.268 1.3073471400149335 
0.27 1.3099644507332444 
0.272 1.3125870013111065 
0.274 1.3152148022387222 
0.276 1.317847864027301 
0.278 1.3204861972090938 
0.28 1.323129812337435 
0.28200000000000003 1.3257787199867912 
0.28400000000000003 1.328432930752794 
0.28600000000000003 1.331092455252291 
0.28800000000000003 1.3337573041233834 
0.29000000000000004 1.3364274880254723 
0.29200000000000004 1.339103017639293 
0.29400000000000004 1.3417839036669712 
0.29600000000000004 1.344470156832053 
0.29800000000000004 1.3471617878795534 
0.30000000000000004 1.349858807576004 
0.30200000000000005 1.3525612267094829 
0.30400000000000005 1.3552690560896727 
0.30600000000000005 1.357982306547894 
0.30800000000000005 1.3607009889371517 
0.31000000000000005 1.3634251141321792 
0.31200000000000006 1.3661546930294814 
0.31400000000000006 1.368889736547378 
0.31600000000000006 1.3716302556260451 
0.31800000000000006 1.3743762612275636 
0.32000000000000006 1.3771277643359594 
0.32200000000000006 1.3798847759572488 
0.32400000000000007 1.382647307119482 
0.32600000000000007 1.3854153688727875 
0.32800000000000007 1.3881889722894145 
0.33000000000000007 1.3909681284637825 
0.3320000000000001 1.39375284851252 
0.3340000000000001 1.3965431435745084 
0.3360000000000001 1.3993390248109334 
0.3380000000000001 1.402140503405323 
0.3400000000000001 1.4049475905635962 
0.3420000000000001 1.4077602975141048 
0.3440000000000001 1.4105786355076804 
0.3460000000000001 1.4134026158176782 
0.3480000000000001 1.4162322497400246 
0.3500000000000001 1.419067548593259 
0.3520000000000001 1.4219085237185798 
0.3540000000000001 1.4247551864798897 
0.3560000000000001 1.4276075482638462 
0.3580000000000001 1.4304656204798996 
0.3600000000000001 1.4333294145603415 
0.3620000000000001 1.4361989419603527 
0.3640000000000001 1.4390742141580466 
0.3660000000000001 1.4419552426545161 
0.3680000000000001 1.4448420389738796 
0.3700000000000001 1.4477346146633245 
0.3720000000000001 1.4506329812931587 
0.3740000000000001 1.4535371504568517 
0.3760000000000001 1.4564471337710847 
0.3780000000000001 1.4593629428757955 
0.3800000000000001 1.4622845894342236 
0.3820000000000001 1.4652120851329586 
0.3840000000000001 1.4681454416819875 
0.3860000000000001 1.4710846708147407 
0.3880000000000001 1.4740297842881402 
0.3900000000000001 1.4769807938826403 
0.3920000000000001 1.4799377114022856 
0.39400000000000013 1.4829005486747513 
0.39600000000000013 1.4858693175513873 
0.39800000000000013 1.4888440299072745 
0.40000000000000013 1.4918246976412681 
0.40200000000000014 1.49481133267604 
0.40400000000000014 1.4978039469581368 
0.40600000000000014 1.5008025524580173 
0.4079999999999999 1.5038071611701092 
0.4099999999999999 1.5068177851128512 
0.4119999999999999 1.5098344363287426 
0.4139999999999999 1.5128571268843927 
0.4159999999999999 1.5158858688705679 
0.4179999999999999 1.5189206744022388 
0.41999999999999993 1.521961555618632 
0.42199999999999993 1.5250085246832779 
0.42399999999999993 1.5280615937840567 
0.42599999999999993 1.5311207751332463 
0.42799999999999994 1.5341860809675794 
0.42999999999999994 1.5372575235482813 
0.43199999999999994 1.5403351151611282 
0.43399999999999994 1.5434188681164882 
0.43599999999999994 1.5465087947493783 
0.43799999999999994 1.549604907419511 
0.43999999999999995 1.552707218511338 
0.44199999999999995 1.5558157404341098 
0.44399999999999995 1.5589304856219175 
0.44599999999999995 1.5620514665337466 
0.44799999999999995 1.5651786956535256 
0.44999999999999996 1.5683121854901723 
0.45199999999999996 1.5714519485776532 
0.45399999999999996 1.5745979974750224 
0.45599999999999996 1.5777503447664822 
0.45799999999999996 1.5809090030614248 
0.45999999999999996 1.5840739849944863 
0.46199999999999997 1.5872453032256 
0.46399999999999997 1.590422970440044 
0.46599999999999997 1.5936069993484905 
0.46799999999999997 1.5967974026870582 
0.47 1.5999941932173656 
0.472 1.6031973837265792 
0.474 1.6064069870274649 
0.476 1.6096230159584415 
0.478 1.6128454833836277 
0.48 1.6160744021928977 
0.482 1.6193097853019323 
0.484 1.6225516456522655 
0.486 1.6257999962113454 
0.488 1.6290548499725785 
0.49 1.6323162199553822 
0.492 1.6355841192052436 
0.494 1.6388585607937618 
0.496 1.6421395578187081 
0.498 1.6454271234040756 
0.5 1.6487212707001306 
0.502 1.6520220128834662 
0.504 1.655329363157056 
0.506 1.6586433347503062 
0.508 1.6619639409191063 
0.51 1.6652911949458853 
0.512 1.668625110139666 
0.514 1.6719656998361123 
0.516 1.675312977397586 
0.518 1.6786669562132035 
0.52 1.6820276496988842 
0.522 1.6853950712974062 
0.524 1.6887692344784608 
0.526 1.6921501527387057 
0.528 1.6955378396018166 
0.53 1.6989323086185473 
0.532 1.7023335733667775 
0.534 1.705741647451572 
0.536 1.7091565445052295 
0.538 1.7125782781873438 
0.54 1.7160068621848534 
0.542 1.7194423102121017 
0.544 1.7228846360108838 
0.546 1.726333853350506 
0.548 1.7297899760278435 
0.55 1.733253017867391 
0.552 1.736722992721322 
0.554 1.740199914469539 
0.556 1.7436837970197345 
0.558 1.7471746543074438 
0.56 1.750672500296099 
0.562 1.7541773489770895 
0.5640000000000001 1.7576892143698155 
0.5660000000000001 1.7612081105217414 
0.5680000000000001 1.7647340515084595 
0.5700000000000001 1.7682670514337353 
0.5720000000000001 1.7718071244295752 
0.5740000000000001 1.7753542846562744 
0.5760000000000001 1.7789085463024796 
0.5780000000000001 1.7824699235852426 
0.5800000000000001 1.7860384307500758 
0.5820000000000001 1.7896140820710131 
0.5840000000000001 1.793196891850666 
0.5860000000000001 1.7967868744202762 
0.5880000000000001 1.8003840441397807 
0.5900000000000001 1.803988415397862 
0.5920000000000001 1.8076000026120098 
0.5940000000000001 1.8112188202285782 
0.5960000000000001 1.814844882722842 
0.5980000000000001 1.818478204599057 
0.6000000000000001 1.822118800390515 
0.6020000000000001 1.8257666846596043 
0.6040000000000001 1.8294218719978659 
0.6060000000000001 1.8330843770260556 
0.6080000000000001 1.8367542143941962 
0.6100000000000001 1.8404313987816434 
0.6120000000000001 1.84411594489714 
0.6140000000000001 1.8478078674788752 
0.6160000000000001 1.8515071812945438 
0.6180000000000001 1.8552139011414064 
0.6200000000000001 1.8589280418463472 
0.6220000000000001 1.8626496182659338 
0.6240000000000001 1.866378645286477 
0.6260000000000001 1.8701151378240894 
0.6280000000000001 1.8738591108247467 
0.6300000000000001 1.8776105792643458 
0.6320000000000001 1.8813695581487655 
0.6340000000000001 1.8851360625139262 
0.6360000000000001 1.8889101074258503 
0.6380000000000001 1.8926917079807228 
0.6400000000000001 1.8964808793049504 
0.6420000000000001 1.9002776365552245 
0.6440000000000001 1.9040819949185779 
0.6460000000000001 1.9078939696124506 
0.6480000000000001 1.911713575884745 
0.6500000000000001 1.9155408290138918 
0.6520000000000001 1.919375744308909 
0.6540000000000001 1.9232183371094624 
0.6560000000000001 1.92706862278593 
0.6580000000000001 1.9309266167394565 
0.6600000000000001 1.934792334402025 
0.6620000000000001 1.9386657912365122 
0.6640000000000001 1.9425470027367475 
0.6659999999999999 1.9464359844275851 
0.6679999999999999 1.9503327518649545 
0.6699999999999999 1.9542373206359327 
0.6719999999999999 1.9581497063587994 
0.6739999999999999 1.9620699246831006 
0.6759999999999999 1.9659979912897187 
0.6779999999999999 1.969933921890922 
0.6799999999999999 1.9738777322304413 
0.6819999999999999 1.9778294380835195 
0.6839999999999999 1.981789055256988 
0.6859999999999999 1.9857565995893207 
0.688 1.9897320869506991 
0.69 1.9937155332430783 
0.692 1.9977069544002481 
0.694 2.0017063663879004 
0.696 2.0057137852036857 
0.698 2.009729226877288 
0.7 2.0137527074704757 
0.702 2.0177842430771786 
0.704 2.021823849823544 
0.706 2.0258715438680066 
0.708 2.029927341401343 
0.71 2.0339912586467523 
0.712 2.038063311859909 
0.714 2.0421435173290297 
0.716 2.046231891374945 
0.718 2.050328450351152 
0.72 2.0544332106438925 
0.722 2.0585461886722167 
0.724 2.062667400888038 
0.726 2.0667968637762164 
0.728 2.0709345938546044 
0.73 2.075080607674128 
0.732 2.0792349218188506 
0.734 2.0833975529060282 
0.736 2.0875685175862007 
0.738 2.0917478325432266 
0.74 2.0959355144943688 
0.742 2.1001315801903635 
0.744 2.10433604641548 
0.746 2.108548929987588 
0.748 2.1127702477582284 
0.75 2.1170000166126766 
0.752 2.1212382534700125 
0.754 2.125484975283191 
0.756 2.129740199039105 
0.758 2.1340039417586545 
0.76 2.1382762204968166 
0.762 2.1425570523427107 
0.764 2.146846454419672 
0.766 2.151144443885314 
0.768 2.1554510379315994 
0.77 2.1597662537849094 
0.772 2.164090108706116 
0.774 2.1684226199906433 
0.776 2.172763804968539 
0.778 2.1771136810045544 
0.78 2.181472265498197 
0.782 2.1858395758838087 
0.784 2.190215629630638 
0.786 2.194600444242907 
0.788 2.198994037259879 
0.79 2.203396426255932 
0.792 2.207807628840629 
0.794 2.2122276626587842 
0.796 2.216656545390541 
0.798 2.2210942947514347 
0.8 2.2255409284924688 
0.802 2.2299964644001844 
0.804 2.234460920296728 
0.806 2.2389343140399367 
0.808 2.243416663523383 
0.81 2.2479079866764753 
0.812 2.2524083014645138 
0.8140000000000001 2.2569176258887573 
0.8160000000000001 2.2614359779865176 
0.8180000000000001 2.2659633758312028 
0.8200000000000001 2.270499837532413 
0.8220000000000001 2.275045381236 
0.8240000000000001 2.2796000251241453 
0.8260000000000001 2.284163787415432 
0.8280000000000001 2.2887366863649117 
0.8300000000000001 2.2933187402641897 
0.8320000000000001 2.2979099674414876 
0.8340000000000001 2.302510386261716 
0.8360000000000001 2.3071200151265603 
0.8380000000000001 2.3117388724745394 
0.8400000000000001 2.3163669767810933 
0.8420000000000001 2.3210043465586443 
0.8440000000000001 2.3256510003566735 
0.8460000000000001 2.3303069567618024 
0.8480000000000001 2.3349722343978683 
0.8500000000000001 2.3396468519259863 
0.8520000000000001 2.3443308280446318 
0.8540000000000001 2.3490241814897117 
0.8560000000000001 2.3537269310346516 
0.8580000000000001 2.3584390954904557 
0.8600000000000001 2.3631606937057836 
0.8620000000000001 2.3678917445670384 
0.8640000000000001 2.3726322669984303 
0.8660000000000001 2.3773822799620525 
0.8680000000000001 2.3821418024579653 
0.8700000000000001 2.386910853524265 
0.8720000000000001 2.3916894522371597 
0.8740000000000001 2.3964776177110534 
0.8760000000000001 2.401275369098615 
0.8780000000000001 2.4060827255908532 
0.8800000000000001 2.410899706417203 
0.8820000000000001 2.415726330845592 
0.8840000000000001 2.4205626181825273 
0.8860000000000001 2.4254085877731613 
0.8880000000000001 2.4302642590013797 
0.8900000000000001 2.435129651289876 
0.8920000000000001 2.4400047841002257 
0.8940000000000001 2.444889676932963 
0.8960000000000001 2.4497843493276688 
0.8980000000000001 2.4546888208630384 
0.9000000000000001 2.4596031111569614 
0.9020000000000001 2.4645272398666096 
0.9040000000000001 2.4694612266885048 
0.9060000000000001 2.4744050913585953 
0.9080000000000001 2.479358853652354 
0.9100000000000001 2.484322533384831 
0.9120000000000001 2.489296150410753 
0.9140000000000001 2.494279724624595 
0.9160000000000001 2.4992732759606615 
0.9180000000000001 2.5042768243931643 
0.9199999999999999 2.509290389936302 
0.9219999999999999 2.514313992644348 
0.9239999999999999 2.5193476526117133 
0.9259999999999999 2.5243913899730503 
0.9279999999999999 2.529445224903313 
0.9299999999999999 2.534509177617847 
0.9319999999999999 2.5395832683724735 
0.9339999999999999 2.5446675174635582 
0.9359999999999999 2.5497619452281075 
0.938 2.5548665720438346 
0.94 2.559981418329261 
0.942 2.5651065045437718 
0.944 2.570241851187723 
0.946 2.575387478802509 
0.948 2.5805434079706426 
0.95 2.58570965931585 
0.952 2.590886253503142 
0.954 2.5960732112389016 
0.956 2.60127055327097 
0.958 2.606478300388714 
0.96 2.6116964734231387 
0.962 2.616925093246937 
0.964 2.6221641807745977 
0.966 2.6274137569624716 
0.968 2.6326738428088774 
0.97 2.6379444593541623 
0.972 2.6432256276808013 
0.974 2.648517368913473 
0.976 2.6538197042191523 
0.978 2.6591326548071885 
0.98 2.66445624192939 
0.982 2.6697904868801166 
0.984 2.675135410996353 
0.986 2.680491035657807 
0.988 2.685857382286985 
0.99 2.691234472349276 
0.992 2.6966223273530487 
0.994 2.7020209688497174 
0.996 2.7074304184338516 
0.998 2.7128506977432383 
