-1.0 -8.999999999999961 
-0.998 -8.964031984047931 
-0.996 -8.928127872766943 
-0.994 -8.892287571880194 
-0.992 -8.856510988255204 
-0.99 -8.82079802989998 
-0.988 -8.785148605959147 
-0.986 -8.749562626710158 
-0.984 -8.714040003559411 
-0.982 -8.678580649038423 
-0.98 -8.643184476799991 
-0.978 -8.607851401614361 
-0.976 -8.572581339365374 
-0.974 -8.537374207046623 
-0.972 -8.502229922757632 
-0.97 -8.467148405700001 
-0.968 -8.43212957617357 
-0.966 -8.397173355572583 
-0.964 -8.36227966638183 
-0.962 -8.327448432172838 
-0.96 -8.29267957760001 
-0.958 -8.25797302839678 
-0.956 -8.223328711371789 
-0.954 -8.188746554405036 
-0.952 -8.154226486444044 
-0.95 -8.119768437500014 
-0.948 -8.085372338643985 
-0.946 -8.051038122002996 
-0.944 -8.016765720756243 
-0.942 -7.98255506913125 
-0.94 -7.948406102400019 
-0.938 -7.914318756875185 
-0.9359999999999999 -7.880292969906196 
-0.9339999999999999 -7.8463286798754455 
-0.9319999999999999 -7.8124258261944535 
-0.9299999999999999 -7.778584349300023 
-0.9279999999999999 -7.744804190650391 
-0.926 -7.711085292721401 
-0.924 -7.6774275990026455 
-0.922 -7.643831053993658 
-0.92 -7.610295603200026 
-0.918 -7.576821193129594 
-0.916 -7.543407771288599 
-0.914 -7.510055286177849 
-0.912 -7.476763687288857 
-0.91 -7.443532925100025 
-0.908 -7.41036295107279 
-0.906 -7.3772537176478 
-0.904 -7.344205178241044 
-0.902 -7.311217287240053 
-0.9 -7.27829000000002 
-0.898 -7.245423272839989 
-0.896 -7.212617063038996 
-0.894 -7.179871328832246 
-0.892 -7.147186029407251 
-0.89 -7.114561124900022 
-0.888 -7.081996576391189 
-0.886 -7.049492345902194 
-0.884 -7.017048396391441 
-0.882 -6.984664691750453 
-0.88 -6.9523411968000195 
-0.878 -6.920077877286387 
-0.876 -6.8878746998773925 
-0.874 -6.855731632158641 
-0.872 -6.823648642629647 
-0.87 -6.791625700700015 
-0.868 -6.759662776685585 
-0.866 -6.727759841804592 
-0.864 -6.695916868173837 
-0.862 -6.664133828804845 
-0.86 -6.632410697600015 
-0.858 -6.60074744934878 
-0.856 -6.569144059723788 
-0.854 -6.537600505277034 
-0.852 -6.506116763436043 
-0.85 -6.474692812500009 
-0.848 -6.443328631635977 
-0.846 -6.412024200874985 
-0.844 -6.380779501108231 
-0.842 -6.349594514083238 
-0.84 -6.318469222400007 
-0.838 -6.287403609507174 
-0.836 -6.256397659698181 
-0.834 -6.225451358107429 
-0.832 -6.194564690706436 
-0.83 -6.163737644300002 
-0.828 -6.132970206522369 
-0.826 -6.102262365833379 
-0.8240000000000001 -6.071614111514627 
-0.8220000000000001 -6.041025433665634 
-0.8200000000000001 -6.010496323200002 
-0.8180000000000001 -5.980026771841568 
-0.8160000000000001 -5.949616772120577 
-0.8140000000000001 -5.919266317369825 
-0.812 -5.888975401720833 
-0.81 -5.858744020100002 
-0.808 -5.828572168224765 
-0.806 -5.798459842599776 
-0.804 -5.768407040513024 
-0.802 -5.738413760032032 
-0.8 -5.708479999999997 
-0.798 -5.678605760031964 
-0.796 -5.6487910405109725 
-0.794 -5.6190358425842195 
-0.792 -5.589340168159229 
-0.79 -5.559704019899995 
-0.788 -5.5301274012231625 
-0.786 -5.50061031629417 
-0.784 -5.471152770023417 
-0.782 -5.441754768062424 
-0.78 -5.412416316799992 
-0.778 -5.383137423358363 
-0.776 -5.353918095589369 
-0.774 -5.3247583420706155 
-0.772 -5.295658172101623 
-0.77 -5.266617595699992 
-0.768 -5.2376366235975595 
-0.766 -5.208715267236568 
-0.764 -5.1798535387658164 
-0.762 -5.151051451036821 
-0.76 -5.12230901759999 
-0.758 -5.093626252700758 
-0.756 -5.065003171275768 
-0.754 -5.0364397889490125 
-0.752 -5.007936122028024 
-0.75 -4.9794921874999885 
-0.748 -4.951108003027954 
-0.746 -4.922783586946966 
-0.744 -4.894518958260215 
-0.742 -4.866314136635222 
-0.74 -4.838169142399986 
-0.738 -4.810083996539156 
-0.736 -4.7820587206901655 
-0.734 -4.754093337139411 
-0.732 -4.72618786881842 
-0.73 -4.698342339299988 
-0.728 -4.670556772794355 
-0.726 -4.6428311941453595 
-0.724 -4.615165628826609 
-0.722 -4.587560102937619 
-0.72 -4.560014643199985 
-0.718 -4.532529276953557 
-0.716 -4.505104032152562 
-0.714 -4.477738937361811 
-0.712 -4.450434021752819 
-0.71 -4.423189315099987 
-0.708 -4.396004847776757 
-0.706 -4.368880650751762 
-0.704 -4.341816755585012 
-0.702 -4.314813194424021 
-0.7 -4.2878699999999865 
-0.698 -4.260987205623958 
-0.696 -4.2341648451829625 
-0.694 -4.207402953136213 
-0.692 -4.180701564511217 
-0.69 -4.154060714899987 
-0.688 -4.1274804404551535 
-0.6859999999999999 -4.100960777886166 
-0.6839999999999999 -4.074501764455411 
-0.6819999999999999 -4.0481034379744205 
-0.6799999999999999 -4.021765836799987 
-0.6779999999999999 -3.995488999830357 
-0.6759999999999999 -3.9692729665013657 
-0.6739999999999999 -3.943117776782612 
-0.6719999999999999 -3.917023471173623 
-0.6699999999999999 -3.890990090699988 
-0.6679999999999999 -3.865017676909556 
-0.6659999999999999 -3.839106271868564 
-0.6639999999999999 -3.8132559181578136 
-0.6619999999999999 -3.7874666588688237 
-0.6599999999999999 -3.7617385375999906 
-0.6579999999999999 -3.7360715984527566 
-0.6559999999999999 -3.7104658860277664 
-0.6539999999999999 -3.684921445421014 
-0.6519999999999999 -3.6594383222200237 
-0.6499999999999999 -3.6340165624999936 
-0.648 -3.6086562128199597 
-0.646 -3.5833573202189704 
-0.644 -3.5581199322122172 
-0.642 -3.532944096787226 
-0.64 -3.507829862399994 
-0.638 -3.482777277971163 
-0.636 -3.4577863928821726 
-0.634 -3.4328572569714213 
-0.632 -3.4079899205304263 
-0.63 -3.383184434299994 
-0.628 -3.358440849466364 
-0.626 -3.333759217657374 
-0.624 -3.3091395909386208 
-0.622 -3.284582021809631 
-0.62 -3.2600865631999976 
-0.618 -3.235653268465565 
-0.616 -3.211282191384575 
-0.614 -3.186973386153821 
-0.612 -3.162726907384828 
-0.61 -3.1385428100999992 
-0.608 -3.1144211497287646 
-0.606 -3.090361982103773 
-0.604 -3.0663653634570207 
-0.602 -3.0424313504160305 
-0.6 -3.018559999999998 
-0.598 -2.9947513696159667 
-0.596 -2.9710055170549743 
-0.594 -2.9473225004882235 
-0.592 -2.923702378463234 
-0.59 -2.9001452099000002 
-0.588 -2.876651054087168 
-0.586 -2.8532199706781767 
-0.584 -2.829852019687426 
-0.5820000000000001 -2.8065472614864344 
-0.5800000000000001 -2.783305756800005 
-0.5780000000000001 -2.760127566702373 
-0.5760000000000001 -2.7370127526133814 
-0.5740000000000001 -2.7139613762946277 
-0.5720000000000001 -2.6909734998456343 
-0.5700000000000001 -2.6680491857000015 
-0.5680000000000001 -2.6451884966215737 
-0.5660000000000001 -2.6223914957005827 
-0.5640000000000001 -2.5996582463498292 
-0.562 -2.576988812300835 
-0.56 -2.5543832576000045 
-0.558 -2.5318416466047746 
-0.556 -2.5093640439797817 
-0.554 -2.486950514693032 
-0.552 -2.4646011240120376 
-0.55 -2.4423159375000054 
-0.548 -2.4200950210119747 
-0.546 -2.397938440690985 
-0.544 -2.3758462629642323 
-0.542 -2.3538185545392403 
-0.54 -2.3318553824000094 
-0.538 -2.309956813803175 
-0.536 -2.2881229162741854 
-0.534 -2.2663537576034334 
-0.532 -2.2446494058424418 
-0.53 -2.2230099293000087 
-0.528 -2.201435396538378 
-0.526 -2.179925876369384 
-0.524 -2.1584814378506345 
-0.522 -2.137102150281643 
-0.52 -2.1157880832000093 
-0.518 -2.0945393063775772 
-0.516 -2.0733558898165882 
-0.514 -2.0522379037458336 
-0.512 -2.031185418616841 
-0.51 -2.0101985051000093 
-0.508 -1.9892772340807803 
-0.506 -1.968421676655787 
-0.504 -1.947631904129033 
-0.502 -1.9269079880080413 
-0.5 -1.906250000000013 
-0.498 -1.8856580120079809 
-0.496 -1.865132096126987 
-0.494 -1.8446723246402368 
-0.492 -1.8242787700152439 
-0.49 -1.8039515049000128 
-0.488 -1.783690602119178 
-0.486 -1.7634961346701858 
-0.484 -1.7433681757194348 
-0.482 -1.7233067985984436 
-0.48 -1.7033120768000114 
-0.478 -1.6833840839743814 
-0.476 -1.6635228939253897 
-0.474 -1.6437285806066342 
-0.472 -1.624001218117643 
-0.47 -1.6043408807000124 
-0.46799999999999997 -1.5847476427335807 
-0.46599999999999997 -1.5652215787325883 
-0.46399999999999997 -1.5457627633418374 
-0.46199999999999997 -1.5263712713328426 
-0.45999999999999996 -1.5070471776000114 
-0.45799999999999996 -1.487790557156779 
-0.45599999999999996 -1.4686014851317883 
-0.45399999999999996 -1.449480036765036 
-0.45199999999999996 -1.4304262874040452 
-0.44999999999999996 -1.4114403125000137 
-0.44799999999999995 -1.392522187603978 
-0.44599999999999995 -1.3736719883629889 
-0.44399999999999995 -1.3548897905162358 
-0.44199999999999995 -1.3361756698912437 
-0.43999999999999995 -1.3175297024000108 
-0.43799999999999994 -1.2989519640351816 
-0.43599999999999994 -1.2804425308661884 
-0.43399999999999994 -1.2620014790354361 
-0.43199999999999994 -1.243628884754443 
-0.42999999999999994 -1.2253248243000125 
-0.42799999999999994 -1.2070893740103794 
-0.42599999999999993 -1.1889226102813886 
-0.42399999999999993 -1.1708246095626371 
-0.42200000000000004 -1.152795448353644 
-0.42000000000000004 -1.1348352032000113 
-0.41800000000000004 -1.1169439506895789 
-0.41600000000000004 -1.0991217674485887 
-0.41400000000000003 -1.0813687301378365 
-0.41200000000000003 -1.063684915448844 
-0.41000000000000003 -1.0460704001000116 
-0.40800000000000003 -1.02852526083278 
-0.406 -1.0110495744077876 
-0.404 -0.9936434176010356 
-0.402 -0.976306867200043 
-0.4 -0.959040000000011 
-0.398 -0.941842892799979 
-0.396 -0.9247156223989871 
-0.394 -0.9076582655922347 
-0.392 -0.8906708991672424 
-0.39 -0.8737535999000098 
-0.388 -0.8569064445511786 
-0.386 -0.840129509862186 
-0.384 -0.8234228725514343 
-0.382 -0.8067866093104427 
-0.38 -0.7902207968000109 
-0.378 -0.7737255116463786 
-0.376 -0.7573008304373849 
-0.374 -0.7409468297186338 
-0.372 -0.7246635859896412 
-0.37 -0.7084511757000093 
-0.368 -0.6923096752455773 
-0.366 -0.6762391609645846 
-0.364 -0.660239709133832 
-0.362 -0.6443113959648399 
-0.36 -0.6284542976000087 
-0.358 -0.6126684901087766 
-0.356 -0.5969540494837835 
-0.354 -0.5813110516370312 
-0.352 -0.5657395723960401 
-0.35 -0.5502396875000074 
-0.348 -0.5348114725959762 
-0.346 -0.5194550032349841 
-0.344 -0.5041703548682309 
-0.34199999999999997 -0.4889576028432393 
-0.33999999999999997 -0.47381682240000655 
-0.33799999999999997 -0.45874808866717515 
-0.33599999999999997 -0.4437514766581824 
-0.33399999999999996 -0.42882706126742964 
-0.33199999999999996 -0.41397491726643826 
-0.32999999999999996 -0.39919511930000673 
-0.32799999999999996 -0.38448774188237367 
-0.32599999999999996 -0.3698528593933804 
-0.32399999999999995 -0.3552905460746285 
-0.32199999999999995 -0.3408008760256371 
-0.31999999999999995 -0.3263839232000044 
-0.31799999999999995 -0.3120397614015718 
-0.31599999999999995 -0.29776846428058046 
-0.31399999999999995 -0.28357010532982807 
-0.31199999999999994 -0.26944475788083566 
-0.30999999999999994 -0.25539249510000284 
-0.30799999999999994 -0.24141338998477183 
-0.30599999999999994 -0.22750751535977967 
-0.30399999999999994 -0.2136749438730265 
-0.30199999999999994 -0.1999157479920345 
-0.29999999999999993 -0.18623000000000328 
-0.29799999999999993 -0.1726177719919699 
-0.29600000000000004 -0.15907913587097844 
-0.29400000000000004 -0.14561416334422628 
-0.29200000000000004 -0.13222292591923487 
-0.29000000000000004 -0.1189054949000017 
-0.28800000000000003 -0.1056619413831697 
-0.28600000000000003 -0.09249233625417753 
-0.28400000000000003 -0.07939675018342558 
-0.28200000000000003 -0.06637525362243342 
-0.28 -0.05342791680000191 
-0.278 -0.040554809718368195 
-0.276 -0.027756002149376544 
-0.274 -0.015031563630624514 
-0.272 -0.0023815634616321003 
-0.27 0.010193929299999935 
-0.268 0.022694845842432417 
-0.266 0.035121117603424665 
-0.264 0.047472676274176444 
-0.262 0.05974945380316904 
-0.26 0.07195138240000061 
-0.258 0.08407839453923305 
-0.256 0.09613042296422601 
-0.254 0.10810740069097775 
-0.252 0.12000926101196913 
-0.25 0.13183593750000136 
-0.248 0.14358736401203448 
-0.246 0.15526347469302657 
-0.244 0.16686420397977894 
-0.242 0.17838948660477127 
-0.24 0.18983925760000323 
-0.238 0.2012134523008355 
-0.236 0.2125120063498277 
-0.23399999999999999 0.22373485570057944 
-0.23199999999999998 0.23488193662157242 
-0.22999999999999998 0.2459531857000047 
-0.22799999999999998 0.25694853984563587 
-0.22599999999999998 0.267867936294628 
-0.22399999999999998 0.27871131261338045 
-0.22199999999999998 0.28947860670237213 
-0.21999999999999997 0.30016975680000546 
-0.21799999999999997 0.31078470148643755 
-0.21599999999999997 0.32132337968743 
-0.21399999999999997 0.33178573067818196 
-0.21199999999999997 0.3421716940871727 
-0.20999999999999996 0.352481209900006 
-0.20799999999999996 0.36271421846323804 
-0.20599999999999996 0.3728706604882306 
-0.20399999999999996 0.38295047705498203 
-0.20199999999999996 0.3929536096159745 
-0.19999999999999996 0.402880000000006 
-0.19799999999999995 0.4127295904160383 
-0.19599999999999995 0.4225023234570313 
-0.19399999999999995 0.4321981421037826 
-0.19199999999999995 0.44181698972877553 
-0.18999999999999995 0.4513588101000076 
-0.18799999999999994 0.4608235473848385 
-0.18599999999999994 0.4702111461538309 
-0.18399999999999994 0.47952155138458386 
-0.18199999999999994 0.48875470846557517 
-0.17999999999999994 0.49791056320000804 
-0.17799999999999994 0.5069890618096399 
-0.17599999999999993 0.5159901509386323 
-0.17399999999999993 0.5249137776573842 
-0.17199999999999993 0.533759889466376 
-0.16999999999999993 0.5425284343000083 
-0.16799999999999993 0.5512193605304402 
-0.16600000000000004 0.559832616971432 
-0.16400000000000003 0.5683681528821841 
-0.16200000000000003 0.5768259179711752 
-0.16000000000000003 0.585205862400008 
-0.15800000000000003 0.5935079367872408 
-0.15600000000000003 0.6017320922122326 
-0.15400000000000003 0.6098782802189843 
-0.15200000000000002 0.6179464528199767 
-0.15000000000000002 0.6259365625000083 
-0.14800000000000002 0.6338485622200408 
-0.14600000000000002 0.6416824054210325 
-0.14400000000000002 0.6494380460277843 
-0.14200000000000002 0.6571154384527766 
-0.14 0.6647145376000085 
-0.138 0.6722352988688405 
-0.136 0.6796776781578328 
-0.134 0.6870416318685844 
-0.132 0.694327116909577 
-0.13 0.7015340907000094 
-0.128 0.7086625111736411 
-0.126 0.715712336782633 
-0.124 0.7226835265013852 
-0.122 0.729576039830377 
-0.12 0.736389836800009 
-0.118 0.743124877974441 
-0.11599999999999999 0.7497811244554333 
-0.11399999999999999 0.7563585378861852 
-0.11199999999999999 0.7628570804551771 
-0.10999999999999999 0.7692767149000092 
-0.10799999999999998 0.7756174045112407 
-0.10599999999999998 0.7818791131362327 
-0.10399999999999998 0.7880618051829853 
-0.10199999999999998 0.7941654456239767 
-0.09999999999999998 0.8001900000000096 
-0.09799999999999998 0.8061354344240411 
-0.09599999999999997 0.8120017155850328 
-0.09399999999999997 0.817788810751785 
-0.09199999999999997 0.8234966877767769 
-0.08999999999999997 0.8291253151000089 
-0.08799999999999997 0.8346746617528408 
-0.08599999999999997 0.8401446973618332 
-0.08399999999999996 0.8455353921525848 
-0.08199999999999996 0.8508467169535766 
-0.07999999999999996 0.8560786432000086 
-0.07799999999999996 0.8612311429376407 
-0.07599999999999996 0.8663041888266324 
-0.07399999999999995 0.8712977541453849 
-0.07199999999999995 0.8762118127943771 
-0.06999999999999995 0.8810463393000082 
-0.06799999999999995 0.8858013088184399 
-0.06599999999999995 0.8904766971394328 
-0.06399999999999995 0.8950724806901844 
-0.061999999999999944 0.8995886365391762 
-0.05999999999999994 0.9040251424000083 
-0.05799999999999994 0.9083819766352402 
-0.05599999999999994 0.9126591182602319 
-0.05399999999999994 0.9168565469469839 
-0.051999999999999935 0.9209742430279759 
-0.04999999999999993 0.9250121875000075 
-0.04799999999999993 0.9289703620280395 
-0.04599999999999993 0.9328487489490312 
-0.04399999999999993 0.9366473312757838 
-0.041999999999999926 0.9403660927007752 
-0.040000000000000036 0.9440050176000071 
-0.038000000000000034 0.9475640910368386 
-0.03600000000000003 0.9510432987658307 
-0.03400000000000003 0.9544426272365828 
-0.03200000000000003 0.9577620635975742 
-0.030000000000000027 0.9610015957000063 
-0.028000000000000025 0.9641612121016381 
-0.026000000000000023 0.9672409020706303 
-0.02400000000000002 0.9702406555893817 
-0.02200000000000002 0.9731604633583737 
-0.020000000000000018 0.9760003168000053 
-0.018000000000000016 0.9787602080624374 
-0.016000000000000014 0.9814401300234299 
-0.014000000000000012 0.9840400762941813 
-0.01200000000000001 0.9865600412231739 
-0.010000000000000009 0.9890000199000052 
-0.008000000000000007 0.9913600081592371 
-0.006000000000000005 0.993640002584229 
-0.0040000000000000036 0.9958400005109806 
-0.0020000000000000018 0.9979600000319726 
0.0 1.0000000000000042 
0.0020000000000000018 1.0019600000320361 
0.0040000000000000036 1.003840000513028 
0.006000000000000005 1.00564000259978 
0.008000000000000007 1.0073600082247718 
0.010000000000000009 1.0090000201000042 
0.01200000000000001 1.0105600417208358 
0.014000000000000012 1.0120400773698273 
0.016000000000000014 1.0134401321205797 
0.018000000000000016 1.0147602118415715 
0.020000000000000018 1.0160003232000028 
0.02200000000000002 1.0171604736656348 
0.02400000000000002 1.0182406715146266 
0.026000000000000023 1.0192409258333786 
0.028000000000000025 1.0201612465223708 
0.030000000000000027 1.0210016443000025 
0.03200000000000003 1.021762130706434 
0.03400000000000003 1.0224427181074265 
0.03600000000000003 1.023043419698178 
0.038000000000000034 1.0235642495071697 
0.040000000000000036 1.0240052224000016 
0.04200000000000004 1.0243663540832333 
0.04400000000000004 1.0246476611082254 
0.04600000000000004 1.0248491608749768 
0.04800000000000004 1.0249708716359687 
0.050000000000000044 1.025012812500001 
0.052000000000000046 1.0249750034360323 
0.05400000000000005 1.0248574652770244 
0.05600000000000005 1.0246602197237762 
0.05800000000000005 1.024383289348768 
0.06000000000000005 1.0240266975999999 
0.062000000000000055 1.0235904688048316 
0.06400000000000006 1.0230746281738239 
0.06600000000000006 1.0224792018045756 
0.06800000000000006 1.0218042166855672 
0.07000000000000006 1.0210497006999988 
0.07200000000000006 1.020215682629631 
0.07400000000000007 1.0193021921586234 
0.07600000000000007 1.0183092598773746 
0.07800000000000007 1.0172369172863662 
0.08000000000000007 1.016085196799998 
0.08200000000000007 1.0148541317504303 
0.08400000000000007 1.013543756391422 
0.08600000000000008 1.0121541059021737 
0.08800000000000008 1.010685216391166 
0.09000000000000008 1.0091371248999976 
0.09200000000000008 1.0075098694072293 
0.09400000000000008 1.0058034888322218 
0.09600000000000009 1.0040180230389733 
0.09800000000000009 1.0021535128399652 
0.10000000000000009 1.0002099999999967 
0.10200000000000009 0.9981875272400288 
0.10400000000000009 0.9960861382410211 
0.1060000000000001 0.9939058776477727 
0.1080000000000001 0.9916467910727641 
0.1100000000000001 0.9893089250999968 
0.1120000000000001 0.9868923272888284 
0.1140000000000001 0.9843970461778202 
0.1160000000000001 0.9818231312885721 
0.1180000000000001 0.9791706331295639 
0.1200000000000001 0.9764396031999958 
0.12200000000000011 0.9736300939936279 
0.12400000000000011 0.9707421590026195 
0.1260000000000001 0.9677758527213713 
0.1280000000000001 0.9647312306503631 
0.13000000000000012 0.9616083492999955 
0.13200000000000012 0.9584072661944272 
0.13400000000000012 0.9551280398754187 
0.13600000000000012 0.9517707299061706 
0.13800000000000012 0.9483353968751627 
0.14000000000000012 0.9448221023999943 
0.14200000000000013 0.9412309091312261 
0.14400000000000013 0.9375618807562184 
0.14600000000000013 0.9338150820029703 
0.14800000000000013 0.9299905786439622 
0.15000000000000013 0.9260884374999939 
0.15200000000000014 0.9221087264440262 
0.15399999999999991 0.9180515144050183 
0.15599999999999992 0.91391687137177 
0.15799999999999992 0.9097048683967625 
0.15999999999999992 0.9054155775999938 
0.16199999999999992 0.9010490721728259 
0.16399999999999992 0.8966054263818177 
0.16599999999999993 0.8920847155725702 
0.16799999999999993 0.887487016173562 
0.16999999999999993 0.8828124056999933 
0.17199999999999993 0.878060962757626 
0.17399999999999993 0.8732327670466182 
0.17599999999999993 0.8683278993653702 
0.17799999999999994 0.8633464416143619 
0.17999999999999994 0.8582884767999935 
0.18199999999999994 0.8531540890384256 
0.18399999999999994 0.8479433635594177 
0.18599999999999994 0.8426563867101701 
0.18799999999999994 0.8372932459591615 
0.18999999999999995 0.8318540298999931 
0.19199999999999995 0.8263388282552254 
0.19399999999999995 0.820747731880218 
0.19599999999999995 0.8150808327669692 
0.19799999999999995 0.8093382240479621 
0.19999999999999996 0.8035199999999937 
0.20199999999999996 0.7976262560480257 
0.20399999999999996 0.7916570887690169 
0.20599999999999996 0.7856125958957695 
0.20799999999999996 0.7794928763207617 
0.20999999999999996 0.7732980300999928 
0.21199999999999997 0.7670281584568254 
0.21399999999999997 0.760683363785817 
0.21599999999999997 0.7542637496565693 
0.21799999999999997 0.7477694208175614 
0.21999999999999997 0.7412004831999935 
0.22199999999999998 0.734557043921625 
0.22399999999999998 0.7278392112906175 
0.22599999999999998 0.7210470948093695 
0.22799999999999998 0.7141808051783616 
0.22999999999999998 0.7072404542999935 
0.23199999999999998 0.7002261552824249 
0.23399999999999999 0.6931380224434177 
0.236 0.6859761713141699 
0.238 0.6787407186431611 
0.24 0.6714317823999932 
0.242 0.6640494817792256 
0.244 0.6565939372042174 
0.246 0.6490652703309702 
0.248 0.6414636040519616 
0.25 0.6337890624999939 
0.252 0.6260417710520256 
0.254 0.6182218563330181 
0.256 0.6103294462197699 
0.258 0.6023646698447622 
0.26 0.594327657599994 
0.262 0.5862185411408258 
0.264 0.5780374533898184 
0.266 0.56978452854057 
0.268 0.5614599020615618 
0.27 0.5530637106999946 
0.272 0.5445960924856261 
0.274 0.5360571867346191 
0.276 0.5274471340533713 
0.278 0.5187660763423625 
0.28 0.5100141567999947 
0.28200000000000003 0.5011915199264273 
0.28400000000000003 0.492298311527419 
0.28600000000000003 0.4833346787181714 
0.28800000000000003 0.47430076992716375 
0.29000000000000004 0.4651967348999951 
0.29200000000000004 0.45602272470322736 
0.29400000000000004 0.4467788917282192 
0.29600000000000004 0.4374653896949712 
0.29800000000000004 0.4280823736559636 
0.30000000000000004 0.41862999999999534 
0.30200000000000005 0.4091084264560282 
0.30400000000000005 0.3995178120970205 
0.30600000000000005 0.38985831734377135 
0.30800000000000005 0.3801301039687634 
0.31000000000000005 0.3703333350999965 
0.31200000000000006 0.36046817522482844 
0.31400000000000006 0.3505347901938202 
0.31600000000000006 0.34053334722457235 
0.31800000000000006 0.33046401490556526 
0.32000000000000006 0.3203269631999968 
0.32200000000000006 0.31012236344962907 
0.32400000000000007 0.2998503883786213 
0.32600000000000007 0.2895112120973737 
0.32800000000000007 0.2791050101063653 
0.33000000000000007 0.268631959299997 
0.3320000000000001 0.2580922379704293 
0.3340000000000001 0.247486025811422 
0.3360000000000001 0.23681350392217398 
0.3380000000000001 0.22607485481116543 
0.3400000000000001 0.21527026239999839 
0.3420000000000001 0.20439991202723007 
0.3440000000000001 0.19346399045222246 
0.3460000000000001 0.18246268585897407 
0.3480000000000001 0.17139618785996616 
0.3500000000000001 0.16026468749999925 
0.3520000000000001 0.14906837726003067 
0.3540000000000001 0.1378074510610237 
0.3560000000000001 0.12648210426777592 
0.3580000000000001 0.1150925336927671 
0.3600000000000001 0.10363893759999927 
0.3620000000000001 0.092121515708832 
0.3640000000000001 0.08054046919782411 
0.3660000000000001 0.06889600070857602 
0.3680000000000001 0.057188314349568274 
0.3700000000000001 0.04541761570000056 
0.3720000000000001 0.033584111813632384 
0.3740000000000001 0.021688011222624492 
0.3760000000000001 0.009729523941377705 
0.3780000000000001 -0.0022911385296313868 
0.3800000000000001 -0.014373763199999454 
0.3820000000000001 -0.026518135585567034 
0.3840000000000001 -0.03872403970457461 
0.3860000000000001 -0.05099125807382233 
0.3880000000000001 -0.06331957170483075 
0.3900000000000001 -0.07570876009999805 
0.3920000000000001 -0.08815860124876614 
0.39400000000000013 -0.10066887162377361 
0.39600000000000013 -0.11323934617702175 
0.39800000000000013 -0.1258697983360294 
0.40000000000000013 -0.13855999999999774 
0.40200000000000014 -0.15130972153596559 
0.40400000000000014 -0.16411873177497358 
0.40600000000000014 -0.17698679800822106 
0.4079999999999999 -0.1899136859832284 
0.4099999999999999 -0.20289915989999607 
0.4119999999999999 -0.21594298240716375 
0.4139999999999999 -0.22904491459817208 
0.4159999999999999 -0.2422047160074199 
0.4179999999999999 -0.2554221446064279 
0.41999999999999993 -0.2686969567999947 
0.42199999999999993 -0.28202890742236286 
0.42399999999999993 -0.29541774973337154 
0.42599999999999993 -0.30886323541461874 
0.42799999999999994 -0.3223651145656271 
0.42999999999999994 -0.33592313569999444 
0.43199999999999994 -0.34953704574156297 
0.43399999999999994 -0.36320659002056993 
0.43599999999999994 -0.3769315122698179 
0.43799999999999994 -0.3907115546208268 
0.43999999999999995 -0.40454645759999447 
0.44199999999999995 -0.41843596012476286 
0.44399999999999995 -0.43237979949976957 
0.44599999999999995 -0.44637771141301813 
0.44799999999999995 -0.4604294299320255 
0.44999999999999996 -0.4745346874999944 
0.45199999999999996 -0.488693214931962 
0.45399999999999996 -0.5029047414109687 
0.45599999999999996 -0.517168994484217 
0.45799999999999996 -0.5314857000592256 
0.45999999999999996 -0.5458545823999935 
0.46199999999999997 -0.5602753641231611 
0.46399999999999997 -0.5747477661941698 
0.46599999999999997 -0.5892715079234175 
0.46799999999999997 -0.6038463069624254 
0.47 -0.6184718792999931 
0.472 -0.633147939258361 
0.474 -0.647874199489369 
0.476 -0.6626503709706177 
0.478 -0.6774761630016253 
0.48 -0.6923512831999937 
0.482 -0.7072754374975604 
0.484 -0.7222483301365688 
0.486 -0.7372696636658168 
0.488 -0.7523391389368244 
0.49 -0.767456455099993 
0.492 -0.782621309600761 
0.494 -0.7978333981757691 
0.496 -0.8130924148490167 
0.498 -0.8283980519280256 
0.5 -0.8437499999999921 
0.502 -0.8591479479279606 
0.504 -0.8745915828469687 
0.506 -0.8900805901602177 
0.508 -0.9056146535352253 
0.51 -0.9211934548999925 
0.512 -0.936816674439161 
0.514 -0.9524839905901687 
0.516 -0.9681950800394169 
0.518 -0.9839496177184254 
0.52 -0.999747276799993 
0.522 -1.015587728694362 
0.524 -1.03147064304537 
0.526 -1.047395687726618 
0.528 -1.0633625288376258 
0.53 -1.0793708306999943 
0.532 -1.0954202558535617 
0.534 -1.1115104650525702 
0.536 -1.1276411172618181 
0.538 -1.143811869652826 
0.54 -1.1600223775999936 
0.542 -1.1762722946767616 
0.544 -1.1925612726517698 
0.546 -1.2088889614850182 
0.548 -1.2252550093240262 
0.55 -1.2416590624999944 
0.552 -1.258100765523962 
0.554 -1.2745797610829706 
0.556 -1.2910956900362183 
0.558 -1.3076481914112272 
0.56 -1.324236902399995 
0.562 -1.3408614583551635 
0.5640000000000001 -1.3575214927861712 
0.5660000000000001 -1.3742166373554197 
0.5680000000000001 -1.3909465218744281 
0.5700000000000001 -1.4077107742999952 
0.5720000000000001 -1.4245090207303635 
0.5740000000000001 -1.441340885401372 
0.5760000000000001 -1.4582059906826192 
0.5780000000000001 -1.475103957073628 
0.5800000000000001 -1.492034403199996 
0.5820000000000001 -1.5089969458095644 
0.5840000000000001 -1.5259911997685727 
0.5860000000000001 -1.5430167780578203 
0.5880000000000001 -1.5600732917688287 
0.5900000000000001 -1.577160350099997 
0.5920000000000001 -1.5942775603527652 
0.5940000000000001 -1.611424527927773 
0.5960000000000001 -1.628600856321022 
0.5980000000000001 -1.6458061471200298 
0.6000000000000001 -1.6630399999999985 
0.6020000000000001 -1.6803020127199668 
0.6040000000000001 -1.6975917811189742 
0.6060000000000001 -1.7149088991122228 
0.6080000000000001 -1.7322529586872308 
0.6100000000000001 -1.7496235498999992 
0.6120000000000001 -1.767020260871167 
0.6140000000000001 -1.784442677782175 
0.6160000000000001 -1.8018903848714232 
0.6180000000000001 -1.8193629644304312 
0.6200000000000001 -1.8368599968 
0.6220000000000001 -1.8543810603663682 
0.6240000000000001 -1.8719257315573756 
0.6260000000000001 -1.8894935848386245 
0.6280000000000001 -1.9070841927096327 
0.6300000000000001 -1.9246971257000005 
0.6320000000000001 -1.9423319523655689 
0.6340000000000001 -1.9599882392845767 
0.6360000000000001 -1.9776655510538255 
0.6380000000000001 -1.9953634502848336 
0.6400000000000001 -2.013081497600002 
0.6420000000000001 -2.0308192516287695 
0.6440000000000001 -2.048576269003778 
0.6460000000000001 -2.0663521043570263 
0.6480000000000001 -2.0841463103160356 
0.6500000000000001 -2.101958437500002 
0.6520000000000001 -2.1197880345159708 
0.6540000000000001 -2.137634647954979 
0.6560000000000001 -2.1554978223882273 
0.6580000000000001 -2.173377100363236 
0.6600000000000001 -2.1912720224000033 
0.6620000000000001 -2.209182126987172 
0.6640000000000001 -2.22710695057818 
0.6659999999999999 -2.245046027587426 
0.6679999999999999 -2.2629988903864344 
0.6699999999999999 -2.2809650693000023 
0.6719999999999999 -2.298944092602371 
0.6739999999999999 -2.316935486513379 
0.6759999999999999 -2.3349387751946273 
0.6779999999999999 -2.352953480745635 
0.6799999999999999 -2.370979123200004 
0.6819999999999999 -2.3890152205215713 
0.6839999999999999 -2.407061288600581 
0.6859999999999999 -2.425116841249828 
0.688 -2.4431813902008366 
0.69 -2.4612544451000047 
0.692 -2.4793355135047728 
0.694 -2.4974241008797806 
0.696 -2.515519710593029 
0.698 -2.5336218439120373 
0.7 -2.551730000000005 
0.702 -2.5698436759119736 
0.704 -2.5879623665909817 
0.706 -2.60608556486423 
0.708 -2.624212761439238 
0.71 -2.642343444900006 
0.712 -2.660477101703174 
0.714 -2.6786132161741834 
0.716 -2.6967512705034307 
0.718 -2.714890744742439 
0.72 -2.7330311168000065 
0.722 -2.751171862438375 
0.724 -2.769312455269383 
0.726 -2.7874523667506312 
0.728 -2.80559106618164 
0.73 -2.8237280207000075 
0.732 -2.8418626952775754 
0.734 -2.8599945527165835 
0.736 -2.8781230536458318 
0.738 -2.8962476565168385 
0.74 -2.914367817600008 
0.742 -2.9324829909807755 
0.744 -2.950592628555784 
0.746 -2.9686961800290312 
0.748 -2.9867930929080404 
0.75 -3.0048828125000075 
0.752 -3.0229647819079757 
0.754 -3.0410384420269843 
0.756 -3.0591032315402327 
0.758 -3.0771585869152394 
0.76 -3.0952039424000084 
0.762 -3.113238730019176 
0.764 -3.131262379570184 
0.766 -3.1492743186194323 
0.768 -3.16727397249844 
0.77 -3.1852607643000077 
0.772 -3.2032341148743764 
0.774 -3.2211934428253834 
0.776 -3.2391381645066315 
0.778 -3.2570676940176395 
0.78 -3.274981443200007 
0.782 -3.2928788216335754 
0.784 -3.3107592366325838 
0.786 -3.328622093241831 
0.788 -3.346466794232839 
0.79 -3.364292740100008 
0.792 -3.382099329056775 
0.794 -3.399885957031783 
0.796 -3.4176520176650302 
0.798 -3.4353969023040385 
0.8 -3.4531200000000073 
0.802 -3.4708206975039744 
0.804 -3.4884983792629822 
0.806 -3.5061524274162306 
0.808 -3.523782221791238 
0.81 -3.5413871399000065 
0.812 -3.5589665569351734 
0.8140000000000001 -3.5765198457661813 
0.8160000000000001 -3.5940463769354287 
0.8180000000000001 -3.6115455186544363 
0.8200000000000001 -3.6290166368000047 
0.8220000000000001 -3.646459094910372 
0.8240000000000001 -3.6638722541813804 
0.8260000000000001 -3.681255473462628 
0.8280000000000001 -3.698608109253635 
0.8300000000000001 -3.7159295157000036 
0.8320000000000001 -3.7332190445895717 
0.8340000000000001 -3.7504760453485786 
0.8360000000000001 -3.7676998650378257 
0.8380000000000001 -3.7848898483488345 
0.8400000000000001 -3.802045337600002 
0.8420000000000001 -3.81916567273277 
0.8440000000000001 -3.836250191307777 
0.8460000000000001 -3.853298228501025 
0.8480000000000001 -3.870309117100032 
0.8500000000000001 -3.8872821875 
0.8520000000000001 -3.9042167676999684 
0.8540000000000001 -3.921112183298976 
0.8560000000000001 -3.937967757492224 
0.8580000000000001 -3.9547828110672314 
0.8600000000000001 -3.971556662399999 
0.8620000000000001 -3.988288627451167 
0.8640000000000001 -4.0049780197621745 
0.8660000000000001 -4.021624150451422 
0.8680000000000001 -4.03822632821043 
0.8700000000000001 -4.054783859299997 
0.8720000000000001 -4.071296047546365 
0.8740000000000001 -4.087762194337374 
0.8760000000000001 -4.104181598618621 
0.8780000000000001 -4.120553556889628 
0.8800000000000001 -4.1368773631999955 
0.8820000000000001 -4.153152309145563 
0.8840000000000001 -4.169377683864571 
0.8860000000000001 -4.185552774033818 
0.8880000000000001 -4.201676863864828 
0.8900000000000001 -4.217749235099994 
0.8920000000000001 -4.233769167008762 
0.8940000000000001 -4.249735936383769 
0.8960000000000001 -4.265648817537016 
0.8980000000000001 -4.281507082296024 
0.9000000000000001 -4.2973099999999915 
0.9020000000000001 -4.31305683749596 
0.9040000000000001 -4.328746859134967 
0.9060000000000001 -4.344379326768216 
0.9080000000000001 -4.359953499743223 
0.9100000000000001 -4.375468634899992 
0.9120000000000001 -4.390923986567159 
0.9140000000000001 -4.406318806558167 
0.9160000000000001 -4.4216523441674145 
0.9180000000000001 -4.436923846166422 
0.9199999999999999 -4.452132556799989 
0.9219999999999999 -4.467277717782357 
0.9239999999999999 -4.482358568293366 
0.9259999999999999 -4.497374344974613 
0.9279999999999999 -4.512324281925622 
0.9299999999999999 -4.52720761069999 
0.9319999999999999 -4.542023560301558 
0.9339999999999999 -4.5567713571805655 
0.9359999999999999 -4.571450225229813 
0.938 -4.586059385780823 
0.94 -4.60059805759999 
0.942 -4.615065456884756 
0.944 -4.629460797259765 
0.946 -4.643783289773013 
0.948 -4.658032142892022 
0.95 -4.672206562499991 
0.952 -4.686305751891958 
0.954 -4.700328911770968 
0.956 -4.7142752402442145 
0.958 -4.728143932819222 
0.96 -4.741934182399992 
0.962 -4.755645179283161 
0.964 -4.76927611115417 
0.966 -4.782826163083418 
0.968 -4.796294517522428 
0.97 -4.809680354299997 
0.972 -4.822982850618366 
0.974 -4.836201181049374 
0.976 -4.849334517530623 
0.978 -4.862382029361632 
0.98 -4.8753428832 
0.982 -4.88821624305757 
0.984 -4.90100127029658 
0.986 -4.91369712362583 
0.988 -4.926302959096838 
0.99 -4.938817930100009 
0.992 -4.951241187360779 
0.994 -4.963571878935787 
0.996 -4.975809150209038 
0.998 -4.987952143888047 
