-1.0 -8.999999999999748 
-0.998 -8.964031984048027 
-0.996 -8.928127872767162 
-0.994 -8.89228757188041 
-0.992 -8.856510988255376 
-0.99 -8.820798029900073 
-0.988 -8.785148605959176 
-0.986 -8.749562626710123 
-0.984 -8.71404000355933 
-0.982 -8.678580649038313 
-0.98 -8.643184476799872 
-0.978 -8.607851401614242 
-0.976 -8.572581339365268 
-0.974 -8.53737420704654 
-0.972 -8.502229922757573 
-0.97 -8.467148405699962 
-0.968 -8.432129576173553 
-0.966 -8.397173355572587 
-0.964 -8.36227966638185 
-0.962 -8.327448432172877 
-0.96 -8.292679577600058 
-0.958 -8.257973028396826 
-0.956 -8.223328711371838 
-0.954 -8.188746554405084 
-0.952 -8.154226486444092 
-0.95 -8.119768437500047 
-0.948 -8.085372338644012 
-0.946 -8.051038122003009 
-0.944 -8.01676572075626 
-0.942 -7.982555069131259 
-0.94 -7.948406102400022 
-0.938 -7.914318756875178 
-0.9359999999999999 -7.880292969906187 
-0.9339999999999999 -7.846328679875429 
-0.9319999999999999 -7.812425826194434 
-0.9299999999999999 -7.7785843493 
-0.9279999999999999 -7.744804190650367 
-0.926 -7.711085292721373 
-0.924 -7.677427599002619 
-0.922 -7.64383105399363 
-0.92 -7.610295603199994 
-0.918 -7.576821193129564 
-0.916 -7.5434077712885665 
-0.914 -7.510055286177816 
-0.912 -7.476763687288823 
-0.91 -7.443532925099989 
-0.908 -7.4103629510727504 
-0.906 -7.37725371764776 
-0.904 -7.344205178241004 
-0.902 -7.311217287240008 
-0.9 -7.278289999999972 
-0.898 -7.245423272839935 
-0.896 -7.212617063038941 
-0.894 -7.179871328832187 
-0.892 -7.147186029407188 
-0.89 -7.114561124899953 
-0.888 -7.08199657639112 
-0.886 -7.049492345902124 
-0.884 -7.017048396391369 
-0.882 -6.984664691750377 
-0.88 -6.952341196799942 
-0.878 -6.920077877286315 
-0.876 -6.88787469987732 
-0.874 -6.85573163215857 
-0.872 -6.823648642629582 
-0.87 -6.791625700699955 
-0.868 -6.759662776685527 
-0.866 -6.727759841804539 
-0.864 -6.6959168681737875 
-0.862 -6.664133828804803 
-0.86 -6.6324106975999815 
-0.858 -6.600747449348752 
-0.856 -6.569144059723766 
-0.854 -6.537600505277018 
-0.852 -6.506116763436033 
-0.85 -6.474692812500006 
-0.848 -6.443328631635983 
-0.846 -6.412024200874994 
-0.844 -6.380779501108246 
-0.842 -6.349594514083256 
-0.84 -6.318469222400035 
-0.838 -6.287403609507206 
-0.836 -6.256397659698219 
-0.834 -6.225451358107469 
-0.832 -6.1945646907064775 
-0.83 -6.163737644300052 
-0.828 -6.132970206522418 
-0.826 -6.102262365833431 
-0.8240000000000001 -6.07161411151468 
-0.8220000000000001 -6.041025433665688 
-0.8200000000000001 -6.010496323200054 
-0.8180000000000001 -5.98002677184162 
-0.8160000000000001 -5.949616772120629 
-0.8140000000000001 -5.919266317369873 
-0.812 -5.88897540172088 
-0.81 -5.858744020100047 
-0.808 -5.828572168224812 
-0.806 -5.798459842599819 
-0.804 -5.768407040513062 
-0.802 -5.738413760032068 
-0.8 -5.708480000000031 
-0.798 -5.678605760031994 
-0.796 -5.648791040510999 
-0.794 -5.619035842584244 
-0.792 -5.589340168159249 
-0.79 -5.559704019900017 
-0.788 -5.530127401223179 
-0.786 -5.500610316294184 
-0.784 -5.471152770023427 
-0.782 -5.441754768062436 
-0.78 -5.4124163168 
-0.778 -5.383137423358367 
-0.776 -5.353918095589375 
-0.774 -5.324758342070623 
-0.772 -5.295658172101627 
-0.77 -5.266617595699996 
-0.768 -5.237636623597561 
-0.766 -5.208715267236573 
-0.764 -5.179853538765823 
-0.762 -5.151051451036832 
-0.76 -5.122309017599996 
-0.758 -5.0936262527007665 
-0.756 -5.0650031712757775 
-0.754 -5.036439788949022 
-0.752 -5.007936122028031 
-0.75 -4.979492187499999 
-0.748 -4.951108003027969 
-0.746 -4.922783586946979 
-0.744 -4.894518958260227 
-0.742 -4.866314136635238 
-0.74 -4.838169142399999 
-0.738 -4.8100839965391735 
-0.736 -4.78205872069018 
-0.734 -4.754093337139426 
-0.732 -4.726187868818436 
-0.73 -4.6983423393000034 
-0.728 -4.670556772794373 
-0.726 -4.642831194145377 
-0.724 -4.615165628826623 
-0.722 -4.587560102937633 
-0.72 -4.560014643199995 
-0.718 -4.5325292769535706 
-0.716 -4.505104032152576 
-0.714 -4.477738937361821 
-0.712 -4.450434021752825 
-0.71 -4.423189315099997 
-0.708 -4.396004847776762 
-0.706 -4.368880650751766 
-0.704 -4.341816755585011 
-0.702 -4.314813194424022 
-0.7 -4.287869999999985 
-0.698 -4.260987205623954 
-0.696 -4.234164845182956 
-0.694 -4.207402953136207 
-0.692 -4.180701564511213 
-0.69 -4.154060714899978 
-0.688 -4.127480440455148 
-0.6859999999999999 -4.100960777886159 
-0.6839999999999999 -4.074501764455402 
-0.6819999999999999 -4.048103437974407 
-0.6799999999999999 -4.021765836799975 
-0.6779999999999999 -3.9954889998303442 
-0.6759999999999999 -3.9692729665013524 
-0.6739999999999999 -3.9431177767825987 
-0.6719999999999999 -3.91702347117361 
-0.6699999999999999 -3.8909900906999746 
-0.6679999999999999 -3.8650176769095457 
-0.6659999999999999 -3.8391062718685514 
-0.6639999999999999 -3.813255918157801 
-0.6619999999999999 -3.787466658868813 
-0.6599999999999999 -3.761738537599981 
-0.6579999999999999 -3.7360715984527473 
-0.6559999999999999 -3.7104658860277584 
-0.6539999999999999 -3.6849214454210064 
-0.6519999999999999 -3.6594383222200184 
-0.6499999999999999 -3.634016562499988 
-0.648 -3.608656212819959 
-0.646 -3.58335732021897 
-0.644 -3.558119932212218 
-0.642 -3.5329440967872285 
-0.64 -3.507829862399999 
-0.638 -3.48277727797117 
-0.636 -3.4577863928821806 
-0.634 -3.4328572569714297 
-0.632 -3.407989920530437 
-0.63 -3.3831844343000075 
-0.628 -3.3584408494663784 
-0.626 -3.33375921765739 
-0.624 -3.3091395909386385 
-0.622 -3.2845820218096486 
-0.62 -3.2600865632000167 
-0.618 -3.235653268465586 
-0.616 -3.2112821913845964 
-0.614 -3.1869733861538427 
-0.612 -3.16272690738485 
-0.61 -3.138542810100022 
-0.608 -3.1144211497287877 
-0.606 -3.090361982103795 
-0.604 -3.066365363457042 
-0.602 -3.0424313504160505 
-0.6 -3.01856000000002 
-0.598 -2.9947513696159875 
-0.596 -2.971005517054995 
-0.594 -2.9473225004882404 
-0.592 -2.9237023784632523 
-0.59 -2.9001452099000162 
-0.588 -2.876651054087182 
-0.586 -2.85321997067819 
-0.584 -2.829852019687438 
-0.5820000000000001 -2.806547261486444 
-0.5800000000000001 -2.7833057568000124 
-0.5780000000000001 -2.7601275667023817 
-0.5760000000000001 -2.7370127526133867 
-0.5740000000000001 -2.713961376294633 
-0.5720000000000001 -2.6909734998456374 
-0.5700000000000001 -2.6680491857000037 
-0.5680000000000001 -2.6451884966215733 
-0.5660000000000001 -2.6223914957005787 
-0.5640000000000001 -2.5996582463498257 
-0.562 -2.5769888123008284 
-0.56 -2.5543832575999947 
-0.558 -2.5318416466047635 
-0.556 -2.509364043979771 
-0.554 -2.486950514693018 
-0.552 -2.4646011240120225 
-0.55 -2.4423159374999903 
-0.548 -2.420095021011958 
-0.546 -2.3979384406909663 
-0.544 -2.375846262964213 
-0.542 -2.3538185545392203 
-0.54 -2.331855382399987 
-0.538 -2.309956813803152 
-0.536 -2.2881229162741623 
-0.534 -2.2663537576034107 
-0.532 -2.2446494058424173 
-0.53 -2.223009929299984 
-0.528 -2.2014353965383524 
-0.526 -2.1799258763693596 
-0.524 -2.1584814378506114 
-0.522 -2.1371021502816183 
-0.52 -2.1157880831999845 
-0.518 -2.0945393063775537 
-0.516 -2.0733558898165634 
-0.514 -2.052237903745808 
-0.512 -2.031185418616818 
-0.51 -2.0101985050999858 
-0.508 -1.9892772340807576 
-0.506 -1.9684216766557638 
-0.504 -1.94763190412901 
-0.502 -1.9269079880080202 
-0.5 -1.9062499999999922 
-0.498 -1.88565801200796 
-0.496 -1.8651320961269682 
-0.494 -1.8446723246402177 
-0.492 -1.8242787700152259 
-0.49 -1.8039515048999948 
-0.488 -1.7836906021191592 
-0.486 -1.7634961346701694 
-0.484 -1.7433681757194175 
-0.482 -1.7233067985984272 
-0.48 -1.7033120767999952 
-0.478 -1.6833840839743652 
-0.476 -1.6635228939253743 
-0.474 -1.643728580606619 
-0.472 -1.624001218117627 
-0.47 -1.6043408806999975 
-0.46799999999999997 -1.5847476427335647 
-0.46599999999999997 -1.5652215787325727 
-0.46399999999999997 -1.5457627633418214 
-0.46199999999999997 -1.5263712713328257 
-0.45999999999999996 -1.5070471775999952 
-0.45799999999999996 -1.4877905571567627 
-0.45599999999999996 -1.4686014851317712 
-0.45399999999999996 -1.4494800367650187 
-0.45199999999999996 -1.430426287404027 
-0.44999999999999996 -1.4114403124999952 
-0.44799999999999995 -1.3925221876039593 
-0.44599999999999995 -1.3736719883629698 
-0.44399999999999995 -1.3548897905162167 
-0.44199999999999995 -1.336175669891224 
-0.43999999999999995 -1.3175297023999906 
-0.43799999999999994 -1.298951964035161 
-0.43599999999999994 -1.2804425308661669 
-0.43399999999999994 -1.2620014790354142 
-0.43199999999999994 -1.2436288847544203 
-0.42999999999999994 -1.2253248242999895 
-0.42799999999999994 -1.207089374010356 
-0.42599999999999993 -1.1889226102813648 
-0.42399999999999993 -1.1708246095626134 
-0.42200000000000004 -1.152795448353619 
-0.42000000000000004 -1.1348352031999869 
-0.41800000000000004 -1.1169439506895547 
-0.41600000000000004 -1.0991217674485632 
-0.41400000000000003 -1.081368730137811 
-0.41200000000000003 -1.063684915448819 
-0.41000000000000003 -1.046070400099987 
-0.40800000000000003 -1.0285252608327549 
-0.406 -1.0110495744077628 
-0.404 -0.9936434176010106 
-0.402 -0.9763068672000186 
-0.4 -0.9590399999999867 
-0.398 -0.9418428927999547 
-0.396 -0.9247156223989634 
-0.394 -0.9076582655922121 
-0.392 -0.8906708991672204 
-0.39 -0.8737535998999888 
-0.388 -0.8569064445511572 
-0.386 -0.8401295098621656 
-0.384 -0.8234228725514144 
-0.382 -0.8067866093104241 
-0.38 -0.7902207967999929 
-0.378 -0.7737255116463626 
-0.376 -0.7573008304373692 
-0.374 -0.740946829718619 
-0.372 -0.7246635859896275 
-0.37 -0.7084511756999966 
-0.368 -0.6923096752455653 
-0.366 -0.6762391609645741 
-0.364 -0.6602397091338227 
-0.362 -0.6443113959648317 
-0.36 -0.6284542976000014 
-0.358 -0.6126684901087704 
-0.356 -0.5969540494837788 
-0.354 -0.5813110516370272 
-0.352 -0.5657395723960376 
-0.35 -0.5502396875000054 
-0.348 -0.5348114725959761 
-0.346 -0.519455003234984 
-0.344 -0.5041703548682324 
-0.34199999999999997 -0.48895760284324125 
-0.33999999999999997 -0.4738168224000097 
-0.33799999999999997 -0.4587480886671788 
-0.33599999999999997 -0.4437514766581872 
-0.33399999999999996 -0.42882706126743525 
-0.33199999999999996 -0.41397491726644464 
-0.32999999999999996 -0.3991951193000131 
-0.32799999999999996 -0.38448774188238116 
-0.32599999999999996 -0.3698528593933884 
-0.32399999999999995 -0.3552905460746368 
-0.32199999999999995 -0.3408008760256461 
-0.31999999999999995 -0.3263839232000135 
-0.31799999999999995 -0.3120397614015817 
-0.31599999999999995 -0.2977684642805902 
-0.31399999999999995 -0.2835701053298382 
-0.31199999999999994 -0.269444757880846 
-0.30999999999999994 -0.25539249510001377 
-0.30799999999999994 -0.2414133899847825 
-0.30599999999999994 -0.227507515359791 
-0.30399999999999994 -0.2136749438730379 
-0.30199999999999994 -0.199915747992046 
-0.29999999999999993 -0.18623000000001436 
-0.29799999999999993 -0.17261777199198158 
-0.29600000000000004 -0.15907913587099012 
-0.29400000000000004 -0.14561416334423802 
-0.29200000000000004 -0.1322229259192461 
-0.29000000000000004 -0.11890549490001344 
-0.28800000000000003 -0.10566194138318141 
-0.28600000000000003 -0.0924923362541893 
-0.28400000000000003 -0.07939675018343735 
-0.28200000000000003 -0.0663752536224452 
-0.28 -0.05342791680001324 
-0.278 -0.04055480971837956 
-0.276 -0.027756002149388424 
-0.274 -0.015031563630635987 
-0.272 -0.002381563461643663 
-0.27 0.010193929299988273 
-0.268 0.022694845842420635 
-0.266 0.03512111760341275 
-0.264 0.047472676274164315 
-0.262 0.05974945380315672 
-0.26 0.07195138239998809 
-0.258 0.08407839453922025 
-0.256 0.0961304229642125 
-0.254 0.10810740069096393 
-0.252 0.12000926101195547 
-0.25 0.13183593749998737 
-0.248 0.14358736401201966 
-0.246 0.15526347469301138 
-0.244 0.16686420397976387 
-0.242 0.1783894866047557 
-0.24 0.1898392575999874 
-0.238 0.20121345230081905 
-0.236 0.21251200634981082 
-0.23399999999999999 0.22373485570056176 
-0.23199999999999998 0.23488193662155418 
-0.22999999999999998 0.24595318569998606 
-0.22799999999999998 0.2569485398456172 
-0.22599999999999998 0.26786793629460903 
-0.22399999999999998 0.2787113126133609 
-0.22199999999999998 0.2894786067023522 
-0.21999999999999997 0.30016975679998475 
-0.21799999999999997 0.3107847014864166 
-0.21599999999999997 0.321323379687409 
-0.21399999999999997 0.3317857306781606 
-0.21199999999999997 0.34217169408715126 
-0.20999999999999996 0.3524812098999841 
-0.20799999999999996 0.3627142184632157 
-0.20599999999999996 0.37287066048820844 
-0.20399999999999996 0.3829504770549597 
-0.20199999999999996 0.3929536096159523 
-0.19999999999999996 0.40287999999998336 
-0.19799999999999995 0.41272959041601615 
-0.19599999999999995 0.4225023234570089 
-0.19399999999999995 0.4321981421037606 
-0.19199999999999995 0.44181698972875366 
-0.18999999999999995 0.4513588100999858 
-0.18799999999999994 0.4608235473848176 
-0.18599999999999994 0.4702111461538103 
-0.18399999999999994 0.47952155138456387 
-0.18199999999999994 0.48875470846555574 
-0.17999999999999994 0.49791056319998855 
-0.17799999999999994 0.5069890618096212 
-0.17599999999999993 0.5159901509386148 
-0.17399999999999993 0.5249137776573667 
-0.17199999999999993 0.53375988946636 
-0.16999999999999993 0.5425284342999932 
-0.16799999999999993 0.5512193605304261 
-0.16600000000000004 0.5598326169714185 
-0.16400000000000003 0.5683681528821714 
-0.16200000000000003 0.5768259179711639 
-0.16000000000000003 0.5852058623999978 
-0.15800000000000003 0.5935079367872318 
-0.15600000000000003 0.6017320922122236 
-0.15400000000000003 0.6098782802189769 
-0.15200000000000002 0.6179464528199712 
-0.15000000000000002 0.6259365625000037 
-0.14800000000000002 0.6338485622200374 
-0.14600000000000002 0.64168240542103 
-0.14400000000000002 0.6494380460277832 
-0.14200000000000002 0.6571154384527764 
-0.14 0.6647145376000095 
-0.138 0.6722352988688427 
-0.136 0.6796776781578359 
-0.134 0.6870416318685885 
-0.132 0.6943271169095817 
-0.13 0.7015340907000149 
-0.128 0.7086625111736485 
-0.126 0.7157123367826405 
-0.124 0.7226835265013933 
-0.122 0.7295760398303862 
-0.12 0.7363898368000182 
-0.118 0.7431248779744516 
-0.11599999999999999 0.7497811244554442 
-0.11399999999999999 0.7563585378861966 
-0.11199999999999999 0.7628570804551886 
-0.10999999999999999 0.7692767149000209 
-0.10799999999999998 0.775617404511253 
-0.10599999999999998 0.7818791131362453 
-0.10399999999999998 0.7880618051829976 
-0.10199999999999998 0.7941654456239894 
-0.09999999999999998 0.8001900000000222 
-0.09799999999999998 0.8061354344240541 
-0.09599999999999997 0.8120017155850445 
-0.09399999999999997 0.8177888107517965 
-0.09199999999999997 0.823496687776788 
-0.08999999999999997 0.8291253151000193 
-0.08799999999999997 0.8346746617528504 
-0.08599999999999997 0.8401446973618429 
-0.08399999999999996 0.8455353921525938 
-0.08199999999999996 0.8508467169535853 
-0.07999999999999996 0.8560786432000163 
-0.07799999999999996 0.8612311429376478 
-0.07599999999999996 0.8663041888266386 
-0.07399999999999995 0.8712977541453895 
-0.07199999999999995 0.8762118127943811 
-0.06999999999999995 0.8810463393000117 
-0.06799999999999995 0.8858013088184421 
-0.06599999999999995 0.8904766971394341 
-0.06399999999999995 0.8950724806901847 
-0.061999999999999944 0.8995886365391756 
-0.05999999999999994 0.9040251424000066 
-0.05799999999999994 0.9083819766352377 
-0.05599999999999994 0.9126591182602285 
-0.05399999999999994 0.9168565469469794 
-0.051999999999999935 0.92097424302797 
-0.04999999999999993 0.925012187500001 
-0.04799999999999993 0.9289703620280321 
-0.04599999999999993 0.9328487489490226 
-0.04399999999999993 0.936647331275774 
-0.041999999999999926 0.9403660927007657 
-0.040000000000000036 0.944005017599996 
-0.038000000000000034 0.9475640910368276 
-0.03600000000000003 0.9510432987658192 
-0.03400000000000003 0.9544426272365703 
-0.03200000000000003 0.9577620635975613 
-0.030000000000000027 0.9610015956999932 
-0.028000000000000025 0.9641612121016245 
-0.026000000000000023 0.9672409020706164 
-0.02400000000000002 0.9702406555893677 
-0.02200000000000002 0.9731604633583598 
-0.020000000000000018 0.9760003167999919 
-0.018000000000000016 0.9787602080624236 
-0.016000000000000014 0.9814401300234163 
-0.014000000000000012 0.9840400762941677 
-0.01200000000000001 0.9865600412231605 
-0.010000000000000009 0.9890000198999928 
-0.008000000000000007 0.9913600081592251 
-0.006000000000000005 0.9936400025842175 
-0.0040000000000000036 0.9958400005109698 
-0.0020000000000000018 0.9979600000319623 
0.0 0.9999999999999947 
0.0020000000000000018 1.0019600000320275 
0.0040000000000000036 1.0038400005130204 
0.006000000000000005 1.0056400025997738 
0.008000000000000007 1.0073600082247653 
0.010000000000000009 1.0090000200999991 
0.01200000000000001 1.0105600417208318 
0.014000000000000012 1.0120400773698253 
0.016000000000000014 1.013440132120579 
0.018000000000000016 1.0147602118415704 
0.020000000000000018 1.0160003232000032 
0.02200000000000002 1.017160473665637 
0.02400000000000002 1.0182406715146308 
0.026000000000000023 1.0192409258333828 
0.028000000000000025 1.0201612465223764 
0.030000000000000027 1.0210016443000087 
0.03200000000000003 1.021762130706442 
0.03400000000000003 1.0224427181074351 
0.03600000000000003 1.0230434196981875 
0.038000000000000034 1.0235642495071813 
0.040000000000000036 1.0240052224000133 
0.04200000000000004 1.0243663540832473 
0.04400000000000004 1.02464766110824 
0.04600000000000004 1.0248491608749926 
0.04800000000000004 1.0249708716359847 
0.050000000000000044 1.0250128125000177 
0.052000000000000046 1.0249750034360496 
0.05400000000000005 1.0248574652770421 
0.05600000000000005 1.0246602197237962 
0.05800000000000005 1.0243832893487883 
0.06000000000000005 1.02402669760002 
0.062000000000000055 1.0235904688048525 
0.06400000000000006 1.0230746281738452 
0.06600000000000006 1.022479201804597 
0.06800000000000006 1.0218042166855887 
0.07000000000000006 1.0210497007000208 
0.07200000000000006 1.0202156826296527 
0.07400000000000007 1.019302192158645 
0.07600000000000007 1.0183092598773962 
0.07800000000000007 1.0172369172863867 
0.08000000000000007 1.0160851968000186 
0.08200000000000007 1.0148541317504496 
0.08400000000000007 1.0135437563914411 
0.08600000000000008 1.0121541059021921 
0.08800000000000008 1.010685216391184 
0.09000000000000008 1.009137124900015 
0.09200000000000008 1.0075098694072464 
0.09400000000000008 1.0058034888322374 
0.09600000000000009 1.0040180230389877 
0.09800000000000009 1.002153512839979 
0.10000000000000009 1.0002100000000105 
0.10200000000000009 0.9981875272400409 
0.10400000000000009 0.9960861382410326 
0.1060000000000001 0.9939058776477827 
0.1080000000000001 0.9916467910727734 
0.1100000000000001 0.9893089251000049 
0.1120000000000001 0.9868923272888355 
0.1140000000000001 0.9843970461778261 
0.1160000000000001 0.9818231312885766 
0.1180000000000001 0.9791706331295675 
0.1200000000000001 0.9764396031999986 
0.12200000000000011 0.9736300939936299 
0.12400000000000011 0.97074215900262 
0.1260000000000001 0.9677758527213708 
0.1280000000000001 0.9647312306503625 
0.13000000000000012 0.9616083492999932 
0.13200000000000012 0.9584072661944244 
0.13400000000000012 0.9551280398754152 
0.13600000000000012 0.9517707299061656 
0.13800000000000012 0.9483353968751571 
0.14000000000000012 0.9448221023999888 
0.14200000000000013 0.9412309091312194 
0.14400000000000013 0.9375618807562109 
0.14600000000000013 0.9338150820029617 
0.14800000000000013 0.9299905786439536 
0.15000000000000013 0.926088437499985 
0.15200000000000014 0.9221087264440166 
0.15399999999999991 0.9180515144050087 
0.15599999999999992 0.9139168713717601 
0.15799999999999992 0.9097048683967525 
0.15999999999999992 0.9054155775999837 
0.16199999999999992 0.9010490721728156 
0.16399999999999992 0.8966054263818074 
0.16599999999999993 0.8920847155725596 
0.16799999999999993 0.8874870161735514 
0.16999999999999993 0.8828124056999839 
0.17199999999999993 0.8780609627576167 
0.17399999999999993 0.8732327670466087 
0.17599999999999993 0.8683278993653608 
0.17799999999999994 0.8633464416143534 
0.17999999999999994 0.8582884767999854 
0.18199999999999994 0.8531540890384183 
0.18399999999999994 0.8479433635594106 
0.18599999999999994 0.8426563867101634 
0.18799999999999994 0.8372932459591556 
0.18999999999999995 0.8318540298999875 
0.19199999999999995 0.8263388282552199 
0.19399999999999995 0.8207477318802134 
0.19599999999999995 0.8150808327669653 
0.19799999999999995 0.8093382240479584 
0.19999999999999996 0.803519999999991 
0.20199999999999996 0.7976262560480234 
0.20399999999999996 0.7916570887690159 
0.20599999999999996 0.7856125958957685 
0.20799999999999996 0.779492876320761 
0.20999999999999996 0.7732980300999933 
0.21199999999999997 0.7670281584568261 
0.21399999999999997 0.7606833637858186 
0.21599999999999997 0.7542637496565712 
0.21799999999999997 0.7477694208175634 
0.21999999999999997 0.741200483199996 
0.22199999999999998 0.7345570439216285 
0.22399999999999998 0.7278392112906209 
0.22599999999999998 0.721047094809373 
0.22799999999999998 0.7141808051783654 
0.22999999999999998 0.7072404542999976 
0.23199999999999998 0.7002261552824294 
0.23399999999999999 0.6931380224434222 
0.236 0.6859761713141742 
0.238 0.6787407186431663 
0.24 0.671431782399998 
0.242 0.6640494817792308 
0.244 0.6565939372042223 
0.246 0.6490652703309745 
0.248 0.641463604051967 
0.25 0.6337890624999988 
0.252 0.6260417710520302 
0.254 0.6182218563330227 
0.256 0.6103294462197737 
0.258 0.6023646698447659 
0.26 0.5943276575999983 
0.262 0.5862185411408292 
0.264 0.5780374533898217 
0.266 0.569784528540573 
0.268 0.5614599020615649 
0.27 0.5530637106999975 
0.272 0.5445960924856286 
0.274 0.5360571867346209 
0.276 0.5274471340533728 
0.278 0.5187660763423646 
0.28 0.5100141567999966 
0.28200000000000003 0.5011915199264283 
0.28400000000000003 0.4922983115274204 
0.28600000000000003 0.4833346787181728 
0.28800000000000003 0.47430076992716474 
0.29000000000000004 0.46519673489999563 
0.29200000000000004 0.45602272470322824 
0.29400000000000004 0.4467788917282199 
0.29600000000000004 0.4374653896949716 
0.29800000000000004 0.4280823736559641 
0.30000000000000004 0.4186299999999958 
0.30200000000000005 0.40910842645602874 
0.30400000000000005 0.3995178120970208 
0.30600000000000005 0.3898583173437726 
0.30800000000000005 0.38013010396876434 
0.31000000000000005 0.3703333350999975 
0.31200000000000006 0.3604681752248298 
0.31400000000000006 0.3505347901938219 
0.31600000000000006 0.3405333472245743 
0.31800000000000006 0.33046401490556715 
0.32000000000000006 0.3203269631999992 
0.32200000000000006 0.31012236344963134 
0.32400000000000007 0.299850388378624 
0.32600000000000007 0.28951121209737674 
0.32800000000000007 0.2791050101063685 
0.33000000000000007 0.26863195930000044 
0.3320000000000001 0.2580922379704333 
0.3340000000000001 0.24748602581142584 
0.3360000000000001 0.23681350392217804 
0.3380000000000001 0.22607485481116976 
0.3400000000000001 0.2152702624000034 
0.3420000000000001 0.2043999120272353 
0.3440000000000001 0.19346399045222795 
0.3460000000000001 0.18246268585897968 
0.3480000000000001 0.17139618785997196 
0.3500000000000001 0.16026468750000467 
0.3520000000000001 0.14906837726003622 
0.3540000000000001 0.13780745106102976 
0.3560000000000001 0.1264821042677821 
0.3580000000000001 0.11509253369277325 
0.3600000000000001 0.1036389376000049 
0.3620000000000001 0.09212151570883799 
0.3640000000000001 0.08054046919782991 
0.3660000000000001 0.06889600070858165 
0.3680000000000001 0.05718831434957323 
0.3700000000000001 0.045417615700005694 
0.3720000000000001 0.03358411181363719 
0.3740000000000001 0.02168801122262891 
0.3760000000000001 0.009729523941381336 
0.3780000000000001 -0.0022911385296277603 
0.3800000000000001 -0.014373763199996293 
0.3820000000000001 -0.026518135585564446 
0.3840000000000001 -0.038724039704572596 
0.3860000000000001 -0.05099125807382091 
0.3880000000000001 -0.06331957170482998 
0.3900000000000001 -0.07570876009999794 
0.3920000000000001 -0.08815860124876661 
0.39400000000000013 -0.10066887162377487 
0.39600000000000013 -0.1132393461770237 
0.39800000000000013 -0.12586979833603223 
0.40000000000000013 -0.13856000000000113 
0.40200000000000014 -0.15130972153596975 
0.40400000000000014 -0.1641187317749786 
0.40600000000000014 -0.1769867980082273 
0.4079999999999999 -0.18991368598323488 
0.4099999999999999 -0.20289915990000323 
0.4119999999999999 -0.2159429824071717 
0.4139999999999999 -0.22904491459818066 
0.4159999999999999 -0.24220471600742924 
0.4179999999999999 -0.2554221446064383 
0.41999999999999993 -0.2686969568000053 
0.42199999999999993 -0.28202890742237396 
0.42399999999999993 -0.29541774973338253 
0.42599999999999993 -0.30886323541463145 
0.42799999999999994 -0.32236511456563965 
0.42999999999999994 -0.3359231357000077 
0.43199999999999994 -0.349537045741576 
0.43399999999999994 -0.36320659002058364 
0.43599999999999994 -0.3769315122698314 
0.43799999999999994 -0.3907115546208405 
0.43999999999999995 -0.40454645760000824 
0.44199999999999995 -0.41843596012477635 
0.44399999999999995 -0.4323797994997826 
0.44599999999999995 -0.4463777114130316 
0.44799999999999995 -0.4604294299320385 
0.44999999999999996 -0.47453468750000716 
0.45199999999999996 -0.48869321493197454 
0.45399999999999996 -0.5029047414109806 
0.45599999999999996 -0.5171689944842288 
0.45799999999999996 -0.5314857000592367 
0.45999999999999996 -0.5458545824000045 
0.46199999999999997 -0.560275364123171 
0.46399999999999997 -0.5747477661941797 
0.46599999999999997 -0.5892715079234253 
0.46799999999999997 -0.6038463069624334 
0.47 -0.6184718792999995 
0.472 -0.6331479392583673 
0.474 -0.6478741994893739 
0.476 -0.6626503709706221 
0.478 -0.6774761630016292 
0.48 -0.6923512831999957 
0.482 -0.7072754374975617 
0.484 -0.7222483301365694 
0.486 -0.7372696636658164 
0.488 -0.7523391389368228 
0.49 -0.767456455099991 
0.492 -0.7826213096007578 
0.494 -0.797833398175766 
0.496 -0.8130924148490122 
0.498 -0.8283980519280205 
0.5 -0.8437499999999862 
0.502 -0.8591479479279548 
0.504 -0.8745915828469618 
0.506 -0.8900805901602103 
0.508 -0.9056146535352174 
0.51 -0.9211934548999844 
0.512 -0.9368166744391522 
0.514 -0.9524839905901598 
0.516 -0.9681950800394077 
0.518 -0.9839496177184162 
0.52 -0.9997472767999838 
0.522 -1.0155877286943518 
0.524 -1.0314706430453606 
0.526 -1.0473956877266086 
0.528 -1.0633625288376172 
0.53 -1.0793708306999859 
0.532 -1.0954202558535537 
0.534 -1.1115104650525622 
0.536 -1.1276411172618104 
0.538 -1.1438118696528183 
0.54 -1.1600223775999865 
0.542 -1.1762722946767556 
0.544 -1.192561272651764 
0.546 -1.2088889614850133 
0.548 -1.2252550093240213 
0.55 -1.241659062499991 
0.552 -1.2581007655239582 
0.554 -1.2745797610829679 
0.556 -1.2910956900362174 
0.558 -1.3076481914112261 
0.56 -1.3242369023999945 
0.562 -1.3408614583551632 
0.5640000000000001 -1.357521492786171 
0.5660000000000001 -1.37421663735542 
0.5680000000000001 -1.3909465218744286 
0.5700000000000001 -1.4077107742999966 
0.5720000000000001 -1.424509020730365 
0.5740000000000001 -1.4413408854013738 
0.5760000000000001 -1.458205990682622 
0.5780000000000001 -1.4751039570736308 
0.5800000000000001 -1.492034403199999 
0.5820000000000001 -1.5089969458095671 
0.5840000000000001 -1.5259911997685753 
0.5860000000000001 -1.543016778057823 
0.5880000000000001 -1.5600732917688311 
0.5900000000000001 -1.5771603500999993 
0.5920000000000001 -1.5942775603527681 
0.5940000000000001 -1.6114245279277764 
0.5960000000000001 -1.6286008563210246 
0.5980000000000001 -1.645806147120031 
0.6000000000000001 -1.6630399999999996 
0.6020000000000001 -1.6803020127199668 
0.6040000000000001 -1.6975917811189754 
0.6060000000000001 -1.7149088991122237 
0.6080000000000001 -1.7322529586872322 
0.6100000000000001 -1.7496235499 
0.6120000000000001 -1.7670202608711676 
0.6140000000000001 -1.7844426777821751 
0.6160000000000001 -1.8018903848714232 
0.6180000000000001 -1.819362964430431 
0.6200000000000001 -1.8368599967999997 
0.6220000000000001 -1.854381060366369 
0.6240000000000001 -1.8719257315573756 
0.6260000000000001 -1.889493584838624 
0.6280000000000001 -1.9070841927096316 
0.6300000000000001 -1.9246971257000012 
0.6320000000000001 -1.9423319523655695 
0.6340000000000001 -1.9599882392845789 
0.6360000000000001 -1.977665551053827 
0.6380000000000001 -1.9953634502848365 
0.6400000000000001 -2.0130814976000053 
0.6420000000000001 -2.0308192516287717 
0.6440000000000001 -2.0485762690037808 
0.6460000000000001 -2.0663521043570308 
0.6480000000000001 -2.0841463103160405 
0.6500000000000001 -2.101958437500008 
0.6520000000000001 -2.119788034515978 
0.6540000000000001 -2.137634647954988 
0.6560000000000001 -2.155497822388237 
0.6580000000000001 -2.173377100363247 
0.6600000000000001 -2.191272022400015 
0.6620000000000001 -2.209182126987185 
0.6640000000000001 -2.2271069505781944 
0.6659999999999999 -2.24504602758744 
0.6679999999999999 -2.262998890386451 
0.6699999999999999 -2.2809650693000187 
0.6719999999999999 -2.2989440926023876 
0.6739999999999999 -2.3169354865133958 
0.6759999999999999 -2.3349387751946433 
0.6779999999999999 -2.352953480745654 
0.6799999999999999 -2.3709791232000224 
0.6819999999999999 -2.38901522052159 
0.6839999999999999 -2.4070612886006 
0.6859999999999999 -2.4251168412498445 
0.688 -2.4431813902008535 
0.69 -2.46125444510002 
0.692 -2.479335513504788 
0.694 -2.497424100879794 
0.696 -2.515519710593041 
0.698 -2.533621843912048 
0.7 -2.551730000000016 
0.702 -2.5698436759119807 
0.704 -2.587962366590986 
0.706 -2.606085564864233 
0.708 -2.6242127614392388 
0.71 -2.6423434449000034 
0.712 -2.6604771017031688 
0.714 -2.6786132161741727 
0.716 -2.6967512705034182 
0.718 -2.7148907447424233 
0.72 -2.7330311167999866 
0.722 -2.751171862438353 
0.724 -2.769312455269357 
0.726 -2.787452366750603 
0.728 -2.805591066181609 
0.73 -2.8237280206999746 
0.732 -2.8418626952775394 
0.734 -2.859994552716543 
0.736 -2.8781230536457905 
0.738 -2.8962476565167963 
0.74 -2.914367817599962 
0.742 -2.9324829909807275 
0.744 -2.950592628555735 
0.746 -2.96869618002898 
0.748 -2.986793092907989 
0.75 -3.0048828124999565 
0.752 -3.022964781907924 
0.754 -3.0410384420269336 
0.756 -3.0591032315401834 
0.758 -3.0771585869151927 
0.76 -3.095203942399963 
0.762 -3.1132387300191344 
0.764 -3.131262379570144 
0.766 -3.1492743186193946 
0.768 -3.167273972498407 
0.77 -3.185260764299979 
0.772 -3.20323411487435 
0.774 -3.221193442825364 
0.776 -3.2391381645066164 
0.778 -3.2570676940176284 
0.78 -3.274981443200002 
0.782 -3.292878821633575 
0.784 -3.3107592366325878 
0.786 -3.328622093241841 
0.788 -3.3464667942328545 
0.79 -3.364292740100027 
0.792 -3.3820993290568007 
0.794 -3.3998859570318127 
0.796 -3.417652017665064 
0.798 -3.4353969023040767 
0.8 -3.453120000000047 
0.802 -3.470820697504019 
0.804 -3.4884983792630297 
0.806 -3.506152427416278 
0.808 -3.523782221791288 
0.81 -3.541387139900055 
0.812 -3.5589665569352222 
0.8140000000000001 -3.576519845766229 
0.8160000000000001 -3.5940463769354736 
0.8180000000000001 -3.6115455186544794 
0.8200000000000001 -3.6290166368000447 
0.8220000000000001 -3.6464590949104094 
0.8240000000000001 -3.6638722541814137 
0.8260000000000001 -3.6812554734626564 
0.8280000000000001 -3.6986081092536574 
0.8300000000000001 -3.715929515700019 
0.8320000000000001 -3.73321904458958 
0.8340000000000001 -3.7504760453485826 
0.8360000000000001 -3.767699865037823 
0.8380000000000001 -3.7848898483488225 
0.8400000000000001 -3.8020453375999845 
0.8420000000000001 -3.8191656727327477 
0.8440000000000001 -3.836250191307747 
0.8460000000000001 -3.853298228500989 
0.8480000000000001 -3.8703091170999917 
0.8500000000000001 -3.8872821874999532 
0.8520000000000001 -3.9042167676999187 
0.8540000000000001 -3.921112183298922 
0.8560000000000001 -3.9379677574921654 
0.8580000000000001 -3.9547828110671706 
0.8600000000000001 -3.9715566623999377 
0.8620000000000001 -3.988288627451106 
0.8640000000000001 -4.004978019762116 
0.8660000000000001 -4.021624150451366 
0.8680000000000001 -4.038226328210373 
0.8700000000000001 -4.054783859299948 
0.8720000000000001 -4.071296047546317 
0.8740000000000001 -4.087762194337333 
0.8760000000000001 -4.104181598618586 
0.8780000000000001 -4.120553556889602 
0.8800000000000001 -4.136877363199975 
0.8820000000000001 -4.153152309145556 
0.8840000000000001 -4.169377683864569 
0.8860000000000001 -4.185552774033823 
0.8880000000000001 -4.201676863864841 
0.8900000000000001 -4.217749235100017 
0.8920000000000001 -4.233769167008792 
0.8940000000000001 -4.249735936383807 
0.8960000000000001 -4.265648817537062 
0.8980000000000001 -4.281507082296074 
0.9000000000000001 -4.297310000000046 
0.9020000000000001 -4.313056837496015 
0.9040000000000001 -4.328746859135026 
0.9060000000000001 -4.344379326768273 
0.9080000000000001 -4.359953499743277 
0.9100000000000001 -4.375468634900044 
0.9120000000000001 -4.390923986567207 
0.9140000000000001 -4.406318806558212 
0.9160000000000001 -4.421652344167451 
0.9180000000000001 -4.436923846166454 
0.9199999999999999 -4.452132556800015 
0.9219999999999999 -4.467277717782379 
0.9239999999999999 -4.482358568293376 
0.9259999999999999 -4.497374344974618 
0.9279999999999999 -4.512324281925619 
0.9299999999999999 -4.527207610699983 
0.9319999999999999 -4.542023560301544 
0.9339999999999999 -4.55677135718055 
0.9359999999999999 -4.571450225229796 
0.938 -4.586059385780806 
0.94 -4.600598057599978 
0.942 -4.615065456884747 
0.944 -4.629460797259761 
0.946 -4.643783289773014 
0.948 -4.658032142892029 
0.95 -4.672206562500006 
0.952 -4.686305751891984 
0.954 -4.700328911771002 
0.956 -4.714275240244259 
0.958 -4.728143932819268 
0.96 -4.741934182400039 
0.962 -4.755645179283207 
0.964 -4.769276111154213 
0.966 -4.782826163083452 
0.968 -4.796294517522449 
0.97 -4.8096803543000055 
0.972 -4.8229828506183585 
0.974 -4.836201181049348 
0.976 -4.8493345175305835 
0.978 -4.86238202936158 
0.98 -4.875342883199941 
0.982 -4.888216243057511 
0.984 -4.901001270296526 
0.986 -4.913697123625796 
0.988 -4.926302959096836 
0.99 -4.938817930100042 
0.992 -4.95124118736085 
0.994 -4.963571878935884 
0.996 -4.975809150209127 
0.998 -4.987952143888058 
