-1.0 -8.999999999999988 
-0.998 -8.964031984047962 
-0.996 -8.92812787276697 
-0.994 -8.892287571880217 
-0.992 -8.856510988255225 
-0.99 -8.820798029899997 
-0.988 -8.785148605959165 
-0.986 -8.749562626710174 
-0.984 -8.714040003559425 
-0.982 -8.678580649038432 
-0.98 -8.643184476800002 
-0.978 -8.60785140161437 
-0.976 -8.57258133936538 
-0.974 -8.537374207046629 
-0.972 -8.502229922757634 
-0.97 -8.467148405700003 
-0.968 -8.432129576173566 
-0.966 -8.397173355572578 
-0.964 -8.362279666381822 
-0.962 -8.32744843217283 
-0.96 -8.292679577599998 
-0.958 -8.257973028396767 
-0.956 -8.223328711371778 
-0.954 -8.188746554405025 
-0.952 -8.154226486444037 
-0.95 -8.1197684375 
-0.948 -8.085372338643968 
-0.946 -8.051038122002977 
-0.944 -8.016765720756226 
-0.942 -7.982555069131232 
-0.94 -7.948406102400002 
-0.938 -7.9143187568751685 
-0.9359999999999999 -7.880292969906177 
-0.9339999999999999 -7.846328679875426 
-0.9319999999999999 -7.812425826194435 
-0.9299999999999999 -7.778584349300003 
-0.9279999999999999 -7.744804190650369 
-0.926 -7.711085292721379 
-0.924 -7.677427599002627 
-0.922 -7.643831053993638 
-0.92 -7.610295603200004 
-0.918 -7.576821193129577 
-0.916 -7.543407771288583 
-0.914 -7.51005528617783 
-0.912 -7.476763687288839 
-0.91 -7.443532925100007 
-0.908 -7.4103629510727735 
-0.906 -7.377253717647783 
-0.904 -7.34420517824103 
-0.902 -7.311217287240039 
-0.9 -7.278290000000006 
-0.898 -7.2454232728399734 
-0.896 -7.212617063038981 
-0.894 -7.179871328832232 
-0.892 -7.147186029407237 
-0.89 -7.114561124900009 
-0.888 -7.081996576391175 
-0.886 -7.049492345902182 
-0.884 -7.01704839639143 
-0.882 -6.984664691750439 
-0.88 -6.952341196800006 
-0.878 -6.920077877286375 
-0.876 -6.887874699877382 
-0.874 -6.855731632158626 
-0.872 -6.823648642629635 
-0.87 -6.791625700700003 
-0.868 -6.759662776685573 
-0.866 -6.7277598418045805 
-0.864 -6.6959168681738275 
-0.862 -6.664133828804835 
-0.86 -6.6324106976000055 
-0.858 -6.600747449348772 
-0.856 -6.5691440597237785 
-0.854 -6.537600505277027 
-0.852 -6.506116763436033 
-0.85 -6.474692812500001 
-0.848 -6.443328631635969 
-0.846 -6.412024200874978 
-0.844 -6.380779501108224 
-0.842 -6.349594514083229 
-0.84 -6.318469222399999 
-0.838 -6.287403609507166 
-0.836 -6.256397659698175 
-0.834 -6.225451358107421 
-0.832 -6.194564690706428 
-0.83 -6.163737644299995 
-0.828 -6.132970206522362 
-0.826 -6.102262365833373 
-0.8240000000000001 -6.071614111514623 
-0.8220000000000001 -6.041025433665629 
-0.8200000000000001 -6.010496323199997 
-0.8180000000000001 -5.9800267718415645 
-0.8160000000000001 -5.9496167721205735 
-0.8140000000000001 -5.919266317369819 
-0.812 -5.8889754017208285 
-0.81 -5.858744020099997 
-0.808 -5.828572168224762 
-0.806 -5.7984598425997715 
-0.804 -5.7684070405130194 
-0.802 -5.73841376003203 
-0.8 -5.7084799999999944 
-0.798 -5.678605760031961 
-0.796 -5.64879104051097 
-0.794 -5.619035842584218 
-0.792 -5.589340168159226 
-0.79 -5.559704019899993 
-0.788 -5.530127401223162 
-0.786 -5.500610316294169 
-0.784 -5.471152770023414 
-0.782 -5.441754768062425 
-0.78 -5.41241631679999 
-0.778 -5.383137423358361 
-0.776 -5.353918095589367 
-0.774 -5.324758342070616 
-0.772 -5.295658172101622 
-0.77 -5.266617595699993 
-0.768 -5.237636623597558 
-0.766 -5.2087152672365695 
-0.764 -5.179853538765819 
-0.762 -5.151051451036824 
-0.76 -5.122309017599992 
-0.758 -5.093626252700759 
-0.756 -5.065003171275769 
-0.754 -5.036439788949013 
-0.752 -5.007936122028027 
-0.75 -4.979492187499993 
-0.748 -4.95110800302796 
-0.746 -4.92278358694697 
-0.744 -4.894518958260219 
-0.742 -4.866314136635228 
-0.74 -4.838169142399994 
-0.738 -4.810083996539164 
-0.736 -4.782058720690171 
-0.734 -4.754093337139418 
-0.732 -4.726187868818427 
-0.73 -4.698342339299996 
-0.728 -4.670556772794365 
-0.726 -4.64283119414537 
-0.724 -4.6151656288266185 
-0.722 -4.587560102937629 
-0.72 -4.5600146431999935 
-0.718 -4.532529276953566 
-0.716 -4.505104032152572 
-0.714 -4.477738937361823 
-0.712 -4.450434021752831 
-0.71 -4.423189315100001 
-0.708 -4.396004847776768 
-0.706 -4.368880650751775 
-0.704 -4.3418167555850244 
-0.702 -4.314813194424035 
-0.7 -4.28787 
-0.698 -4.26098720562397 
-0.696 -4.234164845182976 
-0.694 -4.207402953136224 
-0.692 -4.180701564511229 
-0.69 -4.154060714899998 
-0.688 -4.127480440455166 
-0.6859999999999999 -4.100960777886179 
-0.6839999999999999 -4.074501764455424 
-0.6819999999999999 -4.048103437974435 
-0.6799999999999999 -4.021765836800001 
-0.6779999999999999 -3.995488999830369 
-0.6759999999999999 -3.969272966501379 
-0.6739999999999999 -3.9431177767826253 
-0.6719999999999999 -3.917023471173635 
-0.6699999999999999 -3.8909900907 
-0.6679999999999999 -3.8650176769095697 
-0.6659999999999999 -3.8391062718685776 
-0.6639999999999999 -3.8132559181578265 
-0.6619999999999999 -3.7874666588688357 
-0.6599999999999999 -3.7617385376000034 
-0.6579999999999999 -3.7360715984527695 
-0.6559999999999999 -3.710465886027777 
-0.6539999999999999 -3.6849214454210264 
-0.6519999999999999 -3.6594383222200357 
-0.6499999999999999 -3.6340165625000047 
-0.648 -3.608656212819972 
-0.646 -3.583357320218981 
-0.644 -3.5581199322122288 
-0.642 -3.532944096787237 
-0.64 -3.5078298624000053 
-0.638 -3.4827772779711736 
-0.636 -3.4577863928821833 
-0.634 -3.4328572569714306 
-0.632 -3.4079899205304365 
-0.63 -3.383184434300005 
-0.628 -3.358440849466373 
-0.626 -3.3337592176573834 
-0.624 -3.3091395909386283 
-0.622 -3.284582021809639 
-0.62 -3.2600865632000056 
-0.618 -3.2356532684655748 
-0.616 -3.211282191384584 
-0.614 -3.1869733861538276 
-0.612 -3.1627269073848367 
-0.61 -3.1385428101000072 
-0.608 -3.1144211497287717 
-0.606 -3.0903619821037793 
-0.604 -3.066365363457028 
-0.602 -3.0424313504160354 
-0.6 -3.018560000000004 
-0.598 -2.9947513696159724 
-0.596 -2.9710055170549796 
-0.594 -2.9473225004882275 
-0.592 -2.923702378463238 
-0.59 -2.9001452099000034 
-0.588 -2.87665105408717 
-0.586 -2.853219970678179 
-0.584 -2.8298520196874284 
-0.5820000000000001 -2.8065472614864357 
-0.5800000000000001 -2.783305756800006 
-0.5780000000000001 -2.760127566702375 
-0.5760000000000001 -2.7370127526133814 
-0.5740000000000001 -2.713961376294628 
-0.5720000000000001 -2.6909734998456347 
-0.5700000000000001 -2.668049185700002 
-0.5680000000000001 -2.645188496621574 
-0.5660000000000001 -2.6223914957005814 
-0.5640000000000001 -2.5996582463498297 
-0.562 -2.5769888123008347 
-0.56 -2.5543832576000027 
-0.558 -2.531841646604772 
-0.556 -2.5093640439797786 
-0.554 -2.4869505146930284 
-0.552 -2.4646011240120336 
-0.55 -2.4423159375000028 
-0.548 -2.4200950210119707 
-0.546 -2.39793844069098 
-0.544 -2.3758462629642274 
-0.542 -2.353818554539236 
-0.54 -2.3318553824000032 
-0.538 -2.30995681380317 
-0.536 -2.288122916274181 
-0.534 -2.2663537576034285 
-0.532 -2.244649405842435 
-0.53 -2.223009929300002 
-0.528 -2.201435396538371 
-0.526 -2.1799258763693756 
-0.524 -2.1584814378506274 
-0.522 -2.1371021502816356 
-0.52 -2.1157880832000027 
-0.518 -2.0945393063775684 
-0.516 -2.07335588981658 
-0.514 -2.052237903745824 
-0.512 -2.031185418616832 
-0.51 -2.0101985051000004 
-0.508 -1.9892772340807714 
-0.506 -1.968421676655777 
-0.504 -1.947631904129023 
-0.502 -1.9269079880080318 
-0.5 -1.906250000000003 
-0.498 -1.8856580120079707 
-0.496 -1.8651320961269773 
-0.494 -1.8446723246402268 
-0.492 -1.824278770015234 
-0.49 -1.8039515049000021 
-0.488 -1.7836906021191672 
-0.486 -1.763496134670176 
-0.484 -1.7433681757194233 
-0.482 -1.7233067985984334 
-0.48 -1.7033120768000005 
-0.478 -1.6833840839743701 
-0.476 -1.663522893925378 
-0.474 -1.6437285806066229 
-0.472 -1.6240012181176315 
-0.47 -1.6043408807000017 
-0.46799999999999997 -1.5847476427335692 
-0.46599999999999997 -1.565221578732577 
-0.46399999999999997 -1.5457627633418252 
-0.46199999999999997 -1.5263712713328301 
-0.45999999999999996 -1.5070471775999994 
-0.45799999999999996 -1.4877905571567671 
-0.45599999999999996 -1.4686014851317768 
-0.45399999999999996 -1.4494800367650245 
-0.45199999999999996 -1.4304262874040334 
-0.44999999999999996 -1.411440312500002 
-0.44799999999999995 -1.3925221876039666 
-0.44599999999999995 -1.3736719883629769 
-0.44399999999999995 -1.354889790516224 
-0.44199999999999995 -1.3361756698912315 
-0.43999999999999995 -1.3175297023999992 
-0.43799999999999994 -1.29895196403517 
-0.43599999999999994 -1.2804425308661769 
-0.43399999999999994 -1.2620014790354241 
-0.43199999999999994 -1.2436288847544317 
-0.42999999999999994 -1.2253248243000006 
-0.42799999999999994 -1.2070893740103679 
-0.42599999999999993 -1.1889226102813768 
-0.42399999999999993 -1.1708246095626254 
-0.42200000000000004 -1.1527954483536322 
-0.42000000000000004 -1.1348352032000002 
-0.41800000000000004 -1.1169439506895675 
-0.41600000000000004 -1.0991217674485767 
-0.41400000000000003 -1.0813687301378245 
-0.41200000000000003 -1.0636849154488326 
-0.41000000000000003 -1.0460704001000005 
-0.40800000000000003 -1.028525260832769 
-0.406 -1.0110495744077765 
-0.404 -0.9936434176010243 
-0.402 -0.9763068672000319 
-0.4 -0.9590399999999997 
-0.398 -0.9418428927999678 
-0.396 -0.924715622398976 
-0.394 -0.907658265592224 
-0.392 -0.8906708991672316 
-0.39 -0.8737535998999996 
-0.388 -0.8569064445511678 
-0.386 -0.8401295098621756 
-0.384 -0.8234228725514238 
-0.382 -0.8067866093104323 
-0.38 -0.7902207968000006 
-0.378 -0.7737255116463686 
-0.376 -0.757300830437375 
-0.374 -0.7409468297186244 
-0.372 -0.7246635859896322 
-0.37 -0.7084511756999994 
-0.368 -0.6923096752455676 
-0.366 -0.6762391609645749 
-0.364 -0.6602397091338228 
-0.362 -0.6443113959648306 
-0.36 -0.6284542976000002 
-0.358 -0.6126684901087677 
-0.356 -0.596954049483775 
-0.354 -0.5813110516370227 
-0.352 -0.565739572396031 
-0.35 -0.5502396874999985 
-0.348 -0.5348114725959675 
-0.346 -0.5194550032349757 
-0.344 -0.5041703548682228 
-0.34199999999999997 -0.4889576028432313 
-0.33999999999999997 -0.4738168223999988 
-0.33799999999999997 -0.4587480886671674 
-0.33599999999999997 -0.44375147665817477 
-0.33399999999999996 -0.4288270612674222 
-0.33199999999999996 -0.41397491726643104 
-0.32999999999999996 -0.3991951192999997 
-0.32799999999999996 -0.38448774188236673 
-0.32599999999999996 -0.3698528593933737 
-0.32399999999999995 -0.35529054607462196 
-0.32199999999999995 -0.34080087602563086 
-0.31999999999999995 -0.3263839231999982 
-0.31799999999999995 -0.3120397614015657 
-0.31599999999999995 -0.2977684642805747 
-0.31399999999999995 -0.2835701053298219 
-0.31199999999999994 -0.26944475788083017 
-0.30999999999999994 -0.2553924950999975 
-0.30799999999999994 -0.24141338998476666 
-0.30599999999999994 -0.2275075153597748 
-0.30399999999999994 -0.21367494387302174 
-0.30199999999999994 -0.19991574799202994 
-0.29999999999999993 -0.18622999999999845 
-0.29799999999999993 -0.17261777199196568 
-0.29600000000000004 -0.15907913587097444 
-0.29400000000000004 -0.1456141633442225 
-0.29200000000000004 -0.13222292591923127 
-0.29000000000000004 -0.11890549489999828 
-0.28800000000000003 -0.1056619413831665 
-0.28600000000000003 -0.09249233625417458 
-0.28400000000000003 -0.07939675018342278 
-0.28200000000000003 -0.06637525362243081 
-0.28 -0.05342791679999906 
-0.278 -0.040554809718366 
-0.276 -0.027756002149374518 
-0.274 -0.015031563630622715 
-0.272 -0.002381563461630496 
-0.27 0.010193929300001339 
-0.268 0.022694845842434072 
-0.266 0.03512111760342611 
-0.264 0.04747267627417766 
-0.262 0.059749453803170066 
-0.26 0.07195138240000144 
-0.258 0.08407839453923323 
-0.256 0.096130422964226 
-0.254 0.1081074006909775 
-0.252 0.12000926101196914 
-0.25 0.13183593750000114 
-0.248 0.14358736401203367 
-0.246 0.1552634746930255 
-0.244 0.1668642039797777 
-0.242 0.17838948660477028 
-0.24 0.18983925760000167 
-0.238 0.20121345230083415 
-0.236 0.2125120063498257 
-0.23399999999999999 0.22373485570057725 
-0.23199999999999998 0.2348819366215701 
-0.22999999999999998 0.24595318570000219 
-0.22799999999999998 0.25694853984563304 
-0.22599999999999998 0.2678679362946256 
-0.22399999999999998 0.2787113126133777 
-0.22199999999999998 0.28947860670236913 
-0.21999999999999997 0.300169756800002 
-0.21799999999999997 0.3107847014864339 
-0.21599999999999997 0.3213233796874266 
-0.21399999999999997 0.33178573067817785 
-0.21199999999999997 0.3421716940871688 
-0.20999999999999996 0.35248120990000137 
-0.20799999999999996 0.3627142184632335 
-0.20599999999999996 0.37287066048822626 
-0.20399999999999996 0.38295047705497764 
-0.20199999999999996 0.39295360961596953 
-0.19999999999999996 0.40288000000000085 
-0.19799999999999995 0.41272959041603285 
-0.19599999999999995 0.42250232345702593 
-0.19399999999999995 0.43219814210377705 
-0.19199999999999995 0.4418169897287698 
-0.18999999999999995 0.4513588101000016 
-0.18799999999999994 0.4608235473848329 
-0.18599999999999994 0.4702111461538251 
-0.18399999999999994 0.4795215513845774 
-0.18199999999999994 0.48875470846556923 
-0.17999999999999994 0.4979105632000013 
-0.17799999999999994 0.5069890618096332 
-0.17599999999999993 0.5159901509386257 
-0.17399999999999993 0.5249137776573772 
-0.17199999999999993 0.533759889466369 
-0.16999999999999993 0.5425284343000017 
-0.16799999999999993 0.5512193605304332 
-0.16600000000000004 0.5598326169714247 
-0.16400000000000003 0.5683681528821768 
-0.16200000000000003 0.5768259179711684 
-0.16000000000000003 0.5852058624000008 
-0.15800000000000003 0.5935079367872333 
-0.15600000000000003 0.6017320922122247 
-0.15400000000000003 0.6098782802189767 
-0.15200000000000002 0.6179464528199694 
-0.15000000000000002 0.625936562500001 
-0.14800000000000002 0.6338485622200333 
-0.14600000000000002 0.6416824054210252 
-0.14400000000000002 0.6494380460277769 
-0.14200000000000002 0.6571154384527688 
-0.14 0.6647145376000011 
-0.138 0.672235298868833 
-0.136 0.6796776781578252 
-0.134 0.6870416318685768 
-0.132 0.6943271169095697 
-0.13 0.7015340907000012 
-0.128 0.7086625111736335 
-0.126 0.7157123367826249 
-0.124 0.7226835265013769 
-0.122 0.7295760398303692 
-0.12 0.736389836800001 
-0.118 0.7431248779744333 
-0.11599999999999999 0.7497811244554259 
-0.11399999999999999 0.7563585378861771 
-0.11199999999999999 0.7628570804551699 
-0.10999999999999999 0.7692767149000018 
-0.10799999999999998 0.7756174045112334 
-0.10599999999999998 0.7818791131362254 
-0.10399999999999998 0.7880618051829774 
-0.10199999999999998 0.7941654456239694 
-0.09999999999999998 0.8001900000000023 
-0.09799999999999998 0.8061354344240341 
-0.09599999999999997 0.8120017155850254 
-0.09399999999999997 0.8177888107517777 
-0.09199999999999997 0.8234966877767697 
-0.08999999999999997 0.8291253151000016 
-0.08799999999999997 0.8346746617528338 
-0.08599999999999997 0.8401446973618264 
-0.08399999999999996 0.8455353921525782 
-0.08199999999999996 0.8508467169535702 
-0.07999999999999996 0.8560786432000024 
-0.07799999999999996 0.8612311429376349 
-0.07599999999999996 0.8663041888266261 
-0.07399999999999995 0.8712977541453786 
-0.07199999999999995 0.876211812794371 
-0.06999999999999995 0.8810463393000024 
-0.06799999999999995 0.8858013088184343 
-0.06599999999999995 0.8904766971394272 
-0.06399999999999995 0.8950724806901791 
-0.061999999999999944 0.899588636539171 
-0.05999999999999994 0.904025142400003 
-0.05799999999999994 0.9083819766352351 
-0.05599999999999994 0.9126591182602274 
-0.05399999999999994 0.9168565469469792 
-0.051999999999999935 0.9209742430279715 
-0.04999999999999993 0.9250121875000032 
-0.04799999999999993 0.9289703620280352 
-0.04599999999999993 0.932848748949027 
-0.04399999999999993 0.9366473312757793 
-0.041999999999999926 0.9403660927007714 
-0.040000000000000036 0.9440050176000032 
-0.038000000000000034 0.9475640910368353 
-0.03600000000000003 0.9510432987658273 
-0.03400000000000003 0.9544426272365796 
-0.03200000000000003 0.9577620635975711 
-0.030000000000000027 0.9610015957000034 
-0.028000000000000025 0.9641612121016354 
-0.026000000000000023 0.9672409020706275 
-0.02400000000000002 0.9702406555893794 
-0.02200000000000002 0.9731604633583716 
-0.020000000000000018 0.9760003168000032 
-0.018000000000000016 0.9787602080624352 
-0.016000000000000014 0.981440130023428 
-0.014000000000000012 0.9840400762941792 
-0.01200000000000001 0.9865600412231721 
-0.010000000000000009 0.9890000199000035 
-0.008000000000000007 0.9913600081592358 
-0.006000000000000005 0.9936400025842278 
-0.0040000000000000036 0.9958400005109795 
-0.0020000000000000018 0.9979600000319716 
0.0 1.0000000000000038 
0.0020000000000000018 1.0019600000320354 
0.0040000000000000036 1.0038400005130277 
0.006000000000000005 1.0056400025997794 
0.008000000000000007 1.0073600082247716 
0.010000000000000009 1.0090000201000042 
0.01200000000000001 1.010560041720836 
0.014000000000000012 1.0120400773698275 
0.016000000000000014 1.01344013212058 
0.018000000000000016 1.0147602118415713 
0.020000000000000018 1.016000323200003 
0.02200000000000002 1.017160473665635 
0.02400000000000002 1.0182406715146268 
0.026000000000000023 1.019240925833379 
0.028000000000000025 1.0201612465223715 
0.030000000000000027 1.0210016443000034 
0.03200000000000003 1.0217621307064346 
0.03400000000000003 1.0224427181074274 
0.03600000000000003 1.0230434196981792 
0.038000000000000034 1.0235642495071713 
0.040000000000000036 1.0240052224000031 
0.04200000000000004 1.0243663540832357 
0.04400000000000004 1.0246476611082267 
0.04600000000000004 1.0248491608749788 
0.04800000000000004 1.0249708716359702 
0.050000000000000044 1.0250128125000026 
0.052000000000000046 1.024975003436035 
0.05400000000000005 1.0248574652770261 
0.05600000000000005 1.0246602197237784 
0.05800000000000005 1.02438328934877 
0.06000000000000005 1.0240266976000023 
0.062000000000000055 1.0235904688048336 
0.06400000000000006 1.0230746281738257 
0.06600000000000006 1.0224792018045779 
0.06800000000000006 1.0218042166855694 
0.07000000000000006 1.0210497007000012 
0.07200000000000006 1.020215682629633 
0.07400000000000007 1.0193021921586256 
0.07600000000000007 1.0183092598773775 
0.07800000000000007 1.0172369172863691 
0.08000000000000007 1.016085196800001 
0.08200000000000007 1.0148541317504323 
0.08400000000000007 1.0135437563914242 
0.08600000000000008 1.0121541059021761 
0.08800000000000008 1.0106852163911677 
0.09000000000000008 1.0091371248999998 
0.09200000000000008 1.0075098694072318 
0.09400000000000008 1.0058034888322236 
0.09600000000000009 1.004018023038975 
0.09800000000000009 1.0021535128399675 
0.10000000000000009 1.0002099999999996 
0.10200000000000009 0.9981875272400311 
0.10400000000000009 0.9960861382410232 
0.1060000000000001 0.9939058776477745 
0.1080000000000001 0.9916467910727663 
0.1100000000000001 0.9893089250999987 
0.1120000000000001 0.9868923272888301 
0.1140000000000001 0.9843970461778222 
0.1160000000000001 0.9818231312885742 
0.1180000000000001 0.9791706331295655 
0.1200000000000001 0.9764396031999977 
0.12200000000000011 0.9736300939936298 
0.12400000000000011 0.9707421590026212 
0.1260000000000001 0.967775852721373 
0.1280000000000001 0.9647312306503655 
0.13000000000000012 0.9616083492999971 
0.13200000000000012 0.958407266194429 
0.13400000000000012 0.9551280398754204 
0.13600000000000012 0.9517707299061722 
0.13800000000000012 0.9483353968751644 
0.14000000000000012 0.9448221023999963 
0.14200000000000013 0.9412309091312279 
0.14400000000000013 0.93756188075622 
0.14600000000000013 0.9338150820029719 
0.14800000000000013 0.929990578643964 
0.15000000000000013 0.9260884374999951 
0.15200000000000014 0.9221087264440271 
0.15399999999999991 0.9180515144050192 
0.15599999999999992 0.9139168713717716 
0.15799999999999992 0.9097048683967636 
0.15999999999999992 0.9054155775999949 
0.16199999999999992 0.9010490721728268 
0.16399999999999992 0.8966054263818188 
0.16599999999999993 0.8920847155725709 
0.16799999999999993 0.8874870161735626 
0.16999999999999993 0.8828124056999944 
0.17199999999999993 0.8780609627576266 
0.17399999999999993 0.8732327670466188 
0.17599999999999993 0.8683278993653707 
0.17799999999999994 0.8633464416143626 
0.17999999999999994 0.8582884767999946 
0.18199999999999994 0.8531540890384267 
0.18399999999999994 0.8479433635594184 
0.18599999999999994 0.8426563867101704 
0.18799999999999994 0.8372932459591623 
0.18999999999999995 0.8318540298999939 
0.19199999999999995 0.8263388282552256 
0.19399999999999995 0.8207477318802185 
0.19599999999999995 0.8150808327669695 
0.19799999999999995 0.8093382240479625 
0.19999999999999996 0.803519999999994 
0.20199999999999996 0.7976262560480261 
0.20399999999999996 0.7916570887690179 
0.20599999999999996 0.7856125958957703 
0.20799999999999996 0.7794928763207623 
0.20999999999999996 0.7732980300999938 
0.21199999999999997 0.7670281584568264 
0.21399999999999997 0.7606833637858179 
0.21599999999999997 0.7542637496565705 
0.21799999999999997 0.7477694208175618 
0.21999999999999997 0.7412004831999942 
0.22199999999999998 0.7345570439216261 
0.22399999999999998 0.7278392112906186 
0.22599999999999998 0.7210470948093705 
0.22799999999999998 0.7141808051783625 
0.22999999999999998 0.7072404542999943 
0.23199999999999998 0.7002261552824263 
0.23399999999999999 0.6931380224434187 
0.236 0.6859761713141708 
0.238 0.6787407186431627 
0.24 0.6714317823999946 
0.242 0.664049481779227 
0.244 0.6565939372042188 
0.246 0.6490652703309717 
0.248 0.6414636040519633 
0.25 0.6337890624999954 
0.252 0.6260417710520275 
0.254 0.61822185633302 
0.256 0.6103294462197714 
0.258 0.6023646698447639 
0.26 0.594327657599996 
0.262 0.5862185411408278 
0.264 0.5780374533898203 
0.266 0.5697845285405725 
0.268 0.5614599020615643 
0.27 0.5530637106999969 
0.272 0.5445960924856283 
0.274 0.5360571867346213 
0.276 0.5274471340533732 
0.278 0.518766076342365 
0.28 0.5100141567999972 
0.28200000000000003 0.5011915199264295 
0.28400000000000003 0.4922983115274216 
0.28600000000000003 0.48333467871817415 
0.28800000000000003 0.4743007699271664 
0.29000000000000004 0.4651967348999975 
0.29200000000000004 0.4560227247032302 
0.29400000000000004 0.44677889172822216 
0.29600000000000004 0.4374653896949742 
0.29800000000000004 0.4280823736559662 
0.30000000000000004 0.4186299999999985 
0.30200000000000005 0.4091084264560314 
0.30400000000000005 0.3995178120970236 
0.30600000000000005 0.3898583173437746 
0.30800000000000005 0.3801301039687667 
0.31000000000000005 0.3703333350999998 
0.31200000000000006 0.36046817522483154 
0.31400000000000006 0.35053479019382355 
0.31600000000000006 0.3405333472245756 
0.31800000000000006 0.33046401490556854 
0.32000000000000006 0.3203269632000002 
0.32200000000000006 0.3101223634496325 
0.32400000000000007 0.29985038837862477 
0.32600000000000007 0.2895112120973772 
0.32800000000000007 0.2791050101063688 
0.33000000000000007 0.2686319593000004 
0.3320000000000001 0.25809223797043274 
0.3340000000000001 0.24748602581142545 
0.3360000000000001 0.2368135039221774 
0.3380000000000001 0.22607485481116885 
0.3400000000000001 0.21527026240000174 
0.3420000000000001 0.20439991202723337 
0.3440000000000001 0.19346399045222581 
0.3460000000000001 0.18246268585897732 
0.3480000000000001 0.17139618785996943 
0.3500000000000001 0.16026468750000242 
0.3520000000000001 0.14906837726003377 
0.3540000000000001 0.13780745106102632 
0.3560000000000001 0.12648210426777842 
0.3580000000000001 0.11509253369276959 
0.3600000000000001 0.10363893760000165 
0.3620000000000001 0.0921215157088343 
0.3640000000000001 0.08054046919782629 
0.3660000000000001 0.06889600070857813 
0.3680000000000001 0.05718831434957027 
0.3700000000000001 0.04541761570000248 
0.3720000000000001 0.0335841118136342 
0.3740000000000001 0.02168801122262615 
0.3760000000000001 0.00972952394137926 
0.3780000000000001 -0.002291138529629906 
0.3800000000000001 -0.014373763199998096 
0.3820000000000001 -0.026518135585565848 
0.3840000000000001 -0.038724039704573554 
0.3860000000000001 -0.05099125807382147 
0.3880000000000001 -0.06331957170482996 
0.3900000000000001 -0.0757087600999975 
0.3920000000000001 -0.08815860124876564 
0.39400000000000013 -0.10066887162377329 
0.39600000000000013 -0.11323934617702157 
0.39800000000000013 -0.12586979833602896 
0.40000000000000013 -0.138559999999998 
0.40200000000000014 -0.15130972153596547 
0.40400000000000014 -0.1641187317749741 
0.40600000000000014 -0.17698679800822176 
0.4079999999999999 -0.1899136859832293 
0.4099999999999999 -0.20289915989999713 
0.4119999999999999 -0.215942982407165 
0.4139999999999999 -0.2290449145981731 
0.4159999999999999 -0.24220471600742155 
0.4179999999999999 -0.25542214460642976 
0.41999999999999993 -0.26869695679999683 
0.42199999999999993 -0.28202890742236514 
0.42399999999999993 -0.2954177497333736 
0.42599999999999993 -0.3088632354146214 
0.42799999999999994 -0.32236511456562994 
0.42999999999999994 -0.3359231356999975 
0.43199999999999994 -0.349537045741566 
0.43399999999999994 -0.36320659002057337 
0.43599999999999994 -0.3769315122698211 
0.43799999999999994 -0.3907115546208304 
0.43999999999999995 -0.40454645759999847 
0.44199999999999995 -0.4184359601247669 
0.44399999999999995 -0.4323797994997735 
0.44599999999999995 -0.4463777114130227 
0.44799999999999995 -0.4604294299320298 
0.44999999999999996 -0.4745346874999987 
0.45199999999999996 -0.48869321493196655 
0.45399999999999996 -0.5029047414109739 
0.45599999999999996 -0.5171689944842217 
0.45799999999999996 -0.5314857000592303 
0.45999999999999996 -0.5458545823999995 
0.46199999999999997 -0.5602753641231668 
0.46399999999999997 -0.5747477661941759 
0.46599999999999997 -0.5892715079234234 
0.46799999999999997 -0.6038463069624314 
0.47 -0.618471879299999 
0.472 -0.6331479392583675 
0.474 -0.6478741994893755 
0.476 -0.6626503709706247 
0.478 -0.6774761630016316 
0.48 -0.6923512832000002 
0.482 -0.7072754374975673 
0.484 -0.7222483301365759 
0.486 -0.7372696636658234 
0.488 -0.7523391389368312 
0.49 -0.7674564550999998 
0.492 -0.7826213096007679 
0.494 -0.7978333981757764 
0.496 -0.8130924148490235 
0.498 -0.828398051928033 
0.5 -0.8437499999999994 
0.502 -0.8591479479279676 
0.504 -0.8745915828469751 
0.506 -0.8900805901602248 
0.508 -0.9056146535352321 
0.51 -0.921193454899999 
0.512 -0.9368166744391668 
0.514 -0.9524839905901755 
0.516 -0.968195080039423 
0.518 -0.9839496177184317 
0.52 -0.9997472767999989 
0.522 -1.0155877286943678 
0.524 -1.031470643045376 
0.526 -1.0473956877266226 
0.528 -1.0633625288376314 
0.53 -1.0793708307 
0.532 -1.095420255853567 
0.534 -1.111510465052575 
0.536 -1.1276411172618235 
0.538 -1.1438118696528303 
0.54 -1.1600223775999983 
0.542 -1.1762722946767663 
0.544 -1.192561272651774 
0.546 -1.208888961485022 
0.548 -1.22525500932403 
0.55 -1.241659062499998 
0.552 -1.2581007655239653 
0.554 -1.274579761082973 
0.556 -1.2910956900362207 
0.558 -1.3076481914112295 
0.56 -1.324236902399997 
0.562 -1.3408614583551648 
0.5640000000000001 -1.3575214927861727 
0.5660000000000001 -1.3742166373554208 
0.5680000000000001 -1.3909465218744288 
0.5700000000000001 -1.407710774299996 
0.5720000000000001 -1.424509020730364 
0.5740000000000001 -1.441340885401372 
0.5760000000000001 -1.4582059906826188 
0.5780000000000001 -1.4751039570736275 
0.5800000000000001 -1.4920344031999946 
0.5820000000000001 -1.5089969458095631 
0.5840000000000001 -1.5259911997685713 
0.5860000000000001 -1.5430167780578186 
0.5880000000000001 -1.5600732917688263 
0.5900000000000001 -1.5771603500999944 
0.5920000000000001 -1.5942775603527624 
0.5940000000000001 -1.6114245279277701 
0.5960000000000001 -1.6286008563210181 
0.5980000000000001 -1.6458061471200258 
0.6000000000000001 -1.6630399999999939 
0.6020000000000001 -1.680302012719962 
0.6040000000000001 -1.6975917811189691 
0.6060000000000001 -1.7149088991122172 
0.6080000000000001 -1.7322529586872255 
0.6100000000000001 -1.749623549899993 
0.6120000000000001 -1.7670202608711614 
0.6140000000000001 -1.7844426777821687 
0.6160000000000001 -1.8018903848714165 
0.6180000000000001 -1.8193629644304241 
0.6200000000000001 -1.8368599967999921 
0.6220000000000001 -1.8543810603663606 
0.6240000000000001 -1.8719257315573679 
0.6260000000000001 -1.8894935848386156 
0.6280000000000001 -1.9070841927096243 
0.6300000000000001 -1.924697125699992 
0.6320000000000001 -1.94233195236556 
0.6340000000000001 -1.9599882392845682 
0.6360000000000001 -1.9776655510538166 
0.6380000000000001 -1.9953634502848248 
0.6400000000000001 -2.013081497599993 
0.6420000000000001 -2.030819251628761 
0.6440000000000001 -2.048576269003769 
0.6460000000000001 -2.0663521043570166 
0.6480000000000001 -2.084146310316024 
0.6500000000000001 -2.101958437499993 
0.6520000000000001 -2.11978803451596 
0.6540000000000001 -2.1376346479549677 
0.6560000000000001 -2.155497822388217 
0.6580000000000001 -2.173377100363225 
0.6600000000000001 -2.191272022399994 
0.6620000000000001 -2.209182126987162 
0.6640000000000001 -2.22710695057817 
0.6659999999999999 -2.2450460275874167 
0.6679999999999999 -2.262998890386425 
0.6699999999999999 -2.2809650692999925 
0.6719999999999999 -2.2989440926023605 
0.6739999999999999 -2.3169354865133696 
0.6759999999999999 -2.3349387751946167 
0.6779999999999999 -2.352953480745626 
0.6799999999999999 -2.370979123199995 
0.6819999999999999 -2.3890152205215625 
0.6839999999999999 -2.4070612886005707 
0.6859999999999999 -2.425116841249819 
0.688 -2.4431813902008277 
0.69 -2.461254445099996 
0.692 -2.4793355135047643 
0.694 -2.4974241008797726 
0.696 -2.5155197105930216 
0.698 -2.5336218439120306 
0.7 -2.551729999999999 
0.702 -2.5698436759119665 
0.704 -2.5879623665909754 
0.706 -2.6060855648642227 
0.708 -2.624212761439233 
0.71 -2.6423434449000003 
0.712 -2.660477101703169 
0.714 -2.6786132161741776 
0.716 -2.6967512705034262 
0.718 -2.7148907447424357 
0.72 -2.733031116800003 
0.722 -2.751171862438372 
0.724 -2.76931245526938 
0.726 -2.787452366750628 
0.728 -2.8055910661816372 
0.73 -2.8237280207000066 
0.732 -2.841862695277574 
0.734 -2.8599945527165835 
0.736 -2.8781230536458304 
0.738 -2.896247656516839 
0.74 -2.914367817600009 
0.742 -2.932482990980777 
0.744 -2.9505926285557846 
0.746 -2.9686961800290317 
0.748 -2.9867930929080413 
0.75 -3.0048828125000093 
0.752 -3.0229647819079783 
0.754 -3.0410384420269865 
0.756 -3.0591032315402344 
0.758 -3.0771585869152425 
0.76 -3.0952039424000115 
0.762 -3.1132387300191797 
0.764 -3.131262379570188 
0.766 -3.1492743186194363 
0.768 -3.167273972498445 
0.77 -3.1852607643000126 
0.772 -3.2032341148743813 
0.774 -3.2211934428253883 
0.776 -3.2391381645066355 
0.778 -3.2570676940176435 
0.78 -3.2749814432000126 
0.782 -3.2928788216335803 
0.784 -3.310759236632588 
0.786 -3.328622093241836 
0.788 -3.3464667942328434 
0.79 -3.364292740100012 
0.792 -3.3820993290567793 
0.794 -3.3998859570317874 
0.796 -3.4176520176650356 
0.798 -3.4353969023040425 
0.8 -3.453120000000011 
0.802 -3.470820697503979 
0.804 -3.4884983792629862 
0.806 -3.5061524274162337 
0.808 -3.523782221791242 
0.81 -3.5413871399000088 
0.812 -3.5589665569351774 
0.8140000000000001 -3.576519845766184 
0.8160000000000001 -3.594046376935431 
0.8180000000000001 -3.61154551865444 
0.8200000000000001 -3.6290166368000065 
0.8220000000000001 -3.646459094910374 
0.8240000000000001 -3.6638722541813826 
0.8260000000000001 -3.6812554734626293 
0.8280000000000001 -3.6986081092536365 
0.8300000000000001 -3.715929515700004 
0.8320000000000001 -3.733219044589571 
0.8340000000000001 -3.750476045348578 
0.8360000000000001 -3.7676998650378257 
0.8380000000000001 -3.7848898483488336 
0.8400000000000001 -3.802045337600002 
0.8420000000000001 -3.819165672732769 
0.8440000000000001 -3.8362501913077756 
0.8460000000000001 -3.853298228501024 
0.8480000000000001 -3.870309117100031 
0.8500000000000001 -3.887282187499998 
0.8520000000000001 -3.9042167676999653 
0.8540000000000001 -3.9211121832989724 
0.8560000000000001 -3.937967757492219 
0.8580000000000001 -3.9547828110672283 
0.8600000000000001 -3.9715566623999954 
0.8620000000000001 -3.9882886274511633 
0.8640000000000001 -4.004978019762169 
0.8660000000000001 -4.021624150451417 
0.8680000000000001 -4.038226328210425 
0.8700000000000001 -4.054783859299993 
0.8720000000000001 -4.07129604754636 
0.8740000000000001 -4.087762194337369 
0.8760000000000001 -4.1041815986186165 
0.8780000000000001 -4.120553556889624 
0.8800000000000001 -4.136877363199993 
0.8820000000000001 -4.153152309145562 
0.8840000000000001 -4.16937768386457 
0.8860000000000001 -4.185552774033817 
0.8880000000000001 -4.201676863864826 
0.8900000000000001 -4.217749235099994 
0.8920000000000001 -4.233769167008761 
0.8940000000000001 -4.249735936383767 
0.8960000000000001 -4.265648817537017 
0.8980000000000001 -4.2815070822960255 
0.9000000000000001 -4.297309999999994 
0.9020000000000001 -4.313056837495961 
0.9040000000000001 -4.328746859134972 
0.9060000000000001 -4.34437932676822 
0.9080000000000001 -4.359953499743228 
0.9100000000000001 -4.375468634899997 
0.9120000000000001 -4.390923986567165 
0.9140000000000001 -4.406318806558175 
0.9160000000000001 -4.421652344167422 
0.9180000000000001 -4.436923846166431 
0.9199999999999999 -4.452132556799999 
0.9219999999999999 -4.467277717782367 
0.9239999999999999 -4.4823585682933755 
0.9259999999999999 -4.497374344974625 
0.9279999999999999 -4.5123242819256335 
0.9299999999999999 -4.5272076107000006 
0.9319999999999999 -4.54202356030157 
0.9339999999999999 -4.55677135718058 
0.9359999999999999 -4.571450225229828 
0.938 -4.586059385780836 
0.94 -4.600598057600005 
0.942 -4.615065456884774 
0.944 -4.6294607972597825 
0.946 -4.6437832897730305 
0.948 -4.658032142892039 
0.95 -4.6722065625000075 
0.952 -4.686305751891976 
0.954 -4.700328911770984 
0.956 -4.714275240244233 
0.958 -4.728143932819239 
0.96 -4.741934182400007 
0.962 -4.755645179283175 
0.964 -4.769276111154184 
0.966 -4.782826163083432 
0.968 -4.796294517522439 
0.97 -4.809680354300006 
0.972 -4.822982850618372 
0.974 -4.836201181049382 
0.976 -4.849334517530628 
0.978 -4.862382029361633 
0.98 -4.875342883200001 
0.982 -4.888216243057568 
0.984 -4.901001270296575 
0.986 -4.9136971236258224 
0.988 -4.926302959096829 
0.99 -4.9388179300999955 
0.992 -4.951241187360763 
0.994 -4.963571878935767 
0.996 -4.975809150209017 
0.998 -4.987952143888023 
