-1.0 -8.99999999999982 
-0.998 -8.9640319840479 
-0.996 -8.928127872766979 
-0.994 -8.892287571880278 
-0.992 -8.856510988255316 
-0.99 -8.8207980299001 
-0.988 -8.78514860595928 
-0.986 -8.749562626710283 
-0.984 -8.714040003559521 
-0.982 -8.678580649038523 
-0.98 -8.643184476800075 
-0.978 -8.60785140161443 
-0.976 -8.572581339365422 
-0.974 -8.537374207046662 
-0.972 -8.502229922757662 
-0.97 -8.467148405700016 
-0.968 -8.432129576173576 
-0.966 -8.39717335557258 
-0.964 -8.362279666381816 
-0.962 -8.327448432172822 
-0.96 -8.292679577599982 
-0.958 -8.257973028396755 
-0.956 -8.223328711371753 
-0.954 -8.188746554405009 
-0.952 -8.154226486444019 
-0.95 -8.119768437499987 
-0.948 -8.085372338643955 
-0.946 -8.051038122002966 
-0.944 -8.016765720756213 
-0.942 -7.982555069131227 
-0.94 -7.948406102399996 
-0.938 -7.914318756875165 
-0.9359999999999999 -7.880292969906173 
-0.9339999999999999 -7.846328679875423 
-0.9319999999999999 -7.812425826194433 
-0.9299999999999999 -7.778584349300001 
-0.9279999999999999 -7.744804190650365 
-0.926 -7.711085292721376 
-0.924 -7.6774275990026215 
-0.922 -7.643831053993633 
-0.92 -7.610295603199995 
-0.918 -7.576821193129563 
-0.916 -7.543407771288568 
-0.914 -7.510055286177816 
-0.912 -7.476763687288823 
-0.91 -7.443532925099987 
-0.908 -7.410362951072752 
-0.906 -7.3772537176477595 
-0.904 -7.344205178241007 
-0.902 -7.311217287240014 
-0.9 -7.278289999999981 
-0.898 -7.245423272839946 
-0.896 -7.212617063038955 
-0.894 -7.179871328832204 
-0.892 -7.147186029407208 
-0.89 -7.11456112489998 
-0.888 -7.081996576391147 
-0.886 -7.049492345902153 
-0.884 -7.0170483963914005 
-0.882 -6.984664691750411 
-0.88 -6.952341196799979 
-0.878 -6.9200778772863485 
-0.876 -6.887874699877356 
-0.874 -6.855731632158608 
-0.872 -6.823648642629618 
-0.87 -6.791625700699987 
-0.868 -6.759662776685558 
-0.866 -6.72775984180457 
-0.864 -6.695916868173817 
-0.862 -6.664133828804827 
-0.86 -6.632410697599999 
-0.858 -6.600747449348768 
-0.856 -6.569144059723779 
-0.854 -6.537600505277029 
-0.852 -6.506116763436038 
-0.85 -6.474692812500009 
-0.848 -6.443328631635979 
-0.846 -6.412024200874993 
-0.844 -6.3807795011082415 
-0.842 -6.3495945140832495 
-0.84 -6.318469222400018 
-0.838 -6.287403609507186 
-0.836 -6.256397659698197 
-0.834 -6.225451358107446 
-0.832 -6.194564690706454 
-0.83 -6.163737644300022 
-0.828 -6.1329702065223906 
-0.826 -6.102262365833401 
-0.8240000000000001 -6.071614111514649 
-0.8220000000000001 -6.041025433665656 
-0.8200000000000001 -6.010496323200025 
-0.8180000000000001 -5.98002677184159 
-0.8160000000000001 -5.949616772120598 
-0.8140000000000001 -5.919266317369848 
-0.812 -5.888975401720852 
-0.81 -5.858744020100022 
-0.808 -5.828572168224789 
-0.806 -5.7984598425997955 
-0.804 -5.768407040513042 
-0.802 -5.7384137600320475 
-0.8 -5.708480000000015 
-0.798 -5.67860576003198 
-0.796 -5.648791040510986 
-0.794 -5.619035842584233 
-0.792 -5.589340168159239 
-0.79 -5.559704019900005 
-0.788 -5.530127401223165 
-0.786 -5.500610316294177 
-0.784 -5.471152770023419 
-0.782 -5.44175476806243 
-0.78 -5.412416316799994 
-0.778 -5.383137423358362 
-0.776 -5.353918095589369 
-0.774 -5.324758342070614 
-0.772 -5.2956581721016205 
-0.77 -5.266617595699991 
-0.768 -5.237636623597554 
-0.766 -5.20871526723656 
-0.764 -5.17985353876581 
-0.762 -5.151051451036815 
-0.76 -5.122309017599983 
-0.758 -5.0936262527007505 
-0.756 -5.065003171275758 
-0.754 -5.036439788949005 
-0.752 -5.007936122028015 
-0.75 -4.979492187499983 
-0.748 -4.951108003027946 
-0.746 -4.9227835869469585 
-0.744 -4.894518958260207 
-0.742 -4.866314136635218 
-0.74 -4.838169142399979 
-0.738 -4.81008399653915 
-0.736 -4.78205872069016 
-0.734 -4.754093337139405 
-0.732 -4.726187868818418 
-0.73 -4.698342339299985 
-0.728 -4.670556772794353 
-0.726 -4.642831194145361 
-0.724 -4.615165628826609 
-0.722 -4.587560102937622 
-0.72 -4.560014643199989 
-0.718 -4.532529276953561 
-0.716 -4.505104032152567 
-0.714 -4.477738937361815 
-0.712 -4.450434021752824 
-0.71 -4.423189315099996 
-0.708 -4.396004847776764 
-0.706 -4.3688806507517715 
-0.704 -4.341816755585022 
-0.702 -4.314813194424034 
-0.7 -4.287869999999999 
-0.698 -4.260987205623972 
-0.696 -4.2341648451829785 
-0.694 -4.207402953136226 
-0.692 -4.180701564511234 
-0.69 -4.154060714900003 
-0.688 -4.127480440455173 
-0.6859999999999999 -4.100960777886186 
-0.6839999999999999 -4.074501764455431 
-0.6819999999999999 -4.048103437974442 
-0.6799999999999999 -4.021765836800009 
-0.6779999999999999 -3.9954889998303758 
-0.6759999999999999 -3.9692729665013857 
-0.6739999999999999 -3.943117776782632 
-0.6719999999999999 -3.917023471173643 
-0.6699999999999999 -3.890990090700009 
-0.6679999999999999 -3.8650176769095763 
-0.6659999999999999 -3.8391062718685838 
-0.6639999999999999 -3.8132559181578323 
-0.6619999999999999 -3.7874666588688424 
-0.6599999999999999 -3.7617385376000083 
-0.6579999999999999 -3.7360715984527753 
-0.6559999999999999 -3.7104658860277833 
-0.6539999999999999 -3.6849214454210317 
-0.6519999999999999 -3.659438322220041 
-0.6499999999999999 -3.6340165625000083 
-0.648 -3.6086562128199753 
-0.646 -3.5833573202189837 
-0.644 -3.558119932212231 
-0.642 -3.53294409678724 
-0.64 -3.5078298624000075 
-0.638 -3.4827772779711745 
-0.636 -3.4577863928821833 
-0.634 -3.4328572569714293 
-0.632 -3.4079899205304347 
-0.63 -3.383184434300003 
-0.628 -3.35844084946637 
-0.626 -3.33375921765738 
-0.624 -3.3091395909386243 
-0.622 -3.284582021809634 
-0.62 -3.2600865632 
-0.618 -3.2356532684655677 
-0.616 -3.2112821913845755 
-0.614 -3.18697338615382 
-0.612 -3.162726907384827 
-0.61 -3.1385428100999975 
-0.608 -3.114421149728762 
-0.606 -3.0903619821037687 
-0.604 -3.066365363457016 
-0.602 -3.042431350416023 
-0.6 -3.018559999999991 
-0.598 -2.994751369615959 
-0.596 -2.9710055170549663 
-0.594 -2.947322500488214 
-0.592 -2.923702378463225 
-0.59 -2.900145209899989 
-0.588 -2.8766510540871573 
-0.586 -2.8532199706781642 
-0.584 -2.8298520196874155 
-0.5820000000000001 -2.8065472614864206 
-0.5800000000000001 -2.78330575679999 
-0.5780000000000001 -2.760127566702361 
-0.5760000000000001 -2.7370127526133667 
-0.5740000000000001 -2.7139613762946144 
-0.5720000000000001 -2.69097349984562 
-0.5700000000000001 -2.6680491856999886 
-0.5680000000000001 -2.64518849662156 
-0.5660000000000001 -2.6223914957005685 
-0.5640000000000001 -2.5996582463498155 
-0.562 -2.5769888123008204 
-0.56 -2.5543832575999903 
-0.558 -2.5318416466047604 
-0.556 -2.5093640439797675 
-0.554 -2.486950514693017 
-0.552 -2.4646011240120216 
-0.55 -2.442315937499991 
-0.548 -2.4200950210119596 
-0.546 -2.397938440690972 
-0.544 -2.37584626296422 
-0.542 -2.353818554539227 
-0.54 -2.3318553823999943 
-0.538 -2.309956813803162 
-0.536 -2.288122916274172 
-0.534 -2.266353757603422 
-0.532 -2.2446494058424284 
-0.53 -2.223009929299996 
-0.528 -2.2014353965383653 
-0.526 -2.179925876369372 
-0.524 -2.158481437850623 
-0.522 -2.137102150281631 
-0.52 -2.1157880831999987 
-0.518 -2.0945393063775652 
-0.516 -2.0733558898165776 
-0.514 -2.052237903745822 
-0.512 -2.0311854186168317 
-0.51 -2.0101985050999978 
-0.508 -1.98927723408077 
-0.506 -1.968421676655777 
-0.504 -1.947631904129023 
-0.502 -1.9269079880080315 
-0.5 -1.9062500000000042 
-0.498 -1.8856580120079716 
-0.496 -1.8651320961269788 
-0.494 -1.844672324640228 
-0.492 -1.8242787700152354 
-0.49 -1.8039515049000037 
-0.488 -1.7836906021191694 
-0.486 -1.7634961346701787 
-0.484 -1.7433681757194264 
-0.482 -1.7233067985984363 
-0.48 -1.7033120768000036 
-0.478 -1.6833840839743728 
-0.476 -1.6635228939253826 
-0.474 -1.6437285806066262 
-0.472 -1.6240012181176353 
-0.47 -1.6043408807000052 
-0.46799999999999997 -1.584747642733573 
-0.46599999999999997 -1.5652215787325816 
-0.46399999999999997 -1.5457627633418298 
-0.46199999999999997 -1.5263712713328343 
-0.45999999999999996 -1.5070471776000043 
-0.45799999999999996 -1.487790557156771 
-0.45599999999999996 -1.4686014851317812 
-0.45399999999999996 -1.4494800367650291 
-0.45199999999999996 -1.4304262874040379 
-0.44999999999999996 -1.4114403125000066 
-0.44799999999999995 -1.392522187603971 
-0.44599999999999995 -1.3736719883629818 
-0.44399999999999995 -1.3548897905162294 
-0.44199999999999995 -1.3361756698912362 
-0.43999999999999995 -1.3175297024000043 
-0.43799999999999994 -1.2989519640351745 
-0.43599999999999994 -1.2804425308661813 
-0.43399999999999994 -1.262001479035429 
-0.43199999999999994 -1.2436288847544361 
-0.42999999999999994 -1.2253248243000052 
-0.42799999999999994 -1.207089374010373 
-0.42599999999999993 -1.1889226102813817 
-0.42399999999999993 -1.1708246095626302 
-0.42200000000000004 -1.152795448353637 
-0.42000000000000004 -1.1348352032000053 
-0.41800000000000004 -1.116943950689573 
-0.41600000000000004 -1.0991217674485818 
-0.41400000000000003 -1.0813687301378305 
-0.41200000000000003 -1.063684915448838 
-0.41000000000000003 -1.0460704001000058 
-0.40800000000000003 -1.0285252608327744 
-0.406 -1.0110495744077823 
-0.404 -0.9936434176010303 
-0.402 -0.9763068672000379 
-0.4 -0.9590400000000056 
-0.398 -0.941842892799974 
-0.396 -0.9247156223989818 
-0.394 -0.9076582655922296 
-0.392 -0.8906708991672377 
-0.39 -0.8737535999000059 
-0.388 -0.8569064445511744 
-0.386 -0.8401295098621815 
-0.384 -0.8234228725514299 
-0.382 -0.8067866093104388 
-0.38 -0.7902207968000072 
-0.378 -0.7737255116463749 
-0.376 -0.7573008304373818 
-0.374 -0.7409468297186308 
-0.372 -0.7246635859896383 
-0.37 -0.7084511757000068 
-0.368 -0.6923096752455744 
-0.366 -0.6762391609645826 
-0.364 -0.6602397091338301 
-0.362 -0.6443113959648377 
-0.36 -0.6284542976000069 
-0.358 -0.6126684901087749 
-0.356 -0.5969540494837817 
-0.354 -0.5813110516370291 
-0.352 -0.5657395723960391 
-0.35 -0.5502396875000056 
-0.348 -0.5348114725959744 
-0.346 -0.5194550032349822 
-0.344 -0.5041703548682297 
-0.34199999999999997 -0.4889576028432377 
-0.33999999999999997 -0.4738168224000053 
-0.33799999999999997 -0.45874808866717337 
-0.33599999999999997 -0.44375147665818104 
-0.33399999999999996 -0.4288270612674283 
-0.33199999999999996 -0.41397491726643687 
-0.32999999999999996 -0.39919511930000456 
-0.32799999999999996 -0.3844877418823719 
-0.32599999999999996 -0.3698528593933785 
-0.32399999999999995 -0.3552905460746262 
-0.32199999999999995 -0.34080087602563497 
-0.31999999999999995 -0.3263839232000018 
-0.31799999999999995 -0.31203976140156936 
-0.31599999999999995 -0.29776846428057774 
-0.31399999999999995 -0.2835701053298249 
-0.31199999999999994 -0.26944475788083244 
-0.30999999999999994 -0.2553924950999996 
-0.30799999999999994 -0.24141338998476808 
-0.30599999999999994 -0.2275075153597758 
-0.30399999999999994 -0.21367494387302277 
-0.30199999999999994 -0.1999157479920306 
-0.29999999999999993 -0.18622999999999867 
-0.29799999999999993 -0.17261777199196543 
-0.29600000000000004 -0.15907913587097383 
-0.29400000000000004 -0.14561416334422128 
-0.29200000000000004 -0.1322229259192293 
-0.29000000000000004 -0.11890549489999634 
-0.28800000000000003 -0.10566194138316416 
-0.28600000000000003 -0.09249233625417175 
-0.28400000000000003 -0.07939675018341961 
-0.28200000000000003 -0.0663752536224272 
-0.28 -0.053427916799995076 
-0.278 -0.040554809718361166 
-0.276 -0.02775600214936935 
-0.274 -0.015031563630617138 
-0.272 -0.0023815634616245803 
-0.27 0.010193929300007584 
-0.268 0.022694845842440192 
-0.266 0.03512111760343251 
-0.264 0.047472676274184354 
-0.262 0.05974945380317702 
-0.26 0.07195138240000858 
-0.258 0.08407839453924107 
-0.256 0.09613042296423358 
-0.254 0.10810740069098525 
-0.252 0.12000926101197705 
-0.25 0.13183593750000924 
-0.248 0.14358736401204172 
-0.246 0.15526347469303367 
-0.244 0.1668642039797863 
-0.242 0.1783894866047784 
-0.24 0.18983925760001022 
-0.238 0.2012134523008423 
-0.236 0.2125120063498342 
-0.23399999999999999 0.22373485570058516 
-0.23199999999999998 0.23488193662157772 
-0.22999999999999998 0.24595318570000976 
-0.22799999999999998 0.25694853984564076 
-0.22599999999999998 0.26786793629463274 
-0.22399999999999998 0.27871131261338467 
-0.22199999999999998 0.2894786067023757 
-0.21999999999999997 0.30016975680000857 
-0.21799999999999997 0.31078470148643994 
-0.21599999999999997 0.32132337968743224 
-0.21399999999999997 0.33178573067818323 
-0.21199999999999997 0.3421716940871736 
-0.20999999999999996 0.3524812099000061 
-0.20799999999999996 0.36271421846323754 
-0.20599999999999996 0.37287066048822926 
-0.20399999999999996 0.38295047705498025 
-0.20199999999999996 0.39295360961597187 
-0.19999999999999996 0.40288000000000235 
-0.19799999999999995 0.4127295904160343 
-0.19599999999999995 0.42250232345702604 
-0.19399999999999995 0.4321981421037769 
-0.19199999999999995 0.4418169897287689 
-0.18999999999999995 0.45135881010000006 
-0.18799999999999994 0.4608235473848305 
-0.18599999999999994 0.470211146153822 
-0.18399999999999994 0.47952155138457414 
-0.18199999999999994 0.4887547084655648 
-0.17999999999999994 0.49791056319999627 
-0.17799999999999994 0.5069890618096278 
-0.17599999999999993 0.5159901509386197 
-0.17399999999999993 0.5249137776573702 
-0.17199999999999993 0.5337598894663615 
-0.16999999999999993 0.542528434299993 
-0.16799999999999993 0.5512193605304243 
-0.16600000000000004 0.5598326169714154 
-0.16400000000000003 0.5683681528821661 
-0.16200000000000003 0.5768259179711573 
-0.16000000000000003 0.5852058623999894 
-0.15800000000000003 0.5935079367872211 
-0.15600000000000003 0.6017320922122122 
-0.15400000000000003 0.6098782802189637 
-0.15200000000000002 0.6179464528199557 
-0.15000000000000002 0.6259365624999866 
-0.14800000000000002 0.6338485622200187 
-0.14600000000000002 0.6416824054210096 
-0.14400000000000002 0.6494380460277613 
-0.14200000000000002 0.6571154384527532 
-0.14 0.6647145375999849 
-0.138 0.6722352988688163 
-0.136 0.6796776781578086 
-0.134 0.6870416318685598 
-0.132 0.6943271169095522 
-0.13 0.7015340906999843 
-0.128 0.708662511173616 
-0.126 0.7157123367826076 
-0.124 0.7226835265013591 
-0.122 0.7295760398303518 
-0.12 0.7363898367999837 
-0.118 0.7431248779744163 
-0.11599999999999999 0.7497811244554085 
-0.11399999999999999 0.7563585378861603 
-0.11199999999999999 0.7628570804551527 
-0.10999999999999999 0.7692767148999853 
-0.10799999999999998 0.7756174045112171 
-0.10599999999999998 0.7818791131362091 
-0.10399999999999998 0.788061805182962 
-0.10199999999999998 0.7941654456239539 
-0.09999999999999998 0.800189999999988 
-0.09799999999999998 0.8061354344240199 
-0.09599999999999997 0.8120017155850121 
-0.09399999999999997 0.8177888107517647 
-0.09199999999999997 0.8234966877767573 
-0.08999999999999997 0.8291253150999897 
-0.08799999999999997 0.8346746617528228 
-0.08599999999999997 0.8401446973618161 
-0.08399999999999996 0.8455353921525683 
-0.08199999999999996 0.8508467169535612 
-0.07999999999999996 0.8560786431999939 
-0.07799999999999996 0.8612311429376269 
-0.07599999999999996 0.8663041888266195 
-0.07399999999999995 0.8712977541453726 
-0.07199999999999995 0.876211812794366 
-0.06999999999999995 0.8810463392999979 
-0.06799999999999995 0.8858013088184313 
-0.06599999999999995 0.8904766971394247 
-0.06399999999999995 0.8950724806901771 
-0.061999999999999944 0.8995886365391703 
-0.05999999999999994 0.904025142400003 
-0.05799999999999994 0.9083819766352358 
-0.05599999999999994 0.9126591182602289 
-0.05399999999999994 0.9168565469469818 
-0.051999999999999935 0.9209742430279746 
-0.04999999999999993 0.925012187500007 
-0.04799999999999993 0.9289703620280403 
-0.04599999999999993 0.9328487489490325 
-0.04399999999999993 0.9366473312757859 
-0.041999999999999926 0.9403660927007786 
-0.040000000000000036 0.9440050176000113 
-0.038000000000000034 0.9475640910368436 
-0.03600000000000003 0.9510432987658366 
-0.03400000000000003 0.9544426272365895 
-0.03200000000000003 0.9577620635975816 
-0.030000000000000027 0.9610015957000143 
-0.028000000000000025 0.964161212101647 
-0.026000000000000023 0.9672409020706393 
-0.02400000000000002 0.9702406555893917 
-0.02200000000000002 0.9731604633583845 
-0.020000000000000018 0.9760003168000163 
-0.018000000000000016 0.9787602080624491 
-0.016000000000000014 0.9814401300234414 
-0.014000000000000012 0.9840400762941933 
-0.01200000000000001 0.9865600412231864 
-0.010000000000000009 0.9890000199000181 
-0.008000000000000007 0.9913600081592504 
-0.006000000000000005 0.9936400025842421 
-0.0040000000000000036 0.995840000510994 
-0.0020000000000000018 0.9979600000319859 
0.0 1.0000000000000173 
0.0020000000000000018 1.0019600000320494 
0.0040000000000000036 1.0038400005130408 
0.006000000000000005 1.0056400025997931 
0.008000000000000007 1.0073600082247842 
0.010000000000000009 1.0090000201000167 
0.01200000000000001 1.010560041720848 
0.014000000000000012 1.0120400773698397 
0.016000000000000014 1.0134401321205906 
0.018000000000000016 1.0147602118415826 
0.020000000000000018 1.016000323200013 
0.02200000000000002 1.0171604736656454 
0.02400000000000002 1.018240671514636 
0.026000000000000023 1.019240925833388 
0.028000000000000025 1.020161246522379 
0.030000000000000027 1.0210016443000103 
0.03200000000000003 1.0217621307064408 
0.03400000000000003 1.0224427181074325 
0.03600000000000003 1.023043419698184 
0.038000000000000034 1.0235642495071744 
0.040000000000000036 1.0240052224000054 
0.04200000000000004 1.024366354083237 
0.04400000000000004 1.0246476611082276 
0.04600000000000004 1.0248491608749786 
0.04800000000000004 1.0249708716359698 
0.050000000000000044 1.0250128125000006 
0.052000000000000046 1.0249750034360305 
0.05400000000000005 1.0248574652770224 
0.05600000000000005 1.0246602197237735 
0.05800000000000005 1.0243832893487652 
0.06000000000000005 1.0240266975999952 
0.062000000000000055 1.0235904688048263 
0.06400000000000006 1.0230746281738172 
0.06600000000000006 1.0224792018045679 
0.06800000000000006 1.021804216685559 
0.07000000000000006 1.0210497006999897 
0.07200000000000006 1.0202156826296207 
0.07400000000000007 1.0193021921586118 
0.07600000000000007 1.018309259877363 
0.07800000000000007 1.0172369172863538 
0.08000000000000007 1.0160851967999855 
0.08200000000000007 1.0148541317504154 
0.08400000000000007 1.013543756391408 
0.08600000000000008 1.0121541059021584 
0.08800000000000008 1.0106852163911502 
0.09000000000000008 1.0091371248999812 
0.09200000000000008 1.007509869407212 
0.09400000000000008 1.005803488832204 
0.09600000000000009 1.004018023038955 
0.09800000000000009 1.002153512839947 
0.10000000000000009 1.0002099999999787 
0.10200000000000009 0.9981875272400103 
0.10400000000000009 0.9960861382410021 
0.1060000000000001 0.9939058776477538 
0.1080000000000001 0.9916467910727448 
0.1100000000000001 0.9893089250999773 
0.1120000000000001 0.9868923272888092 
0.1140000000000001 0.9843970461778012 
0.1160000000000001 0.981823131288553 
0.1180000000000001 0.979170633129545 
0.1200000000000001 0.9764396031999774 
0.12200000000000011 0.9736300939936096 
0.12400000000000011 0.9707421590026016 
0.1260000000000001 0.967775852721354 
0.1280000000000001 0.9647312306503466 
0.13000000000000012 0.9616083492999792 
0.13200000000000012 0.9584072661944117 
0.13400000000000012 0.9551280398754037 
0.13600000000000012 0.9517707299061557 
0.13800000000000012 0.9483353968751488 
0.14000000000000012 0.944822102399981 
0.14200000000000013 0.9412309091312139 
0.14400000000000013 0.9375618807562066 
0.14600000000000013 0.9338150820029593 
0.14800000000000013 0.9299905786439527 
0.15000000000000013 0.9260884374999852 
0.15200000000000014 0.9221087264440184 
0.15399999999999991 0.9180515144050115 
0.15599999999999992 0.9139168713717644 
0.15799999999999992 0.9097048683967583 
0.15999999999999992 0.9054155775999899 
0.16199999999999992 0.9010490721728233 
0.16399999999999992 0.8966054263818166 
0.16599999999999993 0.8920847155725699 
0.16799999999999993 0.8874870161735627 
0.16999999999999993 0.8828124056999955 
0.17199999999999993 0.8780609627576293 
0.17399999999999993 0.8732327670466226 
0.17599999999999993 0.8683278993653758 
0.17799999999999994 0.8633464416143688 
0.17999999999999994 0.8582884768000013 
0.18199999999999994 0.8531540890384351 
0.18399999999999994 0.8479433635594275 
0.18599999999999994 0.8426563867101812 
0.18799999999999994 0.837293245959174 
0.18999999999999995 0.8318540299000068 
0.19199999999999995 0.8263388282552399 
0.19399999999999995 0.8207477318802335 
0.19599999999999995 0.8150808327669855 
0.19799999999999995 0.809338224047979 
0.19999999999999996 0.8035200000000118 
0.20199999999999996 0.7976262560480445 
0.20399999999999996 0.7916570887690371 
0.20599999999999996 0.7856125958957906 
0.20799999999999996 0.7794928763207827 
0.20999999999999996 0.773298030100015 
0.21199999999999997 0.7670281584568481 
0.21399999999999997 0.7606833637858404 
0.21599999999999997 0.754263749656593 
0.21799999999999997 0.747769420817585 
0.21999999999999997 0.7412004832000179 
0.22199999999999998 0.7345570439216501 
0.22399999999999998 0.7278392112906433 
0.22599999999999998 0.7210470948093946 
0.22799999999999998 0.7141808051783869 
0.22999999999999998 0.7072404543000191 
0.23199999999999998 0.7002261552824505 
0.23399999999999999 0.6931380224434434 
0.236 0.6859761713141952 
0.238 0.678740718643187 
0.24 0.6714317824000184 
0.242 0.6640494817792506 
0.244 0.6565939372042422 
0.246 0.6490652703309943 
0.248 0.6414636040519853 
0.25 0.6337890625000175 
0.252 0.6260417710520487 
0.254 0.6182218563330402 
0.256 0.6103294462197915 
0.258 0.6023646698447832 
0.26 0.5943276576000146 
0.262 0.5862185411408453 
0.264 0.578037453389837 
0.266 0.5697845285405877 
0.268 0.5614599020615794 
0.27 0.5530637107000108 
0.272 0.5445960924856418 
0.274 0.5360571867346331 
0.276 0.5274471340533843 
0.278 0.5187660763423749 
0.28 0.5100141568000063 
0.28200000000000003 0.5011915199264371 
0.28400000000000003 0.4922983115274284 
0.28600000000000003 0.4833346787181793 
0.28800000000000003 0.4743007699271706 
0.29000000000000004 0.4651967349000009 
0.29200000000000004 0.4560227247032327 
0.29400000000000004 0.4467788917282231 
0.29600000000000004 0.43746538969497384 
0.29800000000000004 0.4280823736559655 
0.30000000000000004 0.4186299999999964 
0.30200000000000005 0.4091084264560281 
0.30400000000000005 0.3995178120970194 
0.30600000000000005 0.3898583173437699 
0.30800000000000005 0.38013010396876085 
0.31000000000000005 0.37033333509999306 
0.31200000000000006 0.360468175224824 
0.31400000000000006 0.35053479019381545 
0.31600000000000006 0.3405333472245667 
0.31800000000000006 0.33046401490555877 
0.32000000000000006 0.32032696319999004 
0.32200000000000006 0.3101223634496213 
0.32400000000000007 0.29985038837861316 
0.32600000000000007 0.2895112120973652 
0.32800000000000007 0.279105010106356 
0.33000000000000007 0.2686319592999874 
0.3320000000000001 0.2580922379704193 
0.3340000000000001 0.24748602581141174 
0.3360000000000001 0.23681350392216352 
0.3380000000000001 0.22607485481115477 
0.3400000000000001 0.2152702623999876 
0.3420000000000001 0.20439991202721927 
0.3440000000000001 0.19346399045221213 
0.3460000000000001 0.18246268585896372 
0.3480000000000001 0.17139618785995597 
0.3500000000000001 0.1602646874999888 
0.3520000000000001 0.14906837726002037 
0.3540000000000001 0.13780745106101364 
0.3560000000000001 0.12648210426776668 
0.3580000000000001 0.11509253369275818 
0.3600000000000001 0.10363893759999027 
0.3620000000000001 0.09212151570882395 
0.3640000000000001 0.08054046919781657 
0.3660000000000001 0.06889600070856894 
0.3680000000000001 0.05718831434956131 
0.3700000000000001 0.04541761569999427 
0.3720000000000001 0.03358411181362668 
0.3740000000000001 0.021688011222619888 
0.3760000000000001 0.009729523941373362 
0.3780000000000001 -0.002291138529634579 
0.3800000000000001 -0.01437376320000191 
0.3820000000000001 -0.026518135585568727 
0.3840000000000001 -0.038724039704576003 
0.3860000000000001 -0.05099125807382252 
0.3880000000000001 -0.06331957170483019 
0.3900000000000001 -0.0757087600999967 
0.3920000000000001 -0.08815860124876392 
0.39400000000000013 -0.1006688716237707 
0.39600000000000013 -0.11323934617701807 
0.39800000000000013 -0.12586979833602494 
0.40000000000000013 -0.13855999999999255 
0.40200000000000014 -0.15130972153595962 
0.40400000000000014 -0.164118731774967 
0.40600000000000014 -0.17698679800821418 
0.4079999999999999 -0.18991368598322045 
0.4099999999999999 -0.20289915989998758 
0.4119999999999999 -0.21594298240715468 
0.4139999999999999 -0.22904491459816242 
0.4159999999999999 -0.24220471600740984 
0.4179999999999999 -0.25542214460641777 
0.41999999999999993 -0.2686969567999839 
0.42199999999999993 -0.28202890742235154 
0.42399999999999993 -0.2954177497333599 
0.42599999999999993 -0.30886323541460725 
0.42799999999999994 -0.32236511456561523 
0.42999999999999994 -0.3359231356999827 
0.43199999999999994 -0.3495370457415506 
0.43399999999999994 -0.3632065900205581 
0.43599999999999994 -0.3769315122698055 
0.43799999999999994 -0.39071155462081436 
0.43999999999999995 -0.4045464575999823 
0.44199999999999995 -0.4184359601247509 
0.44399999999999995 -0.4323797994997579 
0.44599999999999995 -0.44637771141300675 
0.44799999999999995 -0.4604294299320146 
0.44999999999999996 -0.47453468749998406 
0.45199999999999996 -0.48869321493195195 
0.45399999999999996 -0.5029047414109596 
0.45599999999999996 -0.5171689944842083 
0.45799999999999996 -0.5314857000592175 
0.45999999999999996 -0.5458545823999865 
0.46199999999999997 -0.5602753641231545 
0.46399999999999997 -0.5747477661941643 
0.46599999999999997 -0.5892715079234125 
0.46799999999999997 -0.6038463069624219 
0.47 -0.61847187929999 
0.472 -0.6331479392583594 
0.474 -0.6478741994893679 
0.476 -0.6626503709706179 
0.478 -0.677476163001627 
0.48 -0.6923512831999964 
0.482 -0.707275437497564 
0.484 -0.7222483301365737 
0.486 -0.7372696636658228 
0.488 -0.7523391389368311 
0.49 -0.7674564551000013 
0.492 -0.7826213096007704 
0.494 -0.7978333981757799 
0.496 -0.8130924148490286 
0.498 -0.8283980519280391 
0.5 -0.843750000000006 
0.502 -0.8591479479279761 
0.504 -0.8745915828469849 
0.506 -0.890080590160235 
0.508 -0.9056146535352435 
0.51 -0.9211934549000117 
0.512 -0.9368166744391809 
0.514 -0.9524839905901901 
0.516 -0.9681950800394392 
0.518 -0.9839496177184481 
0.52 -0.9997472768000163 
0.522 -1.015587728694386 
0.524 -1.0314706430453948 
0.526 -1.0473956877266426 
0.528 -1.0633625288376511 
0.53 -1.07937083070002 
0.532 -1.0954202558535882 
0.534 -1.1115104650525969 
0.536 -1.1276411172618452 
0.538 -1.143811869652853 
0.54 -1.160022377600021 
0.542 -1.1762722946767887 
0.544 -1.1925612726517973 
0.546 -1.2088889614850453 
0.548 -1.2252550093240522 
0.55 -1.2416590625000208 
0.552 -1.2581007655239878 
0.554 -1.2745797610829959 
0.556 -1.291095690036243 
0.558 -1.3076481914112517 
0.56 -1.3242369024000182 
0.562 -1.3408614583551859 
0.5640000000000001 -1.357521492786193 
0.5660000000000001 -1.3742166373554414 
0.5680000000000001 -1.3909465218744477 
0.5700000000000001 -1.4077107743000152 
0.5720000000000001 -1.4245090207303814 
0.5740000000000001 -1.44134088540139 
0.5760000000000001 -1.458205990682635 
0.5780000000000001 -1.475103957073643 
0.5800000000000001 -1.4920344032000108 
0.5820000000000001 -1.5089969458095778 
0.5840000000000001 -1.5259911997685842 
0.5860000000000001 -1.5430167780578317 
0.5880000000000001 -1.5600732917688378 
0.5900000000000001 -1.5771603501000062 
0.5920000000000001 -1.5942775603527728 
0.5940000000000001 -1.6114245279277795 
0.5960000000000001 -1.6286008563210272 
0.5980000000000001 -1.6458061471200338 
0.6000000000000001 -1.6630400000000014 
0.6020000000000001 -1.6803020127199686 
0.6040000000000001 -1.697591781118976 
0.6060000000000001 -1.7149088991122228 
0.6080000000000001 -1.7322529586872295 
0.6100000000000001 -1.749623549899997 
0.6120000000000001 -1.7670202608711647 
0.6140000000000001 -1.7844426777821716 
0.6160000000000001 -1.8018903848714194 
0.6180000000000001 -1.8193629644304268 
0.6200000000000001 -1.8368599967999946 
0.6220000000000001 -1.8543810603663626 
0.6240000000000001 -1.8719257315573692 
0.6260000000000001 -1.8894935848386172 
0.6280000000000001 -1.9070841927096254 
0.6300000000000001 -1.9246971256999925 
0.6320000000000001 -1.9423319523655613 
0.6340000000000001 -1.9599882392845696 
0.6360000000000001 -1.9776655510538164 
0.6380000000000001 -1.9953634502848259 
0.6400000000000001 -2.013081497599993 
0.6420000000000001 -2.0308192516287624 
0.6440000000000001 -2.0485762690037683 
0.6460000000000001 -2.066352104357018 
0.6480000000000001 -2.0841463103160276 
0.6500000000000001 -2.101958437499995 
0.6520000000000001 -2.119788034515963 
0.6540000000000001 -2.137634647954972 
0.6560000000000001 -2.1554978223882197 
0.6580000000000001 -2.1733771003632305 
0.6600000000000001 -2.1912720223999975 
0.6620000000000001 -2.209182126987167 
0.6640000000000001 -2.227106950578176 
0.6659999999999999 -2.2450460275874216 
0.6679999999999999 -2.2629988903864304 
0.6699999999999999 -2.2809650693 
0.6719999999999999 -2.298944092602368 
0.6739999999999999 -2.316935486513377 
0.6759999999999999 -2.3349387751946264 
0.6779999999999999 -2.3529534807456347 
0.6799999999999999 -2.370979123200002 
0.6819999999999999 -2.3890152205215704 
0.6839999999999999 -2.4070612886005804 
0.6859999999999999 -2.4251168412498285 
0.688 -2.443181390200837 
0.69 -2.4612544451000056 
0.692 -2.479335513504774 
0.694 -2.4974241008797824 
0.696 -2.5155197105930314 
0.698 -2.533621843912039 
0.7 -2.5517300000000085 
0.702 -2.5698436759119745 
0.704 -2.587962366590983 
0.706 -2.6060855648642307 
0.708 -2.62421276143924 
0.71 -2.6423434449000074 
0.712 -2.6604771017031754 
0.714 -2.678613216174183 
0.716 -2.69675127050343 
0.718 -2.714890744742438 
0.72 -2.733031116800005 
0.722 -2.751171862438373 
0.724 -2.76931245526938 
0.726 -2.787452366750627 
0.728 -2.805591066181637 
0.73 -2.823728020700004 
0.732 -2.841862695277569 
0.734 -2.8599945527165778 
0.736 -2.878123053645824 
0.738 -2.8962476565168314 
0.74 -2.914367817599999 
0.742 -2.9324829909807653 
0.744 -2.950592628555773 
0.746 -2.9686961800290197 
0.748 -2.986793092908027 
0.75 -3.0048828124999942 
0.752 -3.0229647819079606 
0.754 -3.0410384420269696 
0.756 -3.0591032315402162 
0.758 -3.0771585869152243 
0.76 -3.095203942399991 
0.762 -3.113238730019159 
0.764 -3.1312623795701664 
0.766 -3.149274318619413 
0.768 -3.1672739724984216 
0.77 -3.185260764299989 
0.772 -3.2032341148743577 
0.774 -3.221193442825367 
0.776 -3.239138164506615 
0.778 -3.257067694017622 
0.78 -3.2749814431999913 
0.782 -3.2928788216335594 
0.784 -3.310759236632567 
0.786 -3.3286220932418162 
0.788 -3.3464667942328243 
0.79 -3.364292740099993 
0.792 -3.3820993290567625 
0.794 -3.399885957031771 
0.796 -3.4176520176650214 
0.798 -3.435396902304028 
0.8 -3.4531199999999997 
0.802 -3.4708206975039677 
0.804 -3.488498379262977 
0.806 -3.5061524274162266 
0.808 -3.5237822217912353 
0.81 -3.5413871399000034 
0.812 -3.558966556935174 
0.8140000000000001 -3.5765198457661813 
0.8160000000000001 -3.5940463769354314 
0.8180000000000001 -3.6115455186544425 
0.8200000000000001 -3.62901663680001 
0.8220000000000001 -3.6464590949103783 
0.8240000000000001 -3.6638722541813875 
0.8260000000000001 -3.681255473462637 
0.8280000000000001 -3.6986081092536454 
0.8300000000000001 -3.715929515700012 
0.8320000000000001 -3.73321904458958 
0.8340000000000001 -3.750476045348589 
0.8360000000000001 -3.7676998650378364 
0.8380000000000001 -3.7848898483488433 
0.8400000000000001 -3.802045337600012 
0.8420000000000001 -3.8191656727327796 
0.8440000000000001 -3.836250191307786 
0.8460000000000001 -3.8532982285010347 
0.8480000000000001 -3.870309117100041 
0.8500000000000001 -3.887282187500009 
0.8520000000000001 -3.9042167676999737 
0.8540000000000001 -3.9211121832989804 
0.8560000000000001 -3.937967757492228 
0.8580000000000001 -3.9547828110672345 
0.8600000000000001 -3.9715566624000007 
0.8620000000000001 -3.988288627451167 
0.8640000000000001 -4.004978019762172 
0.8660000000000001 -4.021624150451418 
0.8680000000000001 -4.038226328210427 
0.8700000000000001 -4.0547838592999925 
0.8720000000000001 -4.071296047546358 
0.8740000000000001 -4.087762194337365 
0.8760000000000001 -4.104181598618611 
0.8780000000000001 -4.120553556889619 
0.8800000000000001 -4.136877363199986 
0.8820000000000001 -4.153152309145552 
0.8840000000000001 -4.169377683864561 
0.8860000000000001 -4.185552774033809 
0.8880000000000001 -4.2016768638648205 
0.8900000000000001 -4.217749235099987 
0.8920000000000001 -4.233769167008754 
0.8940000000000001 -4.2497359363837655 
0.8960000000000001 -4.265648817537013 
0.8980000000000001 -4.281507082296022 
0.9000000000000001 -4.297309999999993 
0.9020000000000001 -4.313056837495962 
0.9040000000000001 -4.328746859134972 
0.9060000000000001 -4.344379326768222 
0.9080000000000001 -4.3599534997432325 
0.9100000000000001 -4.375468634900003 
0.9120000000000001 -4.390923986567173 
0.9140000000000001 -4.4063188065581835 
0.9160000000000001 -4.421652344167435 
0.9180000000000001 -4.436923846166446 
0.9199999999999999 -4.452132556800015 
0.9219999999999999 -4.467277717782389 
0.9239999999999999 -4.482358568293397 
0.9259999999999999 -4.497374344974647 
0.9279999999999999 -4.512324281925652 
0.9299999999999999 -4.5272076107000245 
0.9319999999999999 -4.5420235603015895 
0.9339999999999999 -4.5567713571806 
0.9359999999999999 -4.571450225229847 
0.938 -4.586059385780851 
0.94 -4.600598057600017 
0.942 -4.615065456884784 
0.944 -4.629460797259787 
0.946 -4.643783289773029 
0.948 -4.65803214289203 
0.95 -4.672206562499994 
0.952 -4.6863057518919575 
0.954 -4.70032891177096 
0.956 -4.7142752402441985 
0.958 -4.7281439328192 
0.96 -4.741934182399965 
0.962 -4.755645179283128 
0.964 -4.769276111154131 
0.966 -4.782826163083375 
0.968 -4.796294517522384 
0.97 -4.809680354299955 
0.972 -4.822982850618327 
0.974 -4.836201181049341 
0.976 -4.849334517530599 
0.978 -4.862382029361615 
0.98 -4.875342883199997 
0.982 -4.888216243057581 
0.984 -4.901001270296606 
0.986 -4.913697123625865 
0.988 -4.92630295909689 
0.99 -4.9388179301000665 
0.992 -4.951241187360839 
0.994 -4.963571878935838 
0.996 -4.975809150209066 
0.998 -4.987952143888028 
