-1.0 -9.000000000000483 
-0.998 -8.96403198404771 
-0.996 -8.928127872766598 
-0.994 -8.892287571879969 
-0.992 -8.856510988255152 
-0.99 -8.820798029900057 
-0.988 -8.785148605959302 
-0.986 -8.74956262671033 
-0.984 -8.714040003559555 
-0.982 -8.67858064903852 
-0.98 -8.64318447680003 
-0.978 -8.607851401614358 
-0.976 -8.572581339365325 
-0.974 -8.537374207046563 
-0.972 -8.502229922757564 
-0.97 -8.46714840569994 
-0.968 -8.43212957617353 
-0.966 -8.397173355572571 
-0.964 -8.36227966638184 
-0.962 -8.32744843217287 
-0.96 -8.292679577600058 
-0.958 -8.257973028396842 
-0.956 -8.223328711371853 
-0.954 -8.1887465544051 
-0.952 -8.154226486444104 
-0.95 -8.119768437500063 
-0.948 -8.08537233864401 
-0.946 -8.051038122003002 
-0.944 -8.016765720756235 
-0.942 -7.982555069131224 
-0.94 -7.948406102399978 
-0.938 -7.914318756875127 
-0.9359999999999999 -7.8802929699061215 
-0.9339999999999999 -7.846328679875361 
-0.9319999999999999 -7.812425826194369 
-0.9299999999999999 -7.778584349299932 
-0.9279999999999999 -7.744804190650302 
-0.926 -7.711085292721316 
-0.924 -7.677427599002567 
-0.922 -7.643831053993586 
-0.92 -7.610295603199961 
-0.918 -7.576821193129539 
-0.916 -7.543407771288557 
-0.914 -7.510055286177817 
-0.912 -7.476763687288838 
-0.91 -7.443532925100014 
-0.908 -7.410362951072793 
-0.906 -7.377253717647809 
-0.904 -7.344205178241066 
-0.902 -7.311217287240082 
-0.9 -7.278290000000059 
-0.898 -7.245423272840029 
-0.896 -7.212617063039043 
-0.894 -7.179871328832293 
-0.892 -7.147186029407304 
-0.89 -7.114561124900077 
-0.888 -7.081996576391246 
-0.886 -7.049492345902255 
-0.884 -7.017048396391496 
-0.882 -6.984664691750502 
-0.88 -6.952341196800064 
-0.878 -6.920077877286426 
-0.876 -6.887874699877429 
-0.874 -6.85573163215867 
-0.872 -6.823648642629669 
-0.87 -6.7916257007000285 
-0.868 -6.7596627766855875 
-0.866 -6.727759841804582 
-0.864 -6.695916868173819 
-0.862 -6.66413382880482 
-0.86 -6.63241069759998 
-0.858 -6.600747449348736 
-0.856 -6.569144059723735 
-0.854 -6.537600505276974 
-0.852 -6.506116763435977 
-0.85 -6.474692812499935 
-0.848 -6.443328631635897 
-0.846 -6.412024200874898 
-0.844 -6.380779501108142 
-0.842 -6.349594514083144 
-0.84 -6.318469222399914 
-0.838 -6.287403609507082 
-0.836 -6.256397659698092 
-0.834 -6.225451358107346 
-0.832 -6.194564690706358 
-0.83 -6.16373764429993 
-0.828 -6.132970206522305 
-0.826 -6.102262365833322 
-0.8240000000000001 -6.071614111514582 
-0.8220000000000001 -6.041025433665598 
-0.8200000000000001 -6.010496323199978 
-0.8180000000000001 -5.9800267718415565 
-0.8160000000000001 -5.949616772120575 
-0.8140000000000001 -5.919266317369833 
-0.812 -5.8889754017208515 
-0.81 -5.858744020100031 
-0.808 -5.828572168224808 
-0.806 -5.798459842599824 
-0.804 -5.768407040513086 
-0.802 -5.738413760032096 
-0.8 -5.708480000000069 
-0.798 -5.678605760032042 
-0.796 -5.648791040511054 
-0.794 -5.6190358425843 
-0.792 -5.589340168159312 
-0.79 -5.559704019900082 
-0.788 -5.530127401223245 
-0.786 -5.500610316294251 
-0.784 -5.471152770023495 
-0.782 -5.4417547680624985 
-0.78 -5.412416316800058 
-0.778 -5.383137423358422 
-0.776 -5.353918095589418 
-0.774 -5.324758342070661 
-0.772 -5.29565817210166 
-0.77 -5.26661759570002 
-0.768 -5.237636623597579 
-0.766 -5.208715267236582 
-0.764 -5.179853538765819 
-0.762 -5.1510514510368175 
-0.76 -5.122309017599981 
-0.758 -5.093626252700736 
-0.756 -5.065003171275743 
-0.754 -5.036439788948982 
-0.752 -5.007936122027989 
-0.75 -4.979492187499952 
-0.748 -4.9511080030279135 
-0.746 -4.922783586946925 
-0.744 -4.8945189582601705 
-0.742 -4.866314136635179 
-0.74 -4.838169142399945 
-0.738 -4.810083996539115 
-0.736 -4.782058720690128 
-0.734 -4.754093337139376 
-0.732 -4.726187868818391 
-0.73 -4.69834233929996 
-0.728 -4.670556772794332 
-0.726 -4.642831194145343 
-0.724 -4.615165628826597 
-0.722 -4.587560102937615 
-0.72 -4.560014643199984 
-0.718 -4.532529276953557 
-0.716 -4.505104032152568 
-0.714 -4.477738937361823 
-0.712 -4.450434021752836 
-0.71 -4.423189315100005 
-0.708 -4.396004847776779 
-0.706 -4.368880650751787 
-0.704 -4.3418167555850395 
-0.702 -4.314813194424047 
-0.7 -4.287870000000012 
-0.698 -4.2609872056239855 
-0.696 -4.234164845182988 
-0.694 -4.20740295313624 
-0.692 -4.180701564511246 
-0.69 -4.154060714900014 
-0.688 -4.127480440455178 
-0.6859999999999999 -4.100960777886187 
-0.6839999999999999 -4.074501764455428 
-0.6819999999999999 -4.048103437974438 
-0.6799999999999999 -4.021765836800002 
-0.6779999999999999 -3.995488999830366 
-0.6759999999999999 -3.9692729665013724 
-0.6739999999999999 -3.943117776782617 
-0.6719999999999999 -3.9170234711736214 
-0.6699999999999999 -3.890990090699984 
-0.6679999999999999 -3.865017676909551 
-0.6659999999999999 -3.8391062718685562 
-0.6639999999999999 -3.813255918157804 
-0.6619999999999999 -3.7874666588688126 
-0.6599999999999999 -3.7617385375999772 
-0.6579999999999999 -3.7360715984527433 
-0.6559999999999999 -3.7104658860277535 
-0.6539999999999999 -3.6849214454210006 
-0.6519999999999999 -3.659438322220011 
-0.6499999999999999 -3.6340165624999825 
-0.648 -3.6086562128199517 
-0.646 -3.5833573202189624 
-0.644 -3.5581199322122132 
-0.642 -3.532944096787225 
-0.64 -3.507829862399996 
-0.638 -3.4827772779711683 
-0.636 -3.45778639288218 
-0.634 -3.432857256971432 
-0.632 -3.407989920530441 
-0.63 -3.383184434300013 
-0.628 -3.3584408494663873 
-0.626 -3.3337592176574025 
-0.624 -3.309139590938651 
-0.622 -3.284582021809663 
-0.62 -3.2600865632000335 
-0.618 -3.2356532684656063 
-0.616 -3.2112821913846195 
-0.614 -3.186973386153866 
-0.612 -3.1627269073848754 
-0.61 -3.138542810100048 
-0.608 -3.114421149728812 
-0.606 -3.090361982103821 
-0.604 -3.0663653634570696 
-0.602 -3.0424313504160785 
-0.6 -3.0185600000000434 
-0.598 -2.9947513696160097 
-0.596 -2.971005517055018 
-0.594 -2.947322500488262 
-0.592 -2.9237023784632696 
-0.59 -2.900145209900031 
-0.588 -2.876651054087194 
-0.586 -2.8532199706781998 
-0.584 -2.8298520196874444 
-0.5820000000000001 -2.8065472614864477 
-0.5800000000000001 -2.783305756800012 
-0.5780000000000001 -2.7601275667023795 
-0.5760000000000001 -2.7370127526133805 
-0.5740000000000001 -2.7139613762946224 
-0.5720000000000001 -2.690973499845624 
-0.5700000000000001 -2.6680491856999855 
-0.5680000000000001 -2.645188496621552 
-0.5660000000000001 -2.622391495700558 
-0.5640000000000001 -2.5996582463498 
-0.562 -2.576988812300803 
-0.56 -2.5543832575999676 
-0.558 -2.5318416466047347 
-0.556 -2.509364043979739 
-0.554 -2.4869505146929853 
-0.552 -2.464601124011992 
-0.55 -2.4423159374999583 
-0.548 -2.4200950210119254 
-0.546 -2.3979384406909356 
-0.544 -2.375846262964184 
-0.542 -2.353818554539192 
-0.54 -2.3318553823999615 
-0.538 -2.3099568138031312 
-0.536 -2.288122916274144 
-0.534 -2.266353757603394 
-0.532 -2.2446494058424062 
-0.53 -2.2230099292999763 
-0.528 -2.2014353965383493 
-0.526 -2.179925876369358 
-0.524 -2.158481437850614 
-0.522 -2.137102150281625 
-0.52 -2.1157880831999956 
-0.518 -2.0945393063775684 
-0.516 -2.0733558898165825 
-0.514 -2.0522379037458314 
-0.512 -2.031185418616843 
-0.51 -2.010198505100016 
-0.508 -1.9892772340807898 
-0.506 -1.9684216766558011 
-0.504 -1.9476319041290486 
-0.502 -1.9269079880080615 
-0.5 -1.906250000000035 
-0.498 -1.8856580120080066 
-0.496 -1.8651320961270137 
-0.494 -1.8446723246402659 
-0.492 -1.8242787700152738 
-0.49 -1.8039515049000419 
-0.488 -1.7836906021192072 
-0.486 -1.7634961346702158 
-0.484 -1.743368175719463 
-0.482 -1.723306798598472 
-0.48 -1.7033120768000365 
-0.478 -1.6833840839744048 
-0.476 -1.663522893925412 
-0.474 -1.643728580606654 
-0.472 -1.6240012181176586 
-0.47 -1.604340880700026 
-0.46799999999999997 -1.5847476427335916 
-0.46599999999999997 -1.5652215787325956 
-0.46399999999999997 -1.54576276334184 
-0.46199999999999997 -1.526371271332842 
-0.45999999999999996 -1.5070471776000072 
-0.45799999999999996 -1.4877905571567702 
-0.45599999999999996 -1.4686014851317768 
-0.45399999999999996 -1.449480036765021 
-0.45199999999999996 -1.4304262874040257 
-0.44999999999999996 -1.4114403124999921 
-0.44799999999999995 -1.392522187603953 
-0.44599999999999995 -1.3736719883629602 
-0.44399999999999995 -1.3548897905162047 
-0.44199999999999995 -1.33617566989121 
-0.43999999999999995 -1.3175297023999757 
-0.43799999999999994 -1.2989519640351443 
-0.43599999999999994 -1.280442530866149 
-0.43399999999999994 -1.2620014790353948 
-0.43199999999999994 -1.2436288847544017 
-0.42999999999999994 -1.2253248242999701 
-0.42799999999999994 -1.2070893740103374 
-0.42599999999999993 -1.1889226102813448 
-0.42399999999999993 -1.1708246095625945 
-0.42200000000000004 -1.1527954483536007 
-0.42000000000000004 -1.1348352031999716 
-0.41800000000000004 -1.116943950689539 
-0.41600000000000004 -1.0991217674485498 
-0.41400000000000003 -1.0813687301378 
-0.41200000000000003 -1.0636849154488102 
-0.41000000000000003 -1.0460704000999794 
-0.40800000000000003 -1.0285252608327504 
-0.406 -1.01104957440776 
-0.404 -0.993643417601011 
-0.402 -0.9763068672000206 
-0.4 -0.959039999999991 
-0.398 -0.9418428927999619 
-0.396 -0.9247156223989726 
-0.394 -0.907658265592223 
-0.392 -0.8906708991672332 
-0.39 -0.8737535999000042 
-0.388 -0.8569064445511744 
-0.386 -0.8401295098621842 
-0.384 -0.8234228725514339 
-0.382 -0.806786609310445 
-0.38 -0.7902207968000148 
-0.378 -0.773725511646384 
-0.376 -0.7573008304373915 
-0.374 -0.7409468297186417 
-0.372 -0.7246635859896493 
-0.37 -0.7084511757000178 
-0.368 -0.6923096752455855 
-0.366 -0.6762391609645934 
-0.364 -0.6602397091338406 
-0.362 -0.6443113959648477 
-0.36 -0.6284542976000158 
-0.358 -0.612668490108783 
-0.356 -0.5969540494837887 
-0.354 -0.5813110516370346 
-0.352 -0.5657395723960426 
-0.35 -0.5502396875000076 
-0.348 -0.534811472595975 
-0.346 -0.5194550032349807 
-0.344 -0.5041703548682266 
-0.34199999999999997 -0.48895760284323253 
-0.33999999999999997 -0.4738168223999983 
-0.33799999999999997 -0.4587480886671648 
-0.33599999999999997 -0.4437514766581705 
-0.33399999999999996 -0.4288270612674163 
-0.33199999999999996 -0.41397491726642344 
-0.32999999999999996 -0.3991951192999899 
-0.32799999999999996 -0.38448774188235585 
-0.32599999999999996 -0.36985285939336215 
-0.32399999999999995 -0.35529054607460825 
-0.32199999999999995 -0.34080087602561643 
-0.31999999999999995 -0.3263839231999827 
-0.31799999999999995 -0.31203976140155026 
-0.31599999999999995 -0.29776846428055886 
-0.31399999999999995 -0.28357010532980653 
-0.31199999999999994 -0.2694447578808142 
-0.30999999999999994 -0.25539249509998224 
-0.30799999999999994 -0.241413389984752 
-0.30599999999999994 -0.2275075153597609 
-0.30399999999999994 -0.21367494387300912 
-0.30199999999999994 -0.19991574799201847 
-0.29999999999999993 -0.18622999999998846 
-0.29799999999999993 -0.17261777199195744 
-0.29600000000000004 -0.15907913587096809 
-0.29400000000000004 -0.145614163344218 
-0.29200000000000004 -0.13222292591922893 
-0.29000000000000004 -0.11890549489999828 
-0.28800000000000003 -0.10566194138316876 
-0.28600000000000003 -0.09249233625417917 
-0.28400000000000003 -0.07939675018342994 
-0.28200000000000003 -0.06637525362244041 
-0.28 -0.053427916800011105 
-0.278 -0.04055480971838003 
-0.276 -0.02775600214939135 
-0.274 -0.015031563630641802 
-0.272 -0.0023815634616517634 
-0.27 0.010193929299978468 
-0.268 0.022694845842408853 
-0.266 0.03512111760339914 
-0.264 0.047472676274149216 
-0.262 0.05974945380314028 
-0.26 0.0719513823999706 
-0.258 0.08407839453920189 
-0.256 0.09613042296419352 
-0.254 0.10810740069094477 
-0.252 0.12000926101193628 
-0.25 0.13183593749996841 
-0.248 0.14358736401200134 
-0.246 0.15526347469299379 
-0.244 0.1668642039797474 
-0.242 0.17838948660474066 
-0.24 0.18983925759997397 
-0.238 0.20121345230080764 
-0.236 0.21251200634980152 
-0.23399999999999999 0.22373485570055468 
-0.23199999999999998 0.23488193662154971 
-0.22999999999999998 0.24595318569998417 
-0.22799999999999998 0.25694853984561816 
-0.22599999999999998 0.26786793629461236 
-0.22399999999999998 0.27871131261336785 
-0.22199999999999998 0.2894786067023622 
-0.21999999999999997 0.30016975679999774 
-0.21799999999999997 0.31078470148643283 
-0.21599999999999997 0.3213233796874284 
-0.21399999999999997 0.33178573067818284 
-0.21199999999999997 0.34217169408717635 
-0.20999999999999996 0.35248120990001214 
-0.20799999999999996 0.3627142184632466 
-0.20599999999999996 0.3728706604882416 
-0.20399999999999996 0.3829504770549958 
-0.20199999999999996 0.3929536096159903 
-0.19999999999999996 0.4028800000000231 
-0.19799999999999995 0.4127295904160576 
-0.19599999999999995 0.4225023234570519 
-0.19399999999999995 0.43219814210380497 
-0.19199999999999995 0.4418169897287986 
-0.18999999999999995 0.45135881010003137 
-0.18799999999999994 0.4608235473848637 
-0.18599999999999994 0.4702111461538565 
-0.18399999999999994 0.479521551384609 
-0.18199999999999994 0.48875470846560076 
-0.17999999999999994 0.4979105632000327 
-0.17799999999999994 0.5069890618096639 
-0.17599999999999993 0.5159901509386557 
-0.17399999999999993 0.5249137776574067 
-0.17199999999999993 0.5337598894663974 
-0.16999999999999993 0.5425284343000281 
-0.16799999999999993 0.551219360530459 
-0.16600000000000004 0.5598326169714486 
-0.16400000000000003 0.5683681528821987 
-0.16200000000000003 0.576825917971188 
-0.16000000000000003 0.5852058624000185 
-0.15800000000000003 0.5935079367872497 
-0.15600000000000003 0.6017320922122384 
-0.15400000000000003 0.609878280218988 
-0.15200000000000002 0.6179464528199787 
-0.15000000000000002 0.6259365625000084 
-0.14800000000000002 0.6338485622200378 
-0.14600000000000002 0.6416824054210272 
-0.14400000000000002 0.6494380460277775 
-0.14200000000000002 0.6571154384527682 
-0.14 0.6647145375999984 
-0.138 0.6722352988688279 
-0.136 0.679677678157819 
-0.134 0.6870416318685693 
-0.132 0.6943271169095607 
-0.13 0.7015340906999915 
-0.128 0.7086625111736227 
-0.126 0.7157123367826137 
-0.124 0.7226835265013652 
-0.122 0.7295760398303578 
-0.12 0.736389836799989 
-0.118 0.7431248779744222 
-0.11599999999999999 0.7497811244554148 
-0.11399999999999999 0.7563585378861674 
-0.11199999999999999 0.7628570804551607 
-0.10999999999999999 0.7692767148999937 
-0.10799999999999998 0.7756174045112262 
-0.10599999999999998 0.7818791131362203 
-0.10399999999999998 0.7880618051829741 
-0.10199999999999998 0.7941654456239676 
-0.09999999999999998 0.8001900000000026 
-0.09799999999999998 0.8061354344240361 
-0.09599999999999997 0.8120017155850301 
-0.09399999999999997 0.8177888107517837 
-0.09199999999999997 0.8234966877767784 
-0.08999999999999997 0.8291253151000126 
-0.08799999999999997 0.8346746617528462 
-0.08599999999999997 0.8401446973618417 
-0.08399999999999996 0.8455353921525953 
-0.08199999999999996 0.8508467169535895 
-0.07999999999999996 0.856078643200023 
-0.07799999999999996 0.8612311429376573 
-0.07599999999999996 0.8663041888266506 
-0.07399999999999995 0.8712977541454043 
-0.07199999999999995 0.876211812794398 
-0.06999999999999995 0.8810463393000303 
-0.06799999999999995 0.8858013088184636 
-0.06599999999999995 0.8904766971394568 
-0.06399999999999995 0.8950724806902091 
-0.061999999999999944 0.8995886365392007 
-0.05999999999999994 0.9040251424000331 
-0.05799999999999994 0.9083819766352649 
-0.05599999999999994 0.912659118260256 
-0.05399999999999994 0.9168565469470072 
-0.051999999999999935 0.9209742430279982 
-0.04999999999999993 0.9250121875000286 
-0.04799999999999993 0.9289703620280593 
-0.04599999999999993 0.9328487489490491 
-0.04399999999999993 0.9366473312757989 
-0.041999999999999926 0.9403660927007892 
-0.040000000000000036 0.9440050176000184 
-0.038000000000000034 0.9475640910368474 
-0.03600000000000003 0.9510432987658367 
-0.03400000000000003 0.9544426272365857 
-0.03200000000000003 0.9577620635975737 
-0.030000000000000027 0.9610015957000033 
-0.028000000000000025 0.9641612121016319 
-0.026000000000000023 0.9672409020706201 
-0.02400000000000002 0.9702406555893689 
-0.02200000000000002 0.9731604633583573 
-0.020000000000000018 0.9760003167999859 
-0.018000000000000016 0.9787602080624147 
-0.016000000000000014 0.9814401300234042 
-0.014000000000000012 0.9840400762941526 
-0.01200000000000001 0.9865600412231421 
-0.010000000000000009 0.9890000198999702 
-0.008000000000000007 0.9913600081592001 
-0.006000000000000005 0.9936400025841892 
-0.0040000000000000036 0.9958400005109386 
-0.0020000000000000018 0.9979600000319289 
0.0 0.9999999999999589 
0.0020000000000000018 1.0019600000319897 
0.0040000000000000036 1.0038400005129797 
0.006000000000000005 1.0056400025997312 
0.008000000000000007 1.0073600082247225 
0.010000000000000009 1.0090000200999545 
0.01200000000000001 1.0105600417207856 
0.014000000000000012 1.0120400773697775 
0.016000000000000014 1.0134401321205302 
0.018000000000000016 1.0147602118415218 
0.020000000000000018 1.0160003231999557 
0.02200000000000002 1.0171604736655877 
0.02400000000000002 1.0182406715145818 
0.026000000000000023 1.0192409258333364 
0.028000000000000025 1.0201612465223302 
0.030000000000000027 1.0210016442999645 
0.03200000000000003 1.0217621307063984 
0.03400000000000003 1.0224427181073934 
0.03600000000000003 1.0230434196981475 
0.038000000000000034 1.0235642495071433 
0.040000000000000036 1.0240052223999778 
0.04200000000000004 1.0243663540832135 
0.04400000000000004 1.0246476611082083 
0.04600000000000004 1.0248491608749637 
0.04800000000000004 1.024970871635959 
0.050000000000000044 1.0250128124999947 
0.052000000000000046 1.0249750034360288 
0.05400000000000005 1.0248574652770235 
0.05600000000000005 1.0246602197237789 
0.05800000000000005 1.0243832893487739 
0.06000000000000005 1.0240266976000083 
0.062000000000000055 1.0235904688048436 
0.06400000000000006 1.0230746281738379 
0.06600000000000006 1.0224792018045925 
0.06800000000000006 1.0218042166855859 
0.07000000000000006 1.0210497007000197 
0.07200000000000006 1.0202156826296536 
0.07400000000000007 1.0193021921586476 
0.07600000000000007 1.0183092598774006 
0.07800000000000007 1.0172369172863929 
0.08000000000000007 1.0160851968000262 
0.08200000000000007 1.014854131750458 
0.08400000000000007 1.0135437563914502 
0.08600000000000008 1.0121541059022012 
0.08800000000000008 1.010685216391193 
0.09000000000000008 1.009137124900025 
0.09200000000000008 1.0075098694072562 
0.09400000000000008 1.0058034888322471 
0.09600000000000009 1.0040180230389963 
0.09800000000000009 1.002153512839988 
0.10000000000000009 1.0002100000000185 
0.10200000000000009 0.9981875272400478 
0.10400000000000009 0.996086138241038 
0.1060000000000001 0.993905877647788 
0.1080000000000001 0.991646791072778 
0.1100000000000001 0.9893089251000076 
0.1120000000000001 0.9868923272888368 
0.1140000000000001 0.9843970461778265 
0.1160000000000001 0.9818231312885763 
0.1180000000000001 0.9791706331295654 
0.1200000000000001 0.976439603199995 
0.12200000000000011 0.9736300939936252 
0.12400000000000011 0.9707421590026144 
0.1260000000000001 0.9677758527213636 
0.1280000000000001 0.9647312306503543 
0.13000000000000012 0.9616083492999841 
0.13200000000000012 0.9584072661944143 
0.13400000000000012 0.9551280398754044 
0.13600000000000012 0.9517707299061542 
0.13800000000000012 0.9483353968751451 
0.14000000000000012 0.9448221023999759 
0.14200000000000013 0.9412309091312068 
0.14400000000000013 0.9375618807561978 
0.14600000000000013 0.93381508200295 
0.14800000000000013 0.9299905786439405 
0.15000000000000013 0.9260884374999722 
0.15200000000000014 0.9221087264440047 
0.15399999999999991 0.9180515144049968 
0.15599999999999992 0.9139168713717494 
0.15799999999999992 0.9097048683967426 
0.15999999999999992 0.9054155775999745 
0.16199999999999992 0.9010490721728086 
0.16399999999999992 0.8966054263818016 
0.16599999999999993 0.8920847155725544 
0.16799999999999993 0.8874870161735482 
0.16999999999999993 0.8828124056999813 
0.17199999999999993 0.8780609627576151 
0.17399999999999993 0.8732327670466092 
0.17599999999999993 0.8683278993653633 
0.17799999999999994 0.8633464416143567 
0.17999999999999994 0.8582884767999912 
0.18199999999999994 0.8531540890384245 
0.18399999999999994 0.8479433635594187 
0.18599999999999994 0.8426563867101731 
0.18799999999999994 0.8372932459591664 
0.18999999999999995 0.8318540299 
0.19199999999999995 0.8263388282552339 
0.19399999999999995 0.8207477318802283 
0.19599999999999995 0.8150808327669814 
0.19799999999999995 0.8093382240479754 
0.19999999999999996 0.8035200000000089 
0.20199999999999996 0.7976262560480425 
0.20399999999999996 0.7916570887690352 
0.20599999999999996 0.7856125958957881 
0.20799999999999996 0.7794928763207816 
0.20999999999999996 0.773298030100014 
0.21199999999999997 0.7670281584568466 
0.21399999999999997 0.760683363785839 
0.21599999999999997 0.7542637496565909 
0.21799999999999997 0.7477694208175835 
0.21999999999999997 0.7412004832000153 
0.22199999999999998 0.734557043921647 
0.22399999999999998 0.7278392112906394 
0.22599999999999998 0.7210470948093906 
0.22799999999999998 0.7141808051783823 
0.22999999999999998 0.7072404543000136 
0.23199999999999998 0.7002261552824448 
0.23399999999999999 0.6931380224434366 
0.236 0.6859761713141876 
0.238 0.6787407186431785 
0.24 0.6714317824000094 
0.242 0.6640494817792412 
0.244 0.656593937204232 
0.246 0.6490652703309835 
0.248 0.6414636040519743 
0.25 0.6337890625000053 
0.252 0.6260417710520367 
0.254 0.6182218563330284 
0.256 0.6103294462197787 
0.258 0.6023646698447707 
0.26 0.5943276576000022 
0.262 0.5862185411408339 
0.264 0.5780374533898257 
0.266 0.5697845285405775 
0.268 0.5614599020615687 
0.27 0.5530637107000018 
0.272 0.5445960924856328 
0.274 0.5360571867346257 
0.276 0.5274471340533781 
0.278 0.5187660763423705 
0.28 0.5100141568000031 
0.28200000000000003 0.5011915199264363 
0.28400000000000003 0.49229831152742853 
0.28600000000000003 0.48333467871818153 
0.28800000000000003 0.4743007699271748 
0.29000000000000004 0.46519673490000646 
0.29200000000000004 0.4560227247032404 
0.29400000000000004 0.44677889172823243 
0.29600000000000004 0.4374653896949855 
0.29800000000000004 0.4280823736559791 
0.30000000000000004 0.41863000000001216 
0.30200000000000005 0.40910842645604595 
0.30400000000000005 0.3995178120970386 
0.30600000000000005 0.3898583173437909 
0.30800000000000005 0.38013010396878344 
0.31000000000000005 0.3703333351000174 
0.31200000000000006 0.36046817522484975 
0.31400000000000006 0.350534790193842 
0.31600000000000006 0.34053334722459433 
0.31800000000000006 0.33046401490558786 
0.32000000000000006 0.3203269632000194 
0.32200000000000006 0.310122363449651 
0.32400000000000007 0.29985038837864336 
0.32600000000000007 0.28951121209739544 
0.32800000000000007 0.27910501010638655 
0.33000000000000007 0.26863195930001743 
0.3320000000000001 0.2580922379704489 
0.3340000000000001 0.24748602581144014 
0.3360000000000001 0.23681350392219136 
0.3380000000000001 0.2260748548111815 
0.3400000000000001 0.2152702624000129 
0.3420000000000001 0.20439991202724295 
0.3440000000000001 0.19346399045223361 
0.3460000000000001 0.18246268585898345 
0.3480000000000001 0.17139618785997351 
0.3500000000000001 0.16026468750000458 
0.3520000000000001 0.1490683772600334 
0.3540000000000001 0.1378074510610245 
0.3560000000000001 0.12648210426777448 
0.3580000000000001 0.11509253369276388 
0.3600000000000001 0.10363893759999351 
0.3620000000000001 0.09212151570882408 
0.3640000000000001 0.08054046919781412 
0.3660000000000001 0.06889600070856451 
0.3680000000000001 0.05718831434955433 
0.3700000000000001 0.04541761569998481 
0.3720000000000001 0.033584111813614925 
0.3740000000000001 0.021688011222605386 
0.3760000000000001 0.009729523941356814 
0.3780000000000001 -0.002291138529653095 
0.3800000000000001 -0.014373763200022227 
0.3820000000000001 -0.026518135585590696 
0.3840000000000001 -0.03872403970459901 
0.3860000000000001 -0.05099125807384719 
0.3880000000000001 -0.06331957170485589 
0.3900000000000001 -0.07570876010002325 
0.3920000000000001 -0.0881586012487911 
0.39400000000000013 -0.1006688716237982 
0.39600000000000013 -0.11323934617704576 
0.39800000000000013 -0.12586979833605264 
0.40000000000000013 -0.13856000000001975 
0.40200000000000014 -0.15130972153598649 
0.40400000000000014 -0.16411873177499298 
0.40600000000000014 -0.176986798008239 
0.4079999999999999 -0.18991368598324448 
0.4099999999999999 -0.20289915990001026 
0.4119999999999999 -0.21594298240717608 
0.4139999999999999 -0.22904491459818221 
0.4159999999999999 -0.2422047160074278 
0.4179999999999999 -0.25542214460643353 
0.41999999999999993 -0.26869695679999817 
0.42199999999999993 -0.2820289074223636 
0.42399999999999993 -0.2954177497333696 
0.42599999999999993 -0.30886323541461536 
0.42799999999999994 -0.32236511456562095 
0.42999999999999994 -0.3359231356999865 
0.43199999999999994 -0.3495370457415521 
0.43399999999999994 -0.36320659002055766 
0.43599999999999994 -0.37693151226980265 
0.43799999999999994 -0.39071155462081025 
0.43999999999999995 -0.40454645759997615 
0.44199999999999995 -0.418435960124743 
0.44399999999999995 -0.432379799499748 
0.44599999999999995 -0.44637771141299587 
0.44799999999999995 -0.460429429932002 
0.44999999999999996 -0.47453468749997 
0.45199999999999996 -0.48869321493193746 
0.45399999999999996 -0.5029047414109438 
0.45599999999999996 -0.517168994484192 
0.45799999999999996 -0.5314857000592006 
0.45999999999999996 -0.5458545823999696 
0.46199999999999997 -0.5602753641231373 
0.46399999999999997 -0.5747477661941472 
0.46599999999999997 -0.5892715079233953 
0.46799999999999997 -0.6038463069624052 
0.47 -0.6184718792999742 
0.472 -0.6331479392583437 
0.474 -0.6478741994893531 
0.476 -0.6626503709706042 
0.478 -0.6774761630016134 
0.48 -0.6923512831999838 
0.482 -0.7072754374975528 
0.484 -0.7222483301365634 
0.486 -0.7372696636658137 
0.488 -0.7523391389368238 
0.49 -0.7674564550999947 
0.492 -0.7826213096007647 
0.494 -0.7978333981757756 
0.496 -0.813092414849025 
0.498 -0.8283980519280363 
0.5 -0.8437500000000047 
0.502 -0.8591479479279752 
0.504 -0.8745915828469846 
0.506 -0.8900805901602358 
0.508 -0.905614653535245 
0.51 -0.9211934549000133 
0.512 -0.9368166744391826 
0.514 -0.9524839905901917 
0.516 -0.9681950800394404 
0.518 -0.9839496177184502 
0.52 -0.9997472768000182 
0.522 -1.0155877286943875 
0.524 -1.0314706430453955 
0.526 -1.0473956877266435 
0.528 -1.0633625288376516 
0.53 -1.07937083070002 
0.532 -1.0954202558535873 
0.534 -1.111510465052596 
0.536 -1.127641117261843 
0.538 -1.1438118696528499 
0.54 -1.1600223776000171 
0.542 -1.1762722946767847 
0.544 -1.1925612726517918 
0.546 -1.208888961485039 
0.548 -1.2252550093240469 
0.55 -1.2416590625000132 
0.552 -1.2581007655239804 
0.554 -1.2745797610829883 
0.556 -1.291095690036236 
0.558 -1.3076481914112437 
0.56 -1.3242369024000096 
0.562 -1.3408614583551774 
0.5640000000000001 -1.3575214927861836 
0.5660000000000001 -1.374216637355432 
0.5680000000000001 -1.3909465218744386 
0.5700000000000001 -1.4077107743000064 
0.5720000000000001 -1.4245090207303734 
0.5740000000000001 -1.4413408854013818 
0.5760000000000001 -1.458205990682628 
0.5780000000000001 -1.4751039570736357 
0.5800000000000001 -1.4920344032000037 
0.5820000000000001 -1.5089969458095707 
0.5840000000000001 -1.5259911997685784 
0.5860000000000001 -1.5430167780578254 
0.5880000000000001 -1.5600732917688338 
0.5900000000000001 -1.577160350100001 
0.5920000000000001 -1.5942775603527692 
0.5940000000000001 -1.6114245279277757 
0.5960000000000001 -1.6286008563210241 
0.5980000000000001 -1.6458061471200314 
0.6000000000000001 -1.6630399999999994 
0.6020000000000001 -1.6803020127199668 
0.6040000000000001 -1.6975917811189742 
0.6060000000000001 -1.7149088991122212 
0.6080000000000001 -1.7322529586872288 
0.6100000000000001 -1.7496235498999966 
0.6120000000000001 -1.7670202608711632 
0.6140000000000001 -1.7844426777821718 
0.6160000000000001 -1.8018903848714185 
0.6180000000000001 -1.8193629644304266 
0.6200000000000001 -1.8368599967999937 
0.6220000000000001 -1.8543810603663613 
0.6240000000000001 -1.8719257315573674 
0.6260000000000001 -1.8894935848386163 
0.6280000000000001 -1.9070841927096227 
0.6300000000000001 -1.9246971256999914 
0.6320000000000001 -1.9423319523655584 
0.6340000000000001 -1.959988239284566 
0.6360000000000001 -1.9776655510538144 
0.6380000000000001 -1.9953634502848223 
0.6400000000000001 -2.01308149759999 
0.6420000000000001 -2.0308192516287584 
0.6440000000000001 -2.0485762690037674 
0.6460000000000001 -2.0663521043570166 
0.6480000000000001 -2.0841463103160254 
0.6500000000000001 -2.101958437499993 
0.6520000000000001 -2.119788034515962 
0.6540000000000001 -2.1376346479549704 
0.6560000000000001 -2.1554978223882197 
0.6580000000000001 -2.1733771003632305 
0.6600000000000001 -2.191272022399998 
0.6620000000000001 -2.2091821269871668 
0.6640000000000001 -2.2271069505781766 
0.6659999999999999 -2.2450460275874247 
0.6679999999999999 -2.262998890386433 
0.6699999999999999 -2.2809650693000028 
0.6719999999999999 -2.298944092602373 
0.6739999999999999 -2.3169354865133798 
0.6759999999999999 -2.3349387751946296 
0.6779999999999999 -2.3529534807456396 
0.6799999999999999 -2.3709791232000086 
0.6819999999999999 -2.389015220521578 
0.6839999999999999 -2.4070612886005867 
0.6859999999999999 -2.4251168412498347 
0.688 -2.4431813902008437 
0.69 -2.461254445100012 
0.692 -2.47933551350478 
0.694 -2.4974241008797864 
0.696 -2.5155197105930345 
0.698 -2.5336218439120417 
0.7 -2.551730000000009 
0.702 -2.569843675911976 
0.704 -2.5879623665909834 
0.706 -2.60608556486423 
0.708 -2.624212761439235 
0.71 -2.6423434449000003 
0.712 -2.660477101703167 
0.714 -2.678613216174175 
0.716 -2.6967512705034205 
0.718 -2.714890744742427 
0.72 -2.7330311167999928 
0.722 -2.751171862438358 
0.724 -2.7693124552693633 
0.726 -2.7874523667506113 
0.728 -2.805591066181617 
0.73 -2.8237280206999875 
0.732 -2.8418626952775528 
0.734 -2.859994552716561 
0.736 -2.8781230536458087 
0.738 -2.8962476565168163 
0.74 -2.9143678175999854 
0.742 -2.9324829909807546 
0.744 -2.950592628555764 
0.746 -2.9686961800290135 
0.748 -2.9867930929080235 
0.75 -3.0048828124999925 
0.752 -3.0229647819079624 
0.754 -3.0410384420269736 
0.756 -3.0591032315402247 
0.758 -3.077158586915235 
0.76 -3.0952039424000066 
0.762 -3.1132387300191753 
0.764 -3.1312623795701886 
0.766 -3.1492743186194385 
0.768 -3.1672739724984504 
0.77 -3.18526076430002 
0.772 -3.203234114874388 
0.774 -3.221193442825398 
0.776 -3.2391381645066466 
0.778 -3.2570676940176573 
0.78 -3.274981443200024 
0.782 -3.292878821633591 
0.784 -3.3107592366325993 
0.786 -3.328622093241845 
0.788 -3.346466794232854 
0.79 -3.3642927401000167 
0.792 -3.3820993290567833 
0.794 -3.3998859570317888 
0.796 -3.417652017665032 
0.798 -3.435396902304039 
0.8 -3.4531200000000033 
0.802 -3.4708206975039673 
0.804 -3.488498379262971 
0.806 -3.506152427416214 
0.808 -3.5237822217912207 
0.81 -3.5413871398999848 
0.812 -3.5589665569351507 
0.8140000000000001 -3.5765198457661556 
0.8160000000000001 -3.594046376935402 
0.8180000000000001 -3.61154551865441 
0.8200000000000001 -3.629016636799976 
0.8220000000000001 -3.6464590949103433 
0.8240000000000001 -3.6638722541813533 
0.8260000000000001 -3.681255473462602 
0.8280000000000001 -3.6986081092536107 
0.8300000000000001 -3.7159295156999823 
0.8320000000000001 -3.7332190445895552 
0.8340000000000001 -3.750476045348565 
0.8360000000000001 -3.767699865037815 
0.8380000000000001 -3.784889848348827 
0.8400000000000001 -3.802045337599999 
0.8420000000000001 -3.8191656727327707 
0.8440000000000001 -3.8362501913077827 
0.8460000000000001 -3.8532982285010347 
0.8480000000000001 -3.870309117100044 
0.8500000000000001 -3.8872821875000163 
0.8520000000000001 -3.9042167676999844 
0.8540000000000001 -3.9211121832989955 
0.8560000000000001 -3.937967757492243 
0.8580000000000001 -3.9547828110672496 
0.8600000000000001 -3.971556662400017 
0.8620000000000001 -3.9882886274511846 
0.8640000000000001 -4.004978019762189 
0.8660000000000001 -4.021624150451436 
0.8680000000000001 -4.038226328210441 
0.8700000000000001 -4.054783859300005 
0.8720000000000001 -4.071296047546369 
0.8740000000000001 -4.087762194337375 
0.8760000000000001 -4.1041815986186165 
0.8780000000000001 -4.120553556889623 
0.8800000000000001 -4.136877363199989 
0.8820000000000001 -4.1531523091455576 
0.8840000000000001 -4.169377683864562 
0.8860000000000001 -4.185552774033807 
0.8880000000000001 -4.201676863864817 
0.8900000000000001 -4.217749235099987 
0.8920000000000001 -4.233769167008762 
0.8940000000000001 -4.249735936383773 
0.8960000000000001 -4.265648817537024 
0.8980000000000001 -4.281507082296039 
0.9000000000000001 -4.297310000000013 
0.9020000000000001 -4.313056837495985 
0.9040000000000001 -4.328746859134998 
0.9060000000000001 -4.3443793267682524 
0.9080000000000001 -4.359953499743267 
0.9100000000000001 -4.375468634900036 
0.9120000000000001 -4.390923986567202 
0.9140000000000001 -4.40631880655821 
0.9160000000000001 -4.421652344167459 
0.9180000000000001 -4.436923846166461 
0.9199999999999999 -4.452132556800018 
0.9219999999999999 -4.467277717782378 
0.9239999999999999 -4.482358568293377 
0.9259999999999999 -4.497374344974616 
0.9279999999999999 -4.512324281925613 
0.9299999999999999 -4.5272076106999695 
0.9319999999999999 -4.542023560301529 
0.9339999999999999 -4.556771357180529 
0.9359999999999999 -4.571450225229772 
0.938 -4.586059385780779 
0.94 -4.60059805759995 
0.942 -4.6150654568847225 
0.944 -4.629460797259741 
0.946 -4.643783289773003 
0.948 -4.658032142892029 
0.95 -4.67220656250001 
0.952 -4.686305751891992 
0.954 -4.700328911771015 
0.956 -4.714275240244277 
0.958 -4.728143932819291 
0.96 -4.741934182400056 
0.962 -4.755645179283219 
0.964 -4.769276111154213 
0.966 -4.782826163083442 
0.968 -4.796294517522422 
0.97 -4.809680354299961 
0.972 -4.822982850618307 
0.974 -4.836201181049299 
0.976 -4.849334517530537 
0.978 -4.862382029361555 
0.98 -4.8753428831999415 
0.982 -4.888216243057546 
0.984 -4.901001270296604 
0.986 -4.913697123625898 
0.988 -4.926302959096937 
0.99 -4.938817930100098 
0.992 -4.951241187360815 
0.994 -4.963571878935727 
0.996 -4.9758091502088755 
0.998 -4.987952143887897 
