-1.0 150.33432643522218 
-0.998 145.52377168435868 
-0.996 140.83232812432104 
-0.994 136.2577673390327 
-0.992 131.7978924340757 
-0.99 127.4505377027778 
-0.988 123.21356829487222 
-0.986 119.08487988771883 
-0.984 115.06239836007137 
-0.982 111.14407946837731 
-0.98 107.32790852559877 
-0.978 103.61190008253803 
-0.976 99.9940976116573 
-0.974 96.47257319337645 
-0.972 93.04542720483806 
-0.97 89.71078801112584 
-0.968 86.46681165892045 
-0.966 83.31168157258475 
-0.964 80.24360825265987 
-0.962 77.2608289767637 
-0.96 74.36160750287512 
-0.958 71.5442337749932 
-0.956 68.80702363115716 
-0.954 66.14831851381618 
-0.952 63.56648518253193 
-0.95 61.0599154290073 
-0.948 58.62702579442173 
-0.946 56.26625728906592 
-0.944 53.97607511426018 
-0.942 51.75496838654437 
-0.94 49.6014498641273 
-0.938 47.514055675582384 
-0.9359999999999999 45.49134505077869 
-0.9339999999999999 43.531900054031055 
-0.9319999999999999 41.63432531946176 
-0.9299999999999999 39.797247788557385 
-0.9279999999999999 38.019316449910875 
-0.926 36.299202081135405 
-0.924 34.63559699293716 
-0.922 33.02721477533744 
-0.92 31.47279004602782 
-0.918 29.971078200850716 
-0.916 28.520855166389005 
-0.914 27.120917154656176 
-0.912 25.77008041987235 
-0.91 24.4671810173157 
-0.908 23.21107456423692 
-0.906 22.00063600282497 
-0.904 20.83475936521086 
-0.902 19.712357540500914 
-0.9 18.632362043823605 
-0.898 17.593722787381513 
-0.896 16.595407853495065 
-0.894 15.63640326962692 
-0.892 14.715712785374722 
-0.89 13.83235765142244 
-0.888 12.985376400435616 
-0.886 12.173824629892906 
-0.884 11.396774786838945 
-0.882 10.653315954549317 
-0.88 9.942553641095298 
-0.878 9.263609569797655 
-0.876 8.615621471557436 
-0.874 7.997742879053221 
-0.872 7.40914292279316 
-0.87 6.849006129010682 
-0.868 6.3165322193932 
-0.866 5.8109359126319 
-0.864 5.331446727782406 
-0.862 4.877308789424774 
-0.86 4.447780634611827 
-0.858 4.042135021595158 
-0.856 3.6596587403180787 
-0.854 3.2996524246639605 
-0.852 2.9614303664498163 
-0.85 2.644320331153983 
-0.848 2.3476633753674907 
-0.846 2.07081366595793 
-0.844 1.8131383009357354 
-0.842 1.5740171320118947 
-0.84 1.3528425888364537 
-0.838 1.149019504907573 
-0.836 0.961964945140567 
-0.834 0.7911080350860276 
-0.832 0.6358897917874243 
-0.83 0.49576295626698236 
-0.828 0.37019182762990477 
-0.826 0.2586520987768016 
-0.8240000000000001 0.16063069371351468 
-0.8220000000000001 0.0756256064486599 
-0.8200000000000001 0.0031457414683363494 
-0.8180000000000001 -0.05728924422200066 
-0.8160000000000001 -0.10614909749856372 
-0.8140000000000001 -0.14389312397338228 
-0.812 -0.1709703413115773 
-0.81 -0.18781963102157362 
-0.808 -0.19486988872846656 
-0.806 -0.19254017294032044 
-0.804 -0.1812398523172829 
-0.802 -0.1613687514535147 
-0.8 -0.13331729518139812 
-0.798 -0.09746665140823674 
-0.796 -0.054188872494833396 
-0.794 -0.003847035185790215 
-0.792 0.0532046208988286 
-0.79 0.11662055620084133 
-0.788 0.18606379558080066 
-0.786 0.2612057940847339 
-0.784 0.34172630411114224 
-0.782 0.4273132439691709 
-0.78 0.5176625678181523 
-0.778 0.6124781369790429 
-0.776 0.7114715926090889 
-0.774 0.8143622297294579 
-0.772 0.9208768725971932 
-0.77 1.03074975141209 
-0.768 1.1437223803492886 
-0.766 1.2595434369081004 
-0.764 1.3779686425687094 
-0.762 1.4987606447466484 
-0.76 1.621688900036768 
-0.758 1.7465295587373946 
-0.756 1.8730653506455608 
-0.754 2.0010854721146343 
-0.752 2.1303854743651076 
-0.75 2.260767153040095 
-0.748 2.392038438996064 
-0.746 2.524013290320773 
-0.744 2.656511585569068 
-0.742 2.789359018207818 
-0.74 2.9223869922618047 
-0.738 3.0554325191511102 
-0.736 3.188338115712262 
-0.734 3.3209517033938205 
-0.732 3.4531265086181335 
-0.73 3.584720964300929 
-0.728 3.715598612519755 
-0.726 3.845628008323554 
-0.724 3.974682624674065 
-0.722 4.102640758511522 
-0.72 4.229385437935801 
-0.718 4.354804330494718 
-0.716 4.478789652571643 
-0.714 4.601238079863423 
-0.712 4.722050658941392 
-0.71 4.8411327198864225 
-0.708 4.9583937899902555 
-0.706 5.073747508515336 
-0.704 5.187111542504287 
-0.702 5.298407503631828 
-0.7 5.407560866090728 
-0.698 5.514500885503762 
-0.696 5.619160518854013 
-0.694 5.7214763454254705 
-0.692 5.821388488746112 
-0.69 5.9188405395256165 
-0.688 6.013779479580024 
-0.6859999999999999 6.106155606735468 
-0.6839999999999999 6.195922460703335 
-0.6819999999999999 6.283036749919141 
-0.6799999999999999 6.367458279337529 
-0.6779999999999999 6.449149879175754 
-0.6759999999999999 6.5280773345979295 
-0.6739999999999999 6.604209316332934 
-0.6719999999999999 6.677517312217704 
-0.6699999999999999 6.747975559659267 
-0.6679999999999999 6.815560979007563 
-0.6659999999999999 6.880253107831776 
-0.6639999999999999 6.942034036092725 
-0.6619999999999999 7.000888342204217 
-0.6599999999999999 7.056803029975741 
-0.6579999999999999 7.109767466429402 
-0.6559999999999999 7.159773320483859 
-0.6539999999999999 7.206814502498025 
-0.6519999999999999 7.2508871046672185 
-0.6499999999999999 7.29198934226493 
-0.648 7.330121495722881 
-0.646 7.365285853542158 
-0.644 7.397486656028918 
-0.642 7.426730039846797 
-0.64 7.453023983380128 
-0.638 7.476378252899855 
-0.636 7.496804349526342 
-0.634 7.514315456981237 
-0.632 7.52892639012225 
-0.63 7.540653544253676 
-0.628 7.549514845205973 
-0.626 7.55552970017759 
-0.624 7.558718949332498 
-0.622 7.559104818146454 
-0.62 7.556710870495733 
-0.618 7.551561962481216 
-0.616 7.54368419698176 
-0.614 7.533104878929917 
-0.612 7.519852471303651 
-0.61 7.503956551827538 
-0.608 7.485447770376982 
-0.606 7.464357807078934 
-0.604 7.44071933110291 
-0.602 7.414565960135784 
-0.6 7.385932220534003 
-0.598 7.354853508147114 
-0.596 7.321366049806117 
-0.594 7.285506865470499 
-0.592 7.247313731027844 
-0.59 7.206825141739511 
-0.588 7.164080276326823 
-0.586 7.119118961690869 
-0.584 7.071981638260621 
-0.5820000000000001 7.022709325962741 
-0.5800000000000001 6.971343590807359 
-0.5780000000000001 6.917926512083743 
-0.5760000000000001 6.8625006501598556 
-0.5740000000000001 6.805109014879963 
-0.5720000000000001 6.745795034554402 
-0.5700000000000001 6.684602525535428 
-0.5680000000000001 6.62157566237372 
-0.5660000000000001 6.556758948549183 
-0.5640000000000001 6.490197187770875 
-0.562 6.421935455839842 
-0.56 6.352019073069411 
-0.558 6.280493577257082 
-0.556 6.2074046972025165 
-0.554 6.132798326765931 
-0.552 6.056720499461293 
-0.55 5.97921736357882 
-0.548 5.900335157831086 
-0.546 5.820120187517497 
-0.544 5.738618801201312 
-0.542 5.6558773678942185 
-0.54 5.5719422547425586 
-0.538 5.486859805210201 
-0.536 5.400676317752509 
-0.534 5.3134380249760955 
-0.532 5.22519107327914 
-0.53 5.135981502967079 
-0.528 5.045855228838042 
-0.526 4.954858021233323 
-0.524 4.863035487547534 
-0.522 4.770433054192898 
-0.52 4.677095949013402 
-0.518 4.5830691841428095 
-0.516 4.488397539302072 
-0.514 4.393125545530877 
-0.512 4.297297469348451 
-0.51 4.200957297338374 
-0.508 4.10414872115282 
-0.506 4.006915122931001 
-0.504 3.9092995611272174 
-0.502 3.8113447567432983 
-0.5 3.713093079960853 
-0.498 3.614586537168522 
-0.496 3.515866758379293 
-0.494 3.416974985033395 
-0.492 3.3179520581815902 
-0.49 3.2188384070448697 
-0.488 3.1196740379450976 
-0.486 3.0204985236026367 
-0.484 2.9213509927958885 
-0.482 2.8222701203785405 
-0.48 2.72329411764949 
-0.478 2.624460723071534 
-0.476 2.525807193333773 
-0.474 2.4273702947535174 
-0.472 2.329186295013355 
-0.47 2.2312909552286717 
-0.46799999999999997 2.133719522341469 
-0.46599999999999997 2.0365067218360333 
-0.46399999999999997 1.9396867507722684 
-0.46199999999999997 1.8432932711319578 
-0.45999999999999996 1.7473594034744213 
-0.45799999999999996 1.6519177208963571 
-0.45599999999999996 1.5570002432926366 
-0.45399999999999996 1.462638431913063 
-0.45199999999999996 1.3688631842114287 
-0.44999999999999996 1.2757048289824247 
-0.44799999999999995 1.183193121782455 
-0.44599999999999995 1.0913572406302767 
-0.44399999999999995 1.0002257819831388 
-0.44199999999999995 0.9098267569848835 
-0.43999999999999995 0.8201875879814684 
-0.43799999999999994 0.7313351053002064 
-0.43599999999999994 0.6432955442888066 
-0.43399999999999994 0.5560945426101691 
-0.43199999999999994 0.46975713778898753 
-0.42999999999999994 0.3843077650064244 
-0.42799999999999994 0.2997702551389414 
-0.42599999999999993 0.21616783303743092 
-0.42399999999999993 0.13352311604288403 
-0.42200000000000004 0.05185811273483554 
-0.42000000000000004 -0.028805778091259615 
-0.41800000000000004 -0.10844776822125779 
-0.41600000000000004 -0.18704768059803034 
-0.41400000000000003 -0.26458594967935023 
-0.41200000000000003 -0.3410436215812369 
-0.41000000000000003 -0.41640235401091885 
-0.40800000000000003 -0.4906444159926382 
-0.406 -0.5637526873898453 
-0.404 -0.6357106582276971 
-0.402 -0.7065024278188771 
-0.4 -0.776112703696597 
-0.398 -0.8445268003581622 
-0.396 -0.9117306378223903 
-0.394 -0.9777107400044772 
-0.392 -1.0424542329116884 
-0.39 -1.1059488426631279 
-0.388 -1.1681828933369276 
-0.386 -1.2291453046484953 
-0.384 -1.2888255894625655 
-0.382 -1.347213851142703 
-0.38 -1.4043007807415722 
-0.378 -1.4600776540348503 
-0.376 -1.5145363284021456 
-0.374 -1.567669239558263 
-0.372 -1.6194693981377066 
-0.37 -1.6699303861355306 
-0.368 -1.7190463532080522 
-0.366 -1.7668120128357812 
-0.364 -1.8132226383523322 
-0.362 -1.858274058841966 
-0.36 -1.9019626549086268 
-0.358 -1.9442853543200425 
-0.356 -1.9852396275289912 
-0.354 -2.024823483075496 
-0.352 -2.063035462872217 
-0.35 -2.0998746373764368 
-0.348 -2.135340600650925 
-0.346 -2.1694334653171583 
-0.344 -2.2021538574030735 
-0.34199999999999997 -2.2335029110887312 
-0.33999999999999997 -2.2634822633522016 
-0.33799999999999997 -2.2920940485185293 
-0.33599999999999997 -2.3193408927147696 
-0.33399999999999996 -2.345225908233363 
-0.33199999999999996 -2.369752687806742 
-0.32999999999999996 -2.392925298796009 
-0.32799999999999996 -2.414748277295703 
-0.32599999999999996 -2.4352266221581194 
-0.32399999999999995 -2.4543657889388886 
-0.32199999999999995 -2.472171683767005 
-0.31999999999999995 -2.488650657141698 
-0.31799999999999995 -2.5038094976581666 
-0.31599999999999995 -2.5176554256655383 
-0.31399999999999995 -2.5301960868587967 
-0.31199999999999994 -2.541439545807368 
-0.30999999999999994 -2.5513942794228313 
-0.30799999999999994 -2.5600691703682075 
-0.30599999999999994 -2.567473500411034 
-0.30399999999999994 -2.5736169437224206 
-0.30199999999999994 -2.5785095601251595 
-0.29999999999999993 -2.5821617882921863 
-0.29799999999999993 -2.584584438898508 
-0.29600000000000004 -2.5857886877283733 
-0.29400000000000004 -2.585786068740159 
-0.29200000000000004 -2.584588467091034 
-0.29000000000000004 -2.5822081121239537 
-0.28800000000000003 -2.578657570318585 
-0.28600000000000003 -2.5739497382087455 
-0.28400000000000003 -2.5680978352686092 
-0.28200000000000003 -2.5611153967692055 
-0.28 -2.5530162666078353 
-0.278 -2.54381459011248 
-0.276 -2.533524806822788 
-0.274 -2.5221616432500635 
-0.272 -2.5097401056182402 
-0.27 -2.49627547258764 
-0.268 -2.481783287963673 
-0.266 -2.4662793533922924 
-0.264 -2.44977972104409 
-0.262 -2.43230068628916 
-0.26 -2.413858780364391 
-0.258 -2.3944707630351134 
-0.256 -2.374153615252959 
-0.254 -2.352924531811845 
-0.252 -2.330800914003479 
-0.25 -2.307800362274878 
-0.248 -2.283940668888926 
-0.246 -2.259239810590155 
-0.244 -2.2337159412772762 
-0.242 -2.207387384684295 
-0.24 -2.1802726270717407 
-0.238 -2.1523903099297703 
-0.236 -2.1237592226947086 
-0.23399999999999999 -2.0943982954807256 
-0.23199999999999998 -2.064326591828165 
-0.22999999999999998 -2.0335633014701706 
-0.22799999999999998 -2.0021277331190026 
-0.22599999999999998 -1.9700393072739828 
-0.22399999999999998 -1.9373175490519867 
-0.22199999999999998 -1.9039820810425823 
-0.21999999999999997 -1.8700526161887985 
-0.21799999999999997 -1.8355489506952867 
-0.21599999999999997 -1.8004909569653573 
-0.21399999999999997 -1.7648985765679077 
-0.21199999999999997 -1.728791813236191 
-0.20999999999999996 -1.6921907258992162 
-0.20799999999999996 -1.6551154217478692 
-0.20599999999999996 -1.6175860493362755 
-0.20399999999999996 -1.5796227917203816 
-0.20199999999999996 -1.541245859634734 
-0.19999999999999996 -1.5024754847087967 
-0.19799999999999995 -1.4633319127242048 
-0.19599999999999995 -1.4238353969139064 
-0.19399999999999995 -1.3840061913048634 
-0.19199999999999995 -1.3438645441049495 
-0.18999999999999995 -1.303430691135924 
-0.18799999999999994 -1.2627248493130123 
-0.18599999999999994 -1.2217672101725412 
-0.18399999999999994 -1.1805779334489797 
-0.18199999999999994 -1.1391771407019613 
-0.17999999999999994 -1.0975849089949086 
-0.17799999999999994 -1.0558212646261247 
-0.17599999999999993 -1.0139061769132207 
-0.17399999999999993 -0.9718595520324373 
-0.17199999999999993 -0.929701226913217 
-0.16999999999999993 -0.8874509631898106 
-0.16799999999999993 -0.8451284412100595 
-0.16600000000000004 -0.8027532541030626 
-0.16400000000000003 -0.7603449019063704 
-0.16200000000000003 -0.7179227857533554 
-0.16000000000000003 -0.6755062021224283 
-0.15800000000000003 -0.6331143371481833 
-0.15600000000000003 -0.5907662609959643 
-0.15400000000000003 -0.5484809223003058 
-0.15200000000000002 -0.5062771426683867 
-0.15000000000000002 -0.4641736112493047 
-0.14800000000000002 -0.42218887936956784 
-0.14600000000000002 -0.3803413552364454 
-0.14400000000000002 -0.3386492987089247 
-0.14200000000000002 -0.2971308161379982 
-0.14 -0.25580385527628247 
-0.138 -0.2146862002582106 
-0.136 -0.17379546665119783 
-0.134 -0.1331490965786768 
-0.132 -0.09276435391550275 
-0.13 -0.052658319556638356 
-0.128 -0.01284788675933135 
-0.126 0.026650243439919175 
-0.124 0.06581956673370626 
-0.122 0.10464377997628471 
-0.12 0.14310678554000633 
-0.118 0.18119269559489748 
-0.11599999999999999 0.21888583631107705 
-0.11399999999999999 0.25617075198326633 
-0.11199999999999999 0.29303220907686467 
-0.10999999999999999 0.3294552001953337 
-0.10799999999999998 0.36542494796806313 
-0.10599999999999998 0.4009269088586165 
-0.10399999999999998 0.43594677689258066 
-0.10199999999999998 0.47047048730474983 
-0.09999999999999998 0.5044842201052759 
-0.09799999999999998 0.5379744035641834 
-0.09599999999999997 0.5709277176140599 
-0.09399999999999997 0.6033310971704955 
-0.09199999999999997 0.6351717353697343 
-0.08999999999999997 0.6664370867235078 
-0.08799999999999997 0.6971148701904661 
-0.08599999999999997 0.7271930721641161 
-0.08399999999999996 0.7566599493766397 
-0.08199999999999996 0.7855040317186766 
-0.07999999999999996 0.8137141249746083 
-0.07799999999999996 0.8412793134731218 
-0.07599999999999996 0.8681889626527939 
-0.07399999999999995 0.894432721542613 
-0.07199999999999995 0.9200005251569275 
-0.06999999999999995 0.9448825968050695 
-0.06799999999999995 0.9690694503149688 
-0.06599999999999995 0.9925518921712413 
-0.06399999999999995 1.0153210235666945 
-0.061999999999999944 1.0373682423681323 
-0.05999999999999994 1.0586852449956377 
-0.05799999999999994 1.0792640282154085 
-0.05599999999999994 1.099096890846221 
-0.05399999999999994 1.1181764353792447 
-0.051999999999999935 1.1364955695111691 
-0.04999999999999993 1.1540475075908156 
-0.04799999999999993 1.1708257719788933 
-0.04599999999999993 1.1868241943210207 
-0.04399999999999993 1.202036916734157 
-0.041999999999999926 1.2164583929060981 
-0.040000000000000036 1.2300833891084226 
-0.038000000000000034 1.2429069851227292 
-0.03600000000000003 1.2549245750801816 
-0.03400000000000003 1.2661318682146687 
-0.03200000000000003 1.2765248895293089 
-0.030000000000000027 1.2860999803766369 
-0.028000000000000025 1.294853798952604 
-0.026000000000000023 1.3027833207042367 
-0.02400000000000002 1.3098858386514327 
-0.02200000000000002 1.3161589636227695 
-0.020000000000000018 1.3216006244055936 
-0.018000000000000016 1.3262090678106848 
-0.016000000000000014 1.3299828586512907 
-0.014000000000000012 1.3329208796373129 
-0.01200000000000001 1.3350223311841984 
-0.010000000000000009 1.3362867311373874 
-0.008000000000000007 1.3367139144119837 
-0.006000000000000005 1.3363040325484787 
-0.0040000000000000036 1.3350575531841302 
-0.0020000000000000018 1.332975259440945 
0.0 1.3300582492300201 
0.0020000000000000018 1.3263079344728195 
0.0040000000000000036 1.321726040239661 
0.006000000000000005 1.3163146038055982 
0.008000000000000007 1.3100759736243444 
0.010000000000000009 1.3030128082201036 
0.01200000000000001 1.2951280749982659 
0.014000000000000012 1.2864250489746665 
0.016000000000000014 1.2769073114245413 
0.018000000000000016 1.2665787484509037 
0.020000000000000018 1.2554435494731193 
0.02200000000000002 1.2435062056360116 
0.02400000000000002 1.2307715081400166 
0.026000000000000023 1.217244546492602 
0.028000000000000025 1.2029307066816533 
0.030000000000000027 1.1878356692712364 
0.03200000000000003 1.1719654074200128 
0.03400000000000003 1.1553261848230836 
0.03600000000000003 1.1379245535777573 
0.038000000000000034 1.119767351973272 
0.040000000000000036 1.1008617022058813 
0.04200000000000004 1.081215008018781 
0.04400000000000004 1.0608349522683815 
0.04600000000000004 1.0397294944169024 
0.04800000000000004 1.017906867952074 
0.050000000000000044 0.9953755777343759 
0.052000000000000046 0.9721443972726649 
0.05400000000000005 0.9482223659285178 
0.05600000000000005 0.9236187860501228 
0.05800000000000005 0.8983432200361641 
0.06000000000000005 0.8724054873304323 
0.062000000000000055 0.8458156613478146 
0.06400000000000006 0.8185840663322907 
0.06600000000000006 0.7907212741476507 
0.06800000000000006 0.7622381010013337 
0.07000000000000006 0.733145604102757 
0.07200000000000006 0.7034550782558914 
0.07400000000000007 0.673178052387587 
0.07600000000000007 0.6423262860120668 
0.07800000000000007 0.6109117656320892 
0.08000000000000007 0.5789467010779815 
0.08200000000000007 0.5464435217848947 
0.08400000000000007 0.5134148730093391 
0.08600000000000008 0.4798736119854867 
0.08800000000000008 0.44583280402217806 
0.09000000000000008 0.4113057185415473 
0.09200000000000008 0.37630582505971355 
0.09400000000000008 0.34084678911060506 
0.09600000000000009 0.30494246811388326 
0.09800000000000009 0.2686069071872017 
0.10000000000000009 0.23185433490431162 
0.10200000000000009 0.1946991589995115 
0.10400000000000009 0.15715596201923643 
0.1060000000000001 0.11923949692193547 
0.1080000000000001 0.0809646826266972 
0.1100000000000001 0.042346599511990934 
0.1120000000000001 0.0034004848650299735 
0.1140000000000001 -0.03585827171723732 
0.1160000000000001 -0.07541413297449062 
0.1180000000000001 -0.11525141867580646 
0.1200000000000001 -0.15535431035844227 
0.12200000000000011 -0.19570685611077687 
0.12400000000000011 -0.2362929753991998 
0.1260000000000001 -0.2770964639378599 
0.1280000000000001 -0.3181009985999923 
0.13000000000000012 -0.35929014237028056 
0.13200000000000012 -0.400647349336833 
0.13400000000000012 -0.44215596972239246 
0.13600000000000012 -0.4837992549530701 
0.13800000000000012 -0.5255603627640995 
0.14000000000000012 -0.5674223623414356 
0.14200000000000013 -0.6093682394983353 
0.14400000000000013 -0.6513809018855408 
0.14600000000000013 -0.6934431842343145 
0.14800000000000013 -0.7355378536313009 
0.15000000000000013 -0.7776476148241158 
0.15200000000000014 -0.819755115556237 
0.15399999999999991 -0.8618429519310231 
0.15599999999999992 -0.9038936738026699 
0.15799999999999992 -0.9458897901939611 
0.15999999999999992 -0.987813774739227 
0.16199999999999992 -1.0296480711514933 
0.16399999999999992 -1.0713750987127928 
0.16599999999999993 -1.1129772577864294 
0.16799999999999993 -1.1544369353504518 
0.16999999999999993 -1.1957365105504978 
0.17199999999999993 -1.2368583602713588 
0.17399999999999993 -1.2777848647264656 
0.17599999999999993 -1.3184984130630029 
0.17799999999999994 -1.3589814089830798 
0.17999999999999994 -1.3992162763781637 
0.18199999999999994 -1.4391854649770017 
0.18399999999999994 -1.4788714560048235 
0.18599999999999994 -1.5182567678533179 
0.18799999999999994 -1.557323961759932 
0.18999999999999995 -1.596055647495145 
0.19199999999999995 -1.6344344890569436 
0.19399999999999995 -1.672443210370826 
0.19599999999999995 -1.7100646009943514 
0.19799999999999995 -1.747281521825344 
0.19999999999999996 -1.7840769108115146 
0.20199999999999996 -1.8204337886616533 
0.20399999999999996 -1.856335264556048 
0.20599999999999996 -1.8917645418551232 
0.20799999999999996 -1.9267049238057254 
0.20999999999999996 -1.9611398192428593 
0.21199999999999997 -1.995052748286071 
0.21399999999999997 -2.028427348029422 
0.21599999999999997 -2.0612473782231997 
0.21799999999999997 -2.093496726946692 
0.21999999999999997 -2.1251594162702716 
0.22199999999999998 -2.156219607905842 
0.22399999999999998 -2.1866616088441786 
0.22599999999999998 -2.2164698769778006 
0.22799999999999998 -2.245629026708161 
0.22999999999999998 -2.2741238345360695 
0.23199999999999998 -2.301939244633394 
0.23399999999999999 -2.329060374395671 
0.236 -2.355472519973116 
0.238 -2.3811611617799002 
0.24 -2.4061119699794817 
0.242 -2.4303108099451283 
0.244 -2.45374374769397 
0.246 -2.476397055293499 
0.248 -2.4982572162390526 
0.25 -2.519310930800872 
0.252 -2.5395451213393074 
0.254 -2.5589469375871827 
0.256 -2.577503761897389 
0.258 -2.5952032144547257 
0.26 -2.612033158450452 
0.262 -2.6279817052183057 
0.264 -2.643037219330392 
0.266 -2.6571883236515172 
0.268 -2.670423904351056 
0.27 -2.682733115870154 
0.272 -2.6941053858436557 
0.274 -2.7045304199747626 
0.276 -2.7139982068612505 
0.278 -2.722499022771987 
0.28 -2.7300234363718436 
0.28200000000000003 -2.73656231339405 
0.28400000000000003 -2.7421068212585116 
0.28600000000000003 -2.7466484336341637 
0.28800000000000003 -2.750178934944657 
0.29000000000000004 -2.75269042481533 
0.29200000000000004 -2.754175322460476 
0.29400000000000004 -2.7546263710088894 
0.29600000000000004 -2.754036641767081 
0.29800000000000004 -2.752399538417808 
0.30000000000000004 -2.74970880115311 
0.30200000000000005 -2.7459585107399946 
0.30400000000000005 -2.741143092517682 
0.30600000000000005 -2.7352573203245383 
0.30800000000000005 -2.7282963203535964 
0.31000000000000005 -2.7202555749348525 
0.31200000000000006 -2.711130926243147 
0.31400000000000006 -2.700918579930111 
0.31600000000000006 -2.689615108678412 
0.31800000000000006 -2.6772174556773134 
0.32000000000000006 -2.663722938017472 
0.32200000000000006 -2.649129250004154 
0.32400000000000007 -2.633434466386822 
0.32600000000000007 -2.6166370455037544 
0.32800000000000007 -2.598735832340429 
0.33000000000000007 -2.57973006149997 
0.3320000000000001 -2.55961936008412 
0.3340000000000001 -2.5384037504833783 
0.3360000000000001 -2.5160836530747464 
0.3380000000000001 -2.492659888825526 
0.3400000000000001 -2.4681336818018775 
0.3420000000000001 -2.4425066615801834 
0.3440000000000001 -2.4157808655603024 
0.3460000000000001 -2.3879587411786574 
0.3480000000000001 -2.3590431480200755 
0.3500000000000001 -2.329037359826544 
0.3520000000000001 -2.297945066401579 
0.3540000000000001 -2.265770375408566 
0.3560000000000001 -2.2325178140616404 
0.3580000000000001 -2.198192330707585 
0.3600000000000001 -2.1627992962971168 
0.3620000000000001 -2.1263445057441457 
0.3640000000000001 -2.088834179171546 
0.3660000000000001 -2.050274963041693 
0.3680000000000001 -2.010673931170489 
0.3700000000000001 -1.9700385856232465 
0.3720000000000001 -1.9283768574908058 
0.3740000000000001 -1.8856971075445137 
0.3760000000000001 -1.842008126768595 
0.3780000000000001 -1.7973191367680643 
0.3800000000000001 -1.7516397900510337 
0.3820000000000001 -1.70498017018368 
0.3840000000000001 -1.6573507918163268 
0.3860000000000001 -1.6087626005792433 
0.3880000000000001 -1.5592269728464625 
0.3900000000000001 -1.5087557153663895 
0.3920000000000001 -1.4573610647571225 
0.39400000000000013 -1.4050556868656743 
0.39600000000000013 -1.351852675988921 
0.39800000000000013 -1.2977655539551667 
0.40000000000000013 -1.2428082690645565 
0.40200000000000014 -1.1869951948869801 
0.40400000000000014 -1.1303411289157632 
0.40600000000000014 -1.0728612910757727 
0.4079999999999999 -1.0145713220844532 
0.4099999999999999 -0.9554872816638228 
0.4119999999999999 -0.8956256466026868 
0.4139999999999999 -0.8350033086666981 
0.4159999999999999 -0.7736375723554354 
0.4179999999999999 -0.7115461525044122 
0.41999999999999993 -0.6487471717310183 
0.42199999999999993 -0.5852591577223204 
0.42399999999999993 -0.521101040363782 
0.42599999999999993 -0.4562921487067949 
0.42799999999999994 -0.3908522077740124 
0.42999999999999994 -0.32480133520060317 
0.43199999999999994 -0.25816003771007634 
0.43399999999999994 -0.1909492074231891 
0.43599999999999994 -0.1231901179982462 
0.43799999999999994 -0.05490442060146927 
0.43999999999999995 0.013885860294163832 
0.44199999999999995 0.0831583312831885 
0.44399999999999995 0.1528902345763532 
0.44599999999999995 0.22305845272553215 
0.44799999999999995 0.29363951352602613 
0.44999999999999996 0.36460959509810986 
0.45199999999999996 0.4359445311490393 
0.45399999999999996 0.5076198164171584 
0.45599999999999996 0.579610612299662 
0.45799999999999996 0.6518917526653099 
0.45999999999999996 0.7244377498538392 
0.46199999999999997 0.7972228008633562 
0.46399999999999997 0.8702207937273676 
0.46599999999999997 0.9434053140827912 
0.46799999999999997 1.0167496519305916 
0.47 1.0902268085903104 
0.472 1.1638095038503076 
0.474 1.2374701833147712 
0.476 1.3111810259493832 
0.478 1.3849139518267997 
0.48 1.4586406300736385 
0.482 1.532332487020308 
0.484 1.6059607145552253 
0.486 1.6794962786848053 
0.488 1.7529099283007983 
0.49 1.8261722041563215 
0.492 1.8992534480521446 
0.494 1.97212381223453 
0.496 2.044753269006319 
0.498 2.1171116205524205 
0.5 2.189168508981382 
0.502 2.260893426584433 
0.504 2.3322557263132087 
0.506 2.4032246324780253 
0.508 2.473769251667693 
0.51 2.5438585838925967 
0.512 2.6134615339523224 
0.514 2.682546923029251 
0.516 2.7510835005096395 
0.518 2.8190399560334654 
0.52 2.8863849317745407 
0.522 2.9530870349522207 
0.524 3.019114850576229 
0.526 3.0844369544257946 
0.528 3.149021926264716 
0.53 3.212838363293632 
0.532 3.275854893840743 
0.534 3.3380401912926976 
0.536 3.399362988266695 
0.538 3.4597920910253306 
0.54 3.5192963941355497 
0.542 3.5778448953729476 
0.544 3.635406710873 
0.546 3.691951090530338 
0.548 3.747447433647479 
0.55 3.801865304834534 
0.552 3.8551744501609146 
0.554 3.907344813560692 
0.556 3.9583465534926074 
0.558 4.008150059856427 
0.56 4.056725971166555 
0.562 4.104045191984593 
0.5640000000000001 4.150078910611857 
0.5660000000000001 4.194798617043302 
0.5680000000000001 4.238176121184179 
0.5700000000000001 4.280183571330537 
0.5720000000000001 4.320793472915114 
0.5740000000000001 4.359978707519559 
0.5760000000000001 4.397712552154636 
0.5780000000000001 4.433968698809444 
0.5800000000000001 4.468721274270779 
0.5820000000000001 4.501944860214373 
0.5840000000000001 4.533614513568693 
0.5860000000000001 4.563705787152955 
0.5880000000000001 4.5921947505904175 
0.5900000000000001 4.61905801149816 
0.5920000000000001 4.644272736954669 
0.5940000000000001 4.667816675246372 
0.5960000000000001 4.689668177894411 
0.5980000000000001 4.709806221962712 
0.6000000000000001 4.728210432648804 
0.6020000000000001 4.7448611061582495 
0.6040000000000001 4.759739232864148 
0.6060000000000001 4.772826520752816 
0.6080000000000001 4.784105419156731 
0.6100000000000001 4.793559142775914 
0.6120000000000001 4.801171695989147 
0.6140000000000001 4.806927897455846 
0.6160000000000001 4.810813405009867 
0.6180000000000001 4.812814740846454 
0.6200000000000001 4.812919317003466 
0.6220000000000001 4.811115461137818 
0.6240000000000001 4.807392442598422 
0.6260000000000001 4.8017404987967645 
0.6280000000000001 4.794150861876049 
0.6300000000000001 4.7846157856802005 
0.6320000000000001 4.773128573023654 
0.6340000000000001 4.759683603263101 
0.6360000000000001 4.7442763601722 
0.6380000000000001 4.726903460120475 
0.6400000000000001 4.707562680557218 
0.6420000000000001 4.686252988801579 
0.6440000000000001 4.662974571139943 
0.6460000000000001 4.637728862231524 
0.6480000000000001 4.610518574823191 
0.6500000000000001 4.581347729774667 
0.6520000000000001 4.55022168639494 
0.6540000000000001 4.517147173091071 
0.6560000000000001 4.482132318330278 
0.6580000000000001 4.445186681916173 
0.6600000000000001 4.406321286580511 
0.6620000000000001 4.365548649890869 
0.6640000000000001 4.322882816475821 
0.6659999999999999 4.278339390567976 
0.6679999999999999 4.231935568866216 
0.6699999999999999 4.183690173718012 
0.6719999999999999 4.133623686622539 
0.6739999999999999 4.08175828205578 
0.6759999999999999 4.028117861618251 
0.6779999999999999 3.972728088506561 
0.6799999999999999 3.915616422309294 
0.6819999999999999 3.8568121541285993 
0.6839999999999999 3.79634644202786 
0.6859999999999999 3.734252346806564 
0.688 3.6705648681033263 
0.69 3.6053209808275986 
0.692 3.538559671921221 
0.694 3.470321977450377 
0.696 3.4006510200289064 
0.698 3.3295920465739126 
0.7 3.257192466394013 
0.702 3.1835018896116494 
0.704 3.1085721659196164 
0.706 3.032457423672991 
0.708 2.9552141093171587 
0.71 2.8769010271523987 
0.712 2.7975793794362236 
0.714 2.717312806823778 
0.716 2.6361674291472488 
0.718 2.5542118865350116 
0.72 2.471517380870944 
0.722 2.388157717595057 
0.724 2.3042093478455477 
0.726 2.219751410943518 
0.728 2.1348657772204973 
0.73 2.0496370911898234 
0.732 1.9641528150622658 
0.734 1.8785032726065545 
0.736 1.7927816933556175 
0.738 1.7070842571587161 
0.74 1.6215101390806654 
0.742 1.5361615546480396 
0.744 1.4511438054435248 
0.746 1.3665653250486132 
0.748 1.2825377253353094 
0.75 1.1991758431073856 
0.752 1.1165977870916906 
0.754 1.0349249852800897 
0.756 0.9542822326223497 
0.758 0.8747977390706823 
0.76 0.7966031779763487 
0.762 0.7198337348387231 
0.764 0.6446281564073244 
0.766 0.5711288001372916 
0.768 0.4994816839986136 
0.77 0.4298365366397927 
0.772 0.3623468479059899 
0.774 0.2971699197123081 
0.776 0.2344669172725793 
0.778 0.1744029206838864 
0.78 0.11714697686733033 
0.782 0.06287215186525952 
0.784 0.01175558349539596 
0.786 -0.036021465637739114 
0.788 -0.08027355477416598 
0.79 -0.120811011271728 
0.792 -0.15743987652143976 
0.794 -0.18996185150441547 
0.796 -0.2181742419902346 
0.798 -0.24186990337638892 
0.8 -0.26083718516869014 
0.802 -0.27485987510228527 
0.804 -0.28371714290322747 
0.806 -0.28718348369026003 
0.808 -0.28502866101670277 
0.81 -0.2770176495523109 
0.812 -0.26291057740478574 
0.8140000000000001 -0.242462668081054 
0.8160000000000001 -0.21542418208792402 
0.8180000000000001 -0.18154035817214464 
0.8200000000000001 -0.14055135419976272 
0.8220000000000001 -0.09219218767465931 
0.8240000000000001 -0.0361926758961264 
0.8260000000000001 0.02772262424443972 
0.8280000000000001 0.09983447682787427 
0.8300000000000001 0.18042902783267978 
0.8320000000000001 0.26979786642142844 
0.8340000000000001 0.36823808658831747 
0.8360000000000001 0.47605234916779304 
0.8380000000000001 0.5935489442041334 
0.8400000000000001 0.7210418536821805 
0.8420000000000001 0.8588508146189199 
0.8440000000000001 1.007301382516008 
0.8460000000000001 1.166724995173187 
0.8480000000000001 1.3374590368623052 
0.8500000000000001 1.5198469028620953 
0.8520000000000001 1.7142380643533681 
0.8540000000000001 1.920988133674679 
0.8560000000000001 2.1404589299381254 
0.8580000000000001 2.3730185450052623 
0.8600000000000001 2.6190414098229065 
0.8620000000000001 2.87890836111863 
0.8640000000000001 3.1530067084557114 
0.8660000000000001 3.4417303016474268 
0.8680000000000001 3.7454795985302356 
0.8700000000000001 4.064661733095903 
0.8720000000000001 4.399690583982012 
0.8740000000000001 4.750986843320729 
0.8760000000000001 5.118978085945525 
0.8780000000000001 5.5040988389554855 
0.8800000000000001 5.906790651636909 
0.8820000000000001 6.327502165741838 
0.8840000000000001 6.766689186123174 
0.8860000000000001 7.2248147517260906 
0.8880000000000001 7.702349206935086 
0.8900000000000001 8.199770273276576 
0.8920000000000001 8.717563121476458 
0.8940000000000001 9.25622044387224 
0.8960000000000001 9.816242527179206 
0.8980000000000001 10.398137325610238 
0.9000000000000001 11.00242053434887 
0.9020000000000001 11.629615663374882 
0.9040000000000001 12.280254111641986 
0.9060000000000001 12.9548752416073 
0.9080000000000001 13.654026454111664 
0.9100000000000001 14.378263263610512 
0.9120000000000001 15.128149373754692 
0.9140000000000001 15.904256753320483 
0.9160000000000001 16.707165712488393 
0.9180000000000001 17.53746497946994 
0.9199999999999999 18.395751777481742 
0.9219999999999999 19.28263190206696 
0.9239999999999999 20.198719798761605 
0.9259999999999999 21.144638641107367 
0.9279999999999999 22.121020409008498 
0.9299999999999999 23.128505967432787 
0.9319999999999999 24.167745145455598 
0.9339999999999999 25.23939681564643 
0.9359999999999999 26.34412897379695 
0.938 27.482618818989987 
0.94 28.655552834008418 
0.942 29.863626866083223 
0.944 31.107546207980043 
0.946 32.38802567942276 
0.948 33.70578970885413 
0.95 35.06157241553171 
0.952 36.45611769195868 
0.954 37.890179286648404 
0.956 39.364520887221786 
0.958 40.87991620383655 
0.96 42.437149052947454 
0.962 44.03701344139611 
0.964 45.68031365082987 
0.966 47.3678643224484 
0.968 49.10049054207689 
0.97 50.87902792556509 
0.972 52.704322704510666 
0.974 54.577231812306024 
0.976 56.49862297050756 
0.978 58.469374775525736 
0.98 60.49037678563535 
0.982 62.5625296083044 
0.984 64.68674498784053 
0.986 66.86394589335386 
0.988 69.0950666070346 
0.99 71.38105281274483 
0.992 73.72286168492244 
0.994 76.1214619777964 
0.996 78.57783411491204 
0.998 81.09297027896444 
