-1.0 -4.499999999963753 
-0.998 -4.4909889880336475 
-0.996 -4.481955904386258 
-0.994 -4.472900677830728 
-0.992 -4.463823237714467 
-0.99 -4.4547235139299355 
-0.988 -4.445601436921417 
-0.986 -4.436456937691759 
-0.984 -4.427289947809122 
-0.982 -4.418100399413714 
-0.98 -4.408888225224548 
-0.978 -4.399653358546174 
-0.976 -4.390395733275482 
-0.974 -4.381115283908463 
-0.972 -4.371811945547042 
-0.97 -4.362485653905918 
-0.968 -4.353136345319417 
-0.966 -4.343763956748421 
-0.964 -4.334368425787289 
-0.962 -4.3249496906708345 
-0.96 -4.315507690281344 
-0.958 -4.306042364155606 
-0.956 -4.2965536524920305 
-0.954 -4.287041496157758 
-0.952 -4.277505836695848 
-0.95 -4.267946616332493 
-0.948 -4.258363777984273 
-0.946 -4.248757265265458 
-0.944 -4.239127022495368 
-0.942 -4.229472994705759 
-0.94 -4.219795127648247 
-0.938 -4.210093367801809 
-0.9359999999999999 -4.200367662380293 
-0.9339999999999999 -4.1906179593399955 
-0.9319999999999999 -4.180844207387272 
-0.9299999999999999 -4.171046355986193 
-0.9279999999999999 -4.161224355366251 
-0.926 -4.151378156530108 
-0.924 -4.141507711261385 
-0.922 -4.131612972132493 
-0.92 -4.121693892512509 
-0.918 -4.111750426575119 
-0.916 -4.101782529306546 
-0.914 -4.091790156513595 
-0.912 -4.081773264831677 
-0.91 -4.071731811732923 
-0.908 -4.0616657555343005 
-0.906 -4.05157505540581 
-0.904 -4.041459671378692 
-0.902 -4.031319564353706 
-0.9 -4.021154696109409 
-0.898 -4.010965029310521 
-0.896 -4.000750527516301 
-0.894 -3.9905111551889942 
-0.892 -3.980246877702265 
-0.89 -3.9699576613497385 
-0.888 -3.9596434733535295 
-0.886 -3.949304281872834 
-0.884 -3.9389400560125676 
-0.882 -3.928550765832021 
-0.88 -3.9181363823535755 
-0.878 -3.907696877571438 
-0.876 -3.897232224460437 
-0.874 -3.8867423969848365 
-0.872 -3.876227370107204 
-0.87 -3.865687119797298 
-0.868 -3.8551216230410157 
-0.866 -3.844530857849357 
-0.864 -3.8339148032674344 
-0.862 -3.8232734393835277 
-0.86 -3.8126067473381493 
-0.858 -3.801914709333176 
-0.856 -3.791197308640998 
-0.854 -3.780454529613704 
-0.852 -3.7696863576923016 
-0.85 -3.7588927794159828 
-0.848 -3.748073782431402 
-0.846 -3.7372293555020053 
-0.844 -3.726359488517389 
-0.842 -3.715464172502683 
-0.84 -3.7045433996279717 
-0.838 -3.693597163217752 
-0.836 -3.6826254577604045 
-0.834 -3.671628278917719 
-0.832 -3.660605623534426 
-0.83 -3.6495574896477807 
-0.828 -3.638483876497151 
-0.826 -3.627384784533664 
-0.8240000000000001 -3.6162602154298416 
-0.8220000000000001 -3.605110172089303 
-0.8200000000000001 -3.5939346586564684 
-0.8180000000000001 -3.5827336805262964 
-0.8160000000000001 -3.5715072443540437 
-0.8140000000000001 -3.5602553580650556 
-0.812 -3.5489780308645758 
-0.81 -3.5376752732475785 
-0.808 -3.526347097008623 
-0.806 -3.5149935152517404 
-0.804 -3.5036145424003258 
-0.802 -3.492210194207059 
-0.8 -3.480780487763853 
-0.798 -3.469325441511801 
-0.796 -3.45784507525116 
-0.794 -3.4463394101513507 
-0.792 -3.434808468760955 
-0.79 -3.4232522750177616 
-0.788 -3.4116708542587877 
-0.786 -3.4000642332303634 
-0.784 -3.388432440098168 
-0.782 -3.3767755044573393 
-0.78 -3.365093457342558 
-0.778 -3.353386331238148 
-0.776 -3.3416541600882006 
-0.774 -3.329896979306692 
-0.772 -3.3181148257876147 
-0.77 -3.3063077379151173 
-0.768 -3.2944757555736457 
-0.766 -3.282618920158101 
-0.764 -3.270737274583982 
-0.762 -3.2588308632975433 
-0.76 -3.246899732285961 
-0.758 -3.234943929087486 
-0.756 -3.2229635028015973 
-0.754 -3.2109585040991697 
-0.752 -3.1989289852326257 
-0.75 -3.186875000046073 
-0.748 -3.1747966039854765 
-0.746 -3.1626938541087792 
-0.744 -3.1505668090960373 
-0.742 -3.1384155292595532 
-0.74 -3.126240076553991 
-0.738 -3.1140405145864745 
-0.736 -3.101816908626684 
-0.734 -3.0895693256169365 
-0.732 -3.0772978341822594 
-0.73 -3.065002504640425 
-0.728 -3.0526834090119865 
-0.726 -3.0403406210303094 
-0.724 -3.0279742161515446 
-0.722 -3.0155842715646153 
-0.72 -3.003170866201161 
-0.718 -2.9907340807454705 
-0.716 -2.978273997644376 
-0.714 -2.9657907011171387 
-0.712 -2.953284277165283 
-0.71 -2.94075481358243 
-0.708 -2.9282023999640647 
-0.706 -2.915627127717298 
-0.704 -2.9030290900706004 
-0.702 -2.890408382083451 
-0.7 -2.877765100656015 
-0.698 -2.8650993445387445 
-0.696 -2.852411214341925 
-0.694 -2.8397008125452285 
-0.692 -2.826968243507169 
-0.69 -2.8142136134745575 
-0.688 -2.801437030591877 
-0.6859999999999999 -2.788638604910625 
-0.6839999999999999 -2.7758184483986006 
-0.6819999999999999 -2.762976674949153 
-0.6799999999999999 -2.7501134003903434 
-0.6779999999999999 -2.7372287424940893 
-0.6759999999999999 -2.7243228209852264 
-0.6739999999999999 -2.7113957575505094 
-0.6719999999999999 -2.6984476758475844 
-0.6699999999999999 -2.6854787015138464 
-0.6679999999999999 -2.672488962175282 
-0.6659999999999999 -2.659478587455211 
-0.6639999999999999 -2.64644770898298 
-0.6619999999999999 -2.6333964604025626 
-0.6599999999999999 -2.620324977381119 
-0.6579999999999999 -2.607233397617454 
-0.6559999999999999 -2.5941218608504135 
-0.6539999999999999 -2.5809905088671927 
-0.6519999999999999 -2.5678394855115703 
-0.6499999999999999 -2.5546689366920576 
-0.648 -2.5414790103899745 
-0.646 -2.5282698566674116 
-0.644 -2.5150416276751377 
-0.642 -2.5017944776603884 
-0.64 -2.488528562974582 
-0.638 -2.475244042080929 
-0.636 -2.461941075561949 
-0.634 -2.448619826126881 
-0.632 -2.435280458619014 
-0.63 -2.4219231400228907 
-0.628 -2.408548039471405 
-0.626 -2.3951553282528257 
-0.624 -2.381745179817655 
-0.622 -2.368317769785432 
-0.62 -2.3548732759513786 
-0.618 -2.3414118782929534 
-0.616 -2.32793375897628 
-0.614 -2.3144391023624338 
-0.612 -2.3009280950136564 
-0.61 -2.287400925699383 
-0.608 -2.2738577854021744 
-0.606 -2.2602988673235367 
-0.604 -2.246724366889554 
-0.602 -2.2331344817564394 
-0.6 -2.2195294118159157 
-0.598 -2.205909359200471 
-0.596 -2.1922745282884653 
-0.594 -2.178625125709096 
-0.592 -2.164961360347214 
-0.59 -2.1512834433479866 
-0.588 -2.137591588121422 
-0.586 -2.123886010346719 
-0.584 -2.1101669279764788 
-0.5820000000000001 -2.0964345612407387 
-0.5800000000000001 -2.0826891326508674 
-0.5780000000000001 -2.068930867003266 
-0.5760000000000001 -2.0551599913829364 
-0.5740000000000001 -2.0413767351668466 
-0.5720000000000001 -2.0275813300271497 
-0.5700000000000001 -2.013774009934216 
-0.5680000000000001 -1.9999550111594895 
-0.5660000000000001 -1.9861245722781642 
-0.5640000000000001 -1.9722829341716865 
-0.562 -1.9584303400300607 
-0.56 -1.9445670353539852 
-0.558 -1.9306932679567719 
-0.556 -1.9168092879661007 
-0.554 -1.9029153478255665 
-0.552 -1.8890117022960258 
-0.55 -1.8750986084567631 
-0.548 -1.861176325706419 
-0.546 -1.8472451157637557 
-0.544 -1.833305242668181 
-0.542 -1.8193569727800865 
-0.54 -1.8054005747809534 
-0.538 -1.791436319673264 
-0.536 -1.7774644807801834 
-0.534 -1.7634853337450118 
-0.532 -1.7494991565304396 
-0.53 -1.73550622941756 
-0.528 -1.7215068350046572 
-0.526 -1.707501258205761 
-0.524 -1.6934897862489866 
-0.522 -1.6794727086746077 
-0.52 -1.665450317332928 
-0.518 -1.6514229063818902 
-0.516 -1.6373907722844483 
-0.514 -1.6233542138056862 
-0.512 -1.609313532009718 
-0.51 -1.595269030256302 
-0.508 -1.5812210141972298 
-0.506 -1.5671697917724379 
-0.504 -1.5531156732058926 
-0.502 -1.5390589710011913 
-0.5 -1.5249999999369046 
-0.498 -1.5109390770616615 
-0.496 -1.4968765216889737 
-0.494 -1.4828126553917802 
-0.492 -1.4687478019967206 
-0.49 -1.4546822875781484 
-0.488 -1.4406164404518524 
-0.486 -1.4265505911685166 
-0.484 -1.412485072506889 
-0.482 -1.3984202194666702 
-0.48 -1.3843563692611236 
-0.478 -1.3702938613093965 
-0.476 -1.3562330372285492 
-0.474 -1.342174240825297 
-0.472 -1.3281178180874702 
-0.47 -1.3140641171751544 
-0.46799999999999997 -1.3000134884115546 
-0.46599999999999997 -1.2859662842735629 
-0.46399999999999997 -1.2719228593820107 
-0.46199999999999997 -1.257883570491627 
-0.45999999999999996 -1.243848776480705 
-0.45799999999999996 -1.2298188383404292 
-0.45599999999999996 -1.2157941191639359 
-0.45399999999999996 -1.2017749841350287 
-0.45199999999999996 -1.1877618005166148 
-0.44999999999999996 -1.1737549376387935 
-0.44799999999999995 -1.1597547668866628 
-0.44599999999999995 -1.1457616616877995 
-0.44399999999999995 -1.1317759974993955 
-0.44199999999999995 -1.1177981517951214 
-0.43999999999999995 -1.103828504051632 
-0.43799999999999994 -1.0898674357347706 
-0.43599999999999994 -1.0759153302854314 
-0.43399999999999994 -1.0619725731051193 
-0.43199999999999994 -1.0480395515411634 
-0.42999999999999994 -1.034116654871618 
-0.42799999999999994 -1.0202042742898165 
-0.42599999999999993 -1.0063028028886203 
-0.42399999999999993 -0.9924126356443134 
-0.42200000000000004 -0.9785341694001757 
-0.42000000000000004 -0.9646678028497297 
-0.41800000000000004 -0.9508139365196329 
-0.41600000000000004 -0.9369729727522582 
-0.41400000000000003 -0.9231453156879164 
-0.41200000000000003 -0.9093313712467637 
-0.41000000000000003 -0.8955315471103541 
-0.40800000000000003 -0.8817462527028607 
-0.406 -0.8679758991719598 
-0.404 -0.8542208993693723 
-0.402 -0.8404816678310634 
-0.4 -0.8267586207571093 
-0.398 -0.813052175991212 
-0.396 -0.7993627529998828 
-0.394 -0.7856907728512784 
-0.392 -0.7720366581936979 
-0.39 -0.7584008332337365 
-0.388 -0.744783723714097 
-0.386 -0.7311857568910568 
-0.384 -0.7176073615116032 
-0.382 -0.7040489677902116 
-0.38 -0.6905110073852943 
-0.378 -0.6769939133752962 
-0.376 -0.6634981202344666 
-0.374 -0.6500240638082722 
-0.372 -0.6365721812884744 
-0.37 -0.6231429111878765 
-0.368 -0.609736693314721 
-0.366 -0.5963539687467491 
-0.364 -0.5829951798049291 
-0.362 -0.5696607700268407 
-0.36 -0.5563511841397281 
-0.358 -0.5430668680332096 
-0.356 -0.5298082687316656 
-0.354 -0.5165758343662878 
-0.352 -0.5033700141467894 
-0.35 -0.4901912583327922 
-0.348 -0.4770400182048906 
-0.346 -0.4639167460353701 
-0.344 -0.4508218950586163 
-0.34199999999999997 -0.4377559194411933 
-0.33999999999999997 -0.42471927425159395 
-0.33799999999999997 -0.4117124154296799 
-0.33599999999999997 -0.39873579975578793 
-0.33399999999999996 -0.3857898848195339 
-0.33199999999999996 -0.3728751289882937 
-0.32999999999999996 -0.35999199137536364 
-0.32799999999999996 -0.3471409318078273 
-0.32599999999999996 -0.334322410794096 
-0.32399999999999995 -0.32153688949115655 
-0.32199999999999995 -0.30878482967150284 
-0.31999999999999995 -0.29606669368977045 
-0.31799999999999995 -0.28338294444908113 
-0.31599999999999995 -0.2707340453670759 
-0.31399999999999995 -0.2581204603416608 
-0.31199999999999994 -0.24554265371646813 
-0.30999999999999994 -0.23300109024602136 
-0.30799999999999994 -0.22049623506061863 
-0.30599999999999994 -0.20802855363093078 
-0.30399999999999994 -0.1955985117323303 
-0.30199999999999994 -0.18320657540893753 
-0.29999999999999993 -0.17085321093739286 
-0.29799999999999993 -0.15853888479036643 
-0.29600000000000004 -0.14626406359980557 
-0.29400000000000004 -0.1340292141199082 
-0.29200000000000004 -0.12183480318985439 
-0.29000000000000004 -0.10968129769626979 
-0.28800000000000003 -0.09756916453545532 
-0.28600000000000003 -0.08549887057535391 
-0.28400000000000003 -0.07347088261728757 
-0.28200000000000003 -0.061485667357450424 
-0.28 -0.04954369134817648 
-0.278 -0.037645420958964455 
-0.276 -0.025791322337295943 
-0.274 -0.013981861369213752 
-0.272 -0.0022175036397012377 
-0.27 0.009501285607157869 
-0.268 0.021174041508225057 
-0.266 0.0328002996215518 
-0.264 0.04437959596682186 
-0.262 0.05591146706598857 
-0.26 0.06739544998408964 
-0.258 0.07883108237025713 
-0.256 0.0902179024988886 
-0.254 0.10155544931099836 
-0.252 0.11284326245573482 
-0.25 0.12408088233205422 
-0.248 0.1352678501305473 
-0.246 0.14640370787541926 
-0.244 0.15748799846661335 
-0.242 0.1685202657220664 
-0.24 0.17950005442010322 
-0.238 0.19042691034195164 
-0.236 0.2013003803143799 
-0.23399999999999999 0.21212001225244598 
-0.23199999999999998 0.22288535520235878 
-0.22999999999999998 0.2335959593844343 
-0.22799999999999998 0.24425137623615245 
-0.22599999999999998 0.2548511584553073 
-0.22399999999999998 0.265394860043225 
-0.22199999999999998 0.2758820363480729 
-0.21999999999999997 0.2863122441082347 
-0.21799999999999997 0.2966850414957411 
-0.21599999999999997 0.30699998815977114 
-0.21399999999999997 0.3172566452701899 
-0.21199999999999997 0.32745457556113955 
-0.20999999999999996 0.33759334337466307 
-0.20799999999999996 0.34767251470435234 
-0.20599999999999996 0.35769165723903373 
-0.20399999999999996 0.36765034040645145 
-0.20199999999999996 0.37754813541697874 
-0.19999999999999996 0.3873846153073119 
-0.19799999999999995 0.39715935498417887 
-0.19599999999999995 0.40687193126801696 
-0.19399999999999995 0.4165219229366454 
-0.19199999999999995 0.42610891076890756 
-0.18999999999999995 0.43563247758827334 
-0.18799999999999994 0.44509220830640994 
-0.18599999999999994 0.45448768996670064 
-0.18399999999999994 0.4638185117877051 
-0.18199999999999994 0.47308426520655855 
-0.17999999999999994 0.48228454392230685 
-0.17799999999999994 0.4914189439391551 
-0.17599999999999993 0.5004870636096339 
-0.17399999999999993 0.5094885036776775 
-0.17199999999999993 0.5184228673215958 
-0.16999999999999993 0.527289760196944 
-0.16799999999999993 0.5360887904792706 
-0.16600000000000004 0.5448195689067528 
-0.16400000000000003 0.553481708822691 
-0.16200000000000003 0.5620748262178759 
-0.16000000000000003 0.5705985397727992 
-0.15800000000000003 0.5790524708997217 
-0.15600000000000003 0.5874362437845762 
-0.15400000000000003 0.5957494854287035 
-0.15200000000000002 0.6039918256904123 
-0.15000000000000002 0.6121628973263524 
-0.14800000000000002 0.6202623360327095 
-0.14600000000000002 0.6282897804861843 
-0.14400000000000002 0.6362448723847808 
-0.14200000000000002 0.6441272564883732 
-0.14 0.6519365806590511 
-0.138 0.6596724959012439 
-0.136 0.6673346564016007 
-0.134 0.674922719568631 
-0.132 0.682436346072095 
-0.13 0.6898751998821313 
-0.128 0.6972389483081236 
-0.126 0.7045272620372929 
-0.124 0.7117398151730077 
-0.122 0.718876285272804 
-0.12 0.7259363533861168 
-0.118 0.7329197040917047 
-0.11599999999999999 0.739826025534762 
-0.11399999999999999 0.7466550094637193 
-0.11199999999999999 0.7534063512667201 
-0.10999999999999999 0.7600797500077578 
-0.10799999999999998 0.7666749084624855 
-0.10599999999999998 0.7731915331536733 
-0.10399999999999998 0.7796293343863168 
-0.10199999999999998 0.7859880262823814 
-0.09999999999999998 0.7922673268151915 
-0.09799999999999998 0.7984669578434319 
-0.09599999999999997 0.804586645144782 
-0.09399999999999997 0.8106261184491587 
-0.09199999999999997 0.8165851114715686 
-0.08999999999999997 0.8224633619445567 
-0.08799999999999997 0.8282606116502537 
-0.08599999999999997 0.8339766064520113 
-0.08399999999999996 0.8396110963256119 
-0.08199999999999996 0.8451638353900682 
-0.07999999999999996 0.8506345819379736 
-0.07799999999999996 0.8560230984654316 
-0.07599999999999996 0.8613291517015307 
-0.07399999999999995 0.8665525126373783 
-0.07199999999999995 0.8716929565546766 
-0.06999999999999995 0.876750263053835 
-0.06799999999999995 0.8817242160816223 
-0.06599999999999995 0.8866146039583471 
-0.06399999999999995 0.8914212194045485 
-0.061999999999999944 0.8961438595672263 
-0.05999999999999994 0.9007823260455619 
-0.05799999999999994 0.905336424916159 
-0.05599999999999994 0.9098059667577816 
-0.05399999999999994 0.9141907666755879 
-0.051999999999999935 0.9184906443248622 
-0.04999999999999993 0.9227054239342236 
-0.04799999999999993 0.9268349343283288 
-0.04599999999999993 0.9308790089500419 
-0.04399999999999993 0.9348374858820868 
-0.041999999999999926 0.9387102078681621 
-0.040000000000000036 0.9424970223335261 
-0.038000000000000034 0.9461977814050366 
-0.03600000000000003 0.9498123419306552 
-0.03400000000000003 0.9533405654983949 
-0.03200000000000003 0.9567823184547246 
-0.030000000000000027 0.9601374719224167 
-0.028000000000000025 0.9634059018178347 
-0.026000000000000023 0.966587488867661 
-0.02400000000000002 0.9696821186250574 
-0.02200000000000002 0.9726896814852661 
-0.020000000000000018 0.9756100727006249 
-0.018000000000000016 0.9784431923950206 
-0.016000000000000014 0.9811889455777616 
-0.014000000000000012 0.98384724215687 
-0.01200000000000001 0.9864179969517944 
-0.010000000000000009 0.9889011297055337 
-0.008000000000000007 0.9912965650961789 
-0.006000000000000005 0.9936042327478656 
-0.0040000000000000036 0.9958240672411292 
-0.0020000000000000018 0.9979560081226772 
0.0 0.9999999999145619 
0.0020000000000000018 1.0019559921227528 
0.0040000000000000036 1.0038239392451203 
0.006000000000000005 1.0056038007788128 
0.008000000000000007 1.0072955412270377 
0.010000000000000009 1.008899130105242 
0.01200000000000001 1.0104145419466828 
0.014000000000000012 1.0118417563074074 
0.016000000000000014 1.0131807577706173 
0.018000000000000016 1.014431535950438 
0.020000000000000018 1.0155940854950711 
0.02200000000000002 1.0166684060893643 
0.02400000000000002 1.0176545024567425 
0.026000000000000023 1.0185523843605717 
0.028000000000000025 1.0193620666048844 
0.030000000000000027 1.0200835690345236 
0.03200000000000003 1.0207169165346701 
0.03400000000000003 1.0212621390297707 
0.03600000000000003 1.021719271481861 
0.038000000000000034 1.0220883538882877 
0.040000000000000036 1.02236943127883 
0.04200000000000004 1.0225625537122165 
0.04400000000000004 1.0226677762720497 
0.04600000000000004 1.0226851590621249 
0.04800000000000004 1.0226147672011587 
0.050000000000000044 1.0224566708169218 
0.052000000000000046 1.0222109450397756 
0.05400000000000005 1.0218776699956214 
0.05600000000000005 1.0214569307982602 
0.05800000000000005 1.0209488175411587 
0.06000000000000005 1.020353425288643 
0.062000000000000055 1.019670854066498 
0.06400000000000006 1.018901208851994 
0.06600000000000006 1.018044599563332 
0.06800000000000006 1.0171011410485182 
0.07000000000000006 1.016070953073665 
0.07200000000000006 1.0149541603107195 
0.07400000000000007 1.0137508923246337 
0.07600000000000007 1.012461283559969 
0.07800000000000007 1.0110854733269359 
0.08000000000000007 1.0096236057868904 
0.08200000000000007 1.00807582993727 
0.08400000000000007 1.0064422995959785 
0.08600000000000008 1.0047231733852378 
0.08800000000000008 1.0029186147148852 
0.09000000000000008 1.0010287917651493 
0.09200000000000008 0.9990538774688755 
0.09400000000000008 0.9969940494932449 
0.09600000000000009 0.9948494902209482 
0.09800000000000009 0.9926203867308554 
0.10000000000000009 0.9903069307781627 
0.10200000000000009 0.9879093187740325 
0.10400000000000009 0.9854277517647302 
0.1060000000000001 0.9828624354102505 
0.1080000000000001 0.9802135799624653 
0.1100000000000001 0.9774814002427633 
0.1120000000000001 0.9746661156192131 
0.1140000000000001 0.9717679499832481 
0.1160000000000001 0.9687871317258719 
0.1180000000000001 0.9657238937133944 
0.1200000000000001 0.9625784732627078 
0.12200000000000011 0.9593511121161009 
0.12400000000000011 0.9560420564156188 
0.1260000000000001 0.9526515566769833 
0.1280000000000001 0.9491798677630617 
0.13000000000000012 0.9456272488569096 
0.13200000000000012 0.9419939634343781 
0.13400000000000012 0.9382802792363006 
0.13600000000000012 0.9344864682402593 
0.13800000000000012 0.9306128066319476 
0.14000000000000012 0.926659574776115 
0.14200000000000013 0.9226270571871291 
0.14400000000000013 0.9185155424991315 
0.14600000000000013 0.9143253234358164 
0.14800000000000013 0.9100566967798251 
0.15000000000000013 0.9057099633417702 
0.15200000000000014 0.9012854279288944 
0.15399999999999991 0.8967833993133624 
0.15599999999999992 0.8922041902002122 
0.15799999999999992 0.8875481171949476 
0.15999999999999992 0.8828155007707967 
0.16199999999999992 0.8780066652356425 
0.16399999999999992 0.8731219386986159 
0.16599999999999993 0.8681616530363802 
0.16799999999999993 0.863126143859095 
0.16999999999999993 0.8580157504760865 
0.17199999999999993 0.8528308158612053 
0.17399999999999993 0.8475716866179004 
0.17599999999999993 0.8422387129440126 
0.17799999999999994 0.8368322485962824 
0.17999999999999994 0.8313526508545941 
0.18199999999999994 0.8258002804859529 
0.18399999999999994 0.8201755017082085 
0.18599999999999994 0.8144786821535301 
0.18799999999999994 0.8087101928316383 
0.18999999999999995 0.8028704080928007 
0.19199999999999995 0.7969597055906081 
0.19399999999999995 0.7909784662445187 
0.19599999999999995 0.7849270742021996 
0.19799999999999995 0.7788059168016599 
0.19999999999999996 0.7726153845331785 
0.20199999999999996 0.7663558710010515 
0.20399999999999996 0.7600277728851463 
0.20599999999999996 0.7536314899022857 
0.20799999999999996 0.7471674247674557 
0.20999999999999996 0.7406359831548519 
0.21199999999999997 0.7340375736587795 
0.21399999999999997 0.7273726077543886 
0.21599999999999997 0.7206414997582832 
0.21799999999999997 0.7138446667889872 
0.21999999999999997 0.7069825287272874 
0.22199999999999998 0.7000555081764543 
0.22399999999999998 0.6930640304223521 
0.22599999999999998 0.6860085233934381 
0.22799999999999998 0.6788894176206745 
0.22999999999999998 0.6717071461973319 
0.23199999999999998 0.6644621447387216 
0.23399999999999999 0.6571548513418457 
0.236 0.6497857065449704 
0.238 0.6423551532871443 
0.24 0.6348636368676548 
0.242 0.6273116049054321 
0.244 0.6196995072984112 
0.246 0.6120277961828595 
0.248 0.6042969258926676 
0.25 0.5965073529186227 
0.252 0.5886595358676611 
0.254 0.5807539354221105 
0.256 0.5727910142989276 
0.258 0.5647712372089418 
0.26 0.5566950708161 
0.262 0.5485629836967336 
0.264 0.5403754462988447 
0.266 0.5321329309014157 
0.268 0.5238359115737599 
0.27 0.5154848641349066 
0.272 0.5070802661130293 
0.274 0.4986225967049389 
0.276 0.4901123367356179 
0.278 0.48154996861782917 
0.28 0.47293597631179496 
0.28200000000000003 0.46427084528494184 
0.28400000000000003 0.45555506247173744 
0.28600000000000003 0.44678911623360823 
0.28800000000000003 0.4379734963189506 
0.29000000000000004 0.42910869382323863 
0.29200000000000004 0.4201952011492429 
0.29400000000000004 0.4112335119673424 
0.29600000000000004 0.40222412117596723 
0.29800000000000004 0.39316752486215145 
0.30000000000000004 0.3840642202622105 
0.30200000000000005 0.37491470572255264 
0.30400000000000005 0.36571948066061916 
0.30600000000000005 0.35647904552596954 
0.30800000000000005 0.3471939017615114 
0.31000000000000005 0.3378645517648728 
0.31200000000000006 0.3284914988499331 
0.31400000000000006 0.31907524720851826 
0.31600000000000006 0.3096163018722481 
0.31800000000000006 0.3001151686745604 
0.32000000000000006 0.29057235421290156 
0.32200000000000006 0.28098836581109976 
0.32400000000000007 0.2713637114819158 
0.32600000000000007 0.2616988998897744 
0.32800000000000007 0.2519944403136948 
0.33000000000000007 0.2422508426104107 
0.3320000000000001 0.23246861717768255 
0.3340000000000001 0.2226482749178192 
0.3360000000000001 0.21279032720139632 
0.3380000000000001 0.20289528583119415 
0.3400000000000001 0.19296366300634205 
0.3420000000000001 0.18299597128667233 
0.3440000000000001 0.1729927235573107 
0.3460000000000001 0.16295443299347312 
0.3480000000000001 0.15288161302550174 
0.3500000000000001 0.14277477730412225 
0.3520000000000001 0.13263443966593694 
0.3540000000000001 0.12246111409916137 
0.3560000000000001 0.11225531470958439 
0.3580000000000001 0.10201755568678632 
0.3600000000000001 0.0917483512705957 
0.3620000000000001 0.0814482157177921 
0.3640000000000001 0.0711176632690611 
0.3660000000000001 0.06075720811620763 
0.3680000000000001 0.05036736436961769 
0.3700000000000001 0.03994864602598517 
0.3720000000000001 0.029501566936294153 
0.3740000000000001 0.019026640774068966 
0.3760000000000001 0.00852438100388946 
0.3780000000000001 -0.002004699149832437 
0.3800000000000001 -0.012560086733791363 
0.3820000000000001 -0.02314126909647243 
0.3840000000000001 -0.03374773391855029 
0.3860000000000001 -0.04437896924301471 
0.3880000000000001 -0.055034463505017915 
0.3900000000000001 -0.06571370556144251 
0.3920000000000001 -0.07641618472019195 
0.39400000000000013 -0.08714139076918989 
0.39600000000000013 -0.09788881400510274 
0.39800000000000013 -0.10865794526177182 
0.40000000000000013 -0.11944827593836123 
0.40200000000000014 -0.13025929802721367 
0.40400000000000014 -0.14109050414141902 
0.40600000000000014 -0.15194138754208963 
0.4079999999999999 -0.16281144216534651 
0.4099999999999999 -0.17370016264901014 
0.4119999999999999 -0.18460704435899403 
0.4139999999999999 -0.19553158341540886 
0.4159999999999999 -0.20647327671836585 
0.4179999999999999 -0.21743162197348687 
0.41999999999999993 -0.22840611771711258 
0.42199999999999993 -0.23939626334121938 
0.42399999999999993 -0.2504015591180272 
0.42599999999999993 -0.26142150622431587 
0.42799999999999994 -0.27245560676544195 
0.42999999999999994 -0.2835033637990482 
0.43199999999999994 -0.29456428135848123 
0.43399999999999994 -0.30563786447589936 
0.43599999999999994 -0.3167236192050883 
0.43799999999999994 -0.3278210526439697 
0.43999999999999995 -0.338929672956805 
0.44199999999999995 -0.3500489893961112 
0.44399999999999995 -0.3611785123242581 
0.44599999999999995 -0.37231775323478106 
0.44799999999999995 -0.383466224773373 
0.44999999999999996 -0.39462344075859856 
0.45199999999999996 -0.4057889162022836 
0.45399999999999996 -0.4169621673296236 
0.45599999999999996 -0.42814271159898215 
0.45799999999999996 -0.4393300677213887 
0.45999999999999996 -0.45052375567973985 
0.46199999999999997 -0.46172329674770424 
0.46399999999999997 -0.47292821350832376 
0.46599999999999997 -0.48413802987231724 
0.46799999999999997 -0.49535227109609453 
0.47 -0.5065704637994615 
0.472 -0.5177921359830429 
0.474 -0.5290168170453977 
0.476 -0.54024403779985 
0.478 -0.5514733304910182 
0.48 -0.5627042288110626 
0.482 -0.5739362679156275 
0.484 -0.5851689844395073 
0.486 -0.5964019165120101 
0.488 -0.6076346037720414 
0.49 -0.6188665873829002 
0.492 -0.6300974100467789 
0.494 -0.6413266160189953 
0.496 -0.6525537511219256 
0.498 -0.663778362758663 
0.5 -0.6749999999263863 
0.502 -0.6862182132294677 
0.504 -0.6974325548922762 
0.506 -0.7086425787717242 
0.508 -0.7198478403695261 
0.51 -0.7310478968441916 
0.512 -0.7422423070227416 
0.514 -0.753430631412148 
0.516 -0.7646124322105144 
0.518 -0.77578727331798 
0.52 -0.7869547203473582 
0.522 -0.7981143406345166 
0.524 -0.8092657032484822 
0.526 -0.8204083790012958 
0.528 -0.8315419404576009 
0.53 -0.8426659619439731 
0.532 -0.8537800195579962 
0.534 -0.864883691177084 
0.536 -0.8759765564670428 
0.538 -0.8870581968903918 
0.54 -0.8981281957144278 
0.542 -0.9091861380190404 
0.544 -0.9202316107042897 
0.546 -0.9312642024977347 
0.548 -0.9422835039615147 
0.55 -0.9532891074992056 
0.552 -0.96428060736242 
0.554 -0.9752575996571872 
0.556 -0.9862196823500841 
0.558 -0.9971664552741493 
0.56 -1.0080975201345521 
0.562 -1.0190124805140444 
0.5640000000000001 -1.0299109418781816 
0.5660000000000001 -1.0407925115803174 
0.5680000000000001 -1.05165679886638 
0.5700000000000001 -1.0625034148794281 
0.5720000000000001 -1.0733319726639843 
0.5740000000000001 -1.084142087170159 
0.5760000000000001 -1.094933375257552 
0.5780000000000001 -1.1057054556989525 
0.5800000000000001 -1.1164579491838194 
0.5820000000000001 -1.1271904783215603 
0.5840000000000001 -1.1379026676446005 
0.5860000000000001 -1.1485941436112501 
0.5880000000000001 -1.1592645346083759 
0.5900000000000001 -1.1699134709538577 
0.5920000000000001 -1.180540584898867 
0.5940000000000001 -1.1911455106299347 
0.5960000000000001 -1.2017278842708354 
0.5980000000000001 -1.212287343884277 
0.6000000000000001 -1.2228235294733996 
0.6020000000000001 -1.2333360829830933 
0.6040000000000001 -1.2438246483011257 
0.6060000000000001 -1.254288871259093 
0.6080000000000001 -1.26472839963318 
0.6100000000000001 -1.2751428831447587 
0.6120000000000001 -1.2855319734607928 
0.6140000000000001 -1.2958953241940836 
0.6160000000000001 -1.3062325909033325 
0.6180000000000001 -1.3165434310930393 
0.6200000000000001 -1.326827504213234 
0.6220000000000001 -1.3370844716590402 
0.6240000000000001 -1.3473139967700758 
0.6260000000000001 -1.3575157448296935 
0.6280000000000001 -1.3676893830640628 
0.6300000000000001 -1.3778345806410892 
0.6320000000000001 -1.3879510086691882 
0.6340000000000001 -1.3980383401958993 
0.6360000000000001 -1.4080962502063488 
0.6380000000000001 -1.4181244156215707 
0.6400000000000001 -1.4281225152966708 
0.6420000000000001 -1.4380902300188576 
0.6440000000000001 -1.4480272425053196 
0.6460000000000001 -1.4579332374009732 
0.6480000000000001 -1.467807901276061 
0.6500000000000001 -1.4776509226236219 
0.6520000000000001 -1.4874619918568257 
0.6540000000000001 -1.4972408013061695 
0.6560000000000001 -1.5069870452165532 
0.6580000000000001 -1.5167004197442162 
0.6600000000000001 -1.5263806229535586 
0.6620000000000001 -1.5360273548138277 
0.6640000000000001 -1.5456403171956892 
0.6659999999999999 -1.5552192138676768 
0.6679999999999999 -1.5647637504925236 
0.6699999999999999 -1.5742736346233703 
0.6719999999999999 -1.5837485756998695 
0.6739999999999999 -1.5931882850441699 
0.6759999999999999 -1.602592475856791 
0.6779999999999999 -1.6119608632123943 
0.6799999999999999 -1.6212931640554398 
0.6819999999999999 -1.6305890971957382 
0.6839999999999999 -1.6398483833039106 
0.6859999999999999 -1.6490707449067317 
0.688 -1.6582559063823838 
0.69 -1.6674035939556087 
0.692 -1.6765135356927656 
0.694 -1.685585461496795 
0.696 -1.6946191031020879 
0.698 -1.70361419406927 
0.7 -1.712570469779887 
0.702 -1.7214876674310173 
0.704 -1.730365526029784 
0.706 -1.739203786387797 
0.708 -1.7480021911155061 
0.71 -1.756760484616471 
0.712 -1.7654784130815615 
0.714 -1.774155724483078 
0.716 -1.7827921685687893 
0.718 -1.7913874968559074 
0.72 -1.7999414626249899 
0.722 -1.808453820913762 
0.724 -1.8169243285108767 
0.726 -1.8253527439496149 
0.728 -1.8337388275015085 
0.73 -1.8420823411699014 
0.732 -1.8503830486834563 
0.734 -1.8586407154895952 
0.736 -1.8668551087478749 
0.738 -1.8750259973233192 
0.74 -1.8831531517796813 
0.742 -1.891236344372656 
0.744 -1.8992753490430418 
0.746 -1.9072699414098488 
0.748 -1.915219898763352 
0.75 -1.9231250000581022 
0.752 -1.9309850259058876 
0.754 -1.938799758568645 
0.756 -1.9465689819513297 
0.758 -1.9542924815947431 
0.76 -1.9619700446683135 
0.762 -1.9696014599628424 
0.764 -1.9771865178832062 
0.766 -1.9847250104410175 
0.768 -1.9922167312472592 
0.77 -1.9996614755048714 
0.772 -2.0070590400013173 
0.774 -2.014409223101098 
0.776 -2.0217118247382513 
0.778 -2.028966646408814 
0.78 -2.0361734911632516 
0.782 -2.0433321635988686 
0.784 -2.0504424698521744 
0.786 -2.0575042175912492 
0.788 -2.0645172160080567 
0.79 -2.0714812758107595 
0.792 -2.0783962092159847 
0.794 -2.0852618299410977 
0.796 -2.092077953196427 
0.798 -2.0988443956774945 
0.8 -2.1055609755572062 
0.802 -2.1122275124780425 
0.804 -2.118843827544226 
0.806 -2.1254097433138655 
0.808 -2.1319250837911006 
0.81 -2.138389674418228 
0.812 -2.1448033420678123 
0.8140000000000001 -2.1511659150347793 
0.8160000000000001 -2.1574772230285215 
0.8180000000000001 -2.1637370971649705 
0.8200000000000001 -2.169945369958676 
0.8220000000000001 -2.176101875314866 
0.8240000000000001 -2.1822064485215114 
0.8260000000000001 -2.188258926241374 
0.8280000000000001 -2.1942591465040686 
0.8300000000000001 -2.200206948698092 
0.8320000000000001 -2.2061021735628734 
0.8340000000000001 -2.211944663180816 
0.8360000000000001 -2.21773426096933 
0.8380000000000001 -2.2234708116728767 
0.8400000000000001 -2.2291541613549977 
0.8420000000000001 -2.234784157390362 
0.8440000000000001 -2.2403606484568037 
0.8460000000000001 -2.2458834845273628 
0.8480000000000001 -2.251352516862337 
0.8500000000000001 -2.256767598001321 
0.8520000000000001 -2.262128581755277 
0.8540000000000001 -2.267435323198579 
0.8560000000000001 -2.2726876786610877 
0.8580000000000001 -2.2778855057202256 
0.8600000000000001 -2.283028663193046 
0.8620000000000001 -2.2881170111283335 
0.8640000000000001 -2.2931504107986895 
0.8660000000000001 -2.298128724692649 
0.8680000000000001 -2.3030518165067884 
0.8700000000000001 -2.307919551137855 
0.8720000000000001 -2.3127317946748995 
0.8740000000000001 -2.3174884143914363 
0.8760000000000001 -2.322189278737592 
0.8780000000000001 -2.326834257332285 
0.8800000000000001 -2.3314232209554118 
0.8820000000000001 -2.3359560415400558 
0.8840000000000001 -2.34043259216468 
0.8860000000000001 -2.344852747045386 
0.8880000000000001 -2.349216381528139 
0.8900000000000001 -2.3535233720810362 
0.8920000000000001 -2.3577735962865907 
0.8940000000000001 -2.361966932834011 
0.8960000000000001 -2.3661032615115314 
0.8980000000000001 -2.370182463198726 
0.9000000000000001 -2.374204419858867 
0.9020000000000001 -2.378169014531294 
0.9040000000000001 -2.382076131323785 
0.9060000000000001 -2.3859256554049844 
0.9080000000000001 -2.389717472996807 
0.9100000000000001 -2.3934514713669044 
0.9120000000000001 -2.397127538821125 
0.9140000000000001 -2.400745564695997 
0.9160000000000001 -2.4043054393512544 
0.9180000000000001 -2.4078070541623573 
0.9199999999999999 -2.411250301513062 
0.9219999999999999 -2.4146350747879888 
0.9239999999999999 -2.4179612683652394 
0.9259999999999999 -2.4212287776090125 
0.9279999999999999 -2.424437498862268 
0.9299999999999999 -2.4275873294393997 
0.9319999999999999 -2.430678167618942 
0.9339999999999999 -2.4337099126362913 
0.9359999999999999 -2.4366824646764798 
0.938 -2.4395957248669404 
0.94 -2.442449595270329 
0.942 -2.445243978877349 
0.944 -2.447978779599637 
0.946 -2.450653902262629 
0.948 -2.4532692525985036 
0.95 -2.4558247372391198 
0.952 -2.458320263708993 
0.954 -2.4607557404183087 
0.956 -2.4631310766559467 
0.958 -2.465446182582548 
0.96 -2.467700969223607 
0.962 -2.469895348462571 
0.964 -2.472029233034 
0.966 -2.474102536516729 
0.968 -2.47611517332705 
0.97 -2.4780670587119373 
0.972 -2.4799581087422764 
0.974 -2.481788240306121 
0.976 -2.483557371101963 
0.978 -2.4852654196320207 
0.98 -2.4869123051955273 
0.982 -2.488497947882041 
0.984 -2.490022268564748 
0.986 -2.4914851888937624 
0.988 -2.4928866312894242 
0.99 -2.494226518935573 
0.992 -2.495504775772812 
0.994 -2.4967213264917243 
0.996 -2.497876096526069 
0.998 -2.4989690120459054 
