-1.0 3750.333333333851 
-0.998 1500.9946631750634 
-0.996 464.5286127264037 
-0.994 76.85015077426722 
-0.992 0.5123872090721397 
-0.99 45.26573174691938 
-0.988 113.17601164376025 
-0.986 161.53757632937823 
-0.984 178.49171806199084 
-0.982 167.5597493180033 
-0.98 138.30045967891817 
-0.978 101.06573964252088 
-0.976 64.40634218574168 
-0.974 34.112693371611904 
-0.972 13.195944246154433 
-0.97 2.348063811193248 
-0.968 0.587311192894163 
-0.966 5.91312695386596 
-0.964 15.87504718908392 
-0.962 28.01352488012545 
-0.96 40.16412174758813 
-0.958 50.636182696007836 
-0.956 58.28716743828672 
-0.954 62.51751351391635 
-0.952 63.210594372536946 
-0.95 60.639697600877454 
-0.948 55.360153120685204 
-0.946 48.100576696652645 
-0.944 39.66316354068244 
-0.942 30.839366906889744 
-0.94 22.34427769439868 
-0.938 14.770633056530531 
-0.9359999999999999 8.561608719713178 
-0.9339999999999999 4.00033459245072 
-0.9319999999999999 1.2133378661686693 
-0.9299999999999999 0.18477495337364158 
-0.9279999999999999 0.7782761566104359 
-0.926 2.7634136355022623 
-0.924 5.8441419814960085 
-0.922 9.686990356648655 
-0.92 13.947255895075116 
-0.918 18.291921090383656 
-0.916 22.41846449653982 
-0.914 26.06913446897587 
-0.912 29.04059766959419 
-0.91 31.189151682238986 
-0.908 32.43190328245789 
-0.906 32.744463344446515 
-0.904 32.155801366427205 
-0.902 30.740944206271667 
-0.9 28.61220286298706 
-0.898 25.909576389300014 
-0.896 22.79092151902522 
-0.894 19.422398096176625 
-0.892 15.969610918895995 
-0.89 12.589774283308548 
-0.888 9.425131474687458 
-0.886 6.597771850676013 
-0.884 4.205906165356278 
-0.882 2.3215886522548113 
-0.88 0.9898135517213517 
-0.878 0.22886494113661593 
-0.876 0.03176199723111428 
-0.874 0.3686167778607612 
-0.872 1.1897074497340197 
-0.87 2.4290655125567895 
-0.868 4.008379683244518 
-0.866 5.841030298632371 
-0.864 7.836084919794132 
-0.862 9.902106844280532 
-0.86 11.950652088998979 
-0.858 13.899355835978607 
-0.856 15.674535208400144 
-0.854 17.213260587473062 
-0.852 18.46487167520099 
-0.85 19.391936499632124 
-0.848 19.97067105432458 
-0.846 20.19085392055903 
-0.844 20.05528383878174 
-0.842 19.578838700186218 
-0.84 18.787201857028716 
-0.838 17.715326130566023 
-0.836 16.405707635176256 
-0.834 14.906540801414026 
-0.832 13.269823078053173 
-0.83 11.549473060231003 
-0.828 9.799519577530313 
-0.826 8.07241193451345 
-0.8240000000000001 6.4174933702616395 
-0.8220000000000001 4.879671218085559 
-0.8200000000000001 3.498308502777864 
-0.8180000000000001 2.3063530810451867 
-0.8160000000000001 1.3297121473877476 
-0.8140000000000001 0.5868721925876241 
-0.812 0.08875747727649475 
-0.81 -0.16118610650686827 
-0.808 -0.16670017938607962 
-0.806 0.06176129237634598 
-0.804 0.5076655000824661 
-0.802 1.1491643563512168 
-0.8 1.9599585010036809 
-0.798 2.910231691132462 
-0.796 3.9676259089405663 
-0.794 5.098228656472156 
-0.792 6.2675456894215795 
-0.79 7.441434768455577 
-0.788 8.586978768957142 
-0.786 9.673279580857958 
-0.784 10.672157543299209 
-0.782 11.558744593711634 
-0.78 12.311962772267586 
-0.778 12.91488312448672 
-0.776 13.354963309778277 
-0.774 13.624165284825429 
-0.772 13.718957232117665 
-0.77 13.640206400555382 
-0.768 13.3929716826391 
-0.766 12.986206548530905 
-0.764 12.432384378046152 
-0.762 11.747059274104732 
-0.76 10.948376111069813 
-0.758 10.056543881837184 
-0.756 9.093286379116455 
-0.754 8.081283904761985 
-0.752 7.043619077576966 
-0.75 6.003238938693133 
-0.748 4.982444471994331 
-0.746 4.002417403386694 
-0.744 3.0827927565152504 
-0.742 2.2412841628313487 
-0.74 1.4933673886793943 
-0.738 0.8520259875400326 
-0.736 0.32756144579229163 
-0.734 -0.07253130376131056 
-0.732 -0.3436235468420654 
-0.73 -0.48394950010132776 
-0.728 -0.49454314419634415 
-0.726 -0.3791193202103744 
-0.724 -0.1439041536562886 
-0.722 0.20257936475209393 
-0.72 0.6497642090933518 
-0.718 1.185323686831784 
-0.716 1.7954801958056612 
-0.714 2.4653310983817454 
-0.712 3.179184470145663 
-0.71 3.920897648959575 
-0.708 4.674211806549832 
-0.706 5.42307617579802 
-0.704 6.151956077575726 
-0.702 6.846119486013772 
-0.7 7.491897533867266 
-0.698 8.076915074061988 
-0.696 8.59028816331456 
-0.694 9.022786102459962 
-0.692 9.36695644125182 
-0.69 9.617212117791475 
-0.688 9.769880641704997 
-0.6859999999999999 9.823215933010466 
-0.6839999999999999 9.77737408532459 
-0.6819999999999999 9.634354922559323 
-0.6799999999999999 9.39791175576365 
-0.6779999999999999 9.07343221441676 
-0.6759999999999999 8.667793420204452 
-0.6739999999999999 8.18919508795992 
-0.6719999999999999 7.646974376589497 
-0.6699999999999999 7.05140647240977 
-0.6679999999999999 6.413494969775675 
-0.6659999999999999 5.744756121683148 
-0.6639999999999999 5.057000969958513 
-0.6619999999999999 4.362119235390537 
-0.6599999999999999 3.6718686581811095 
-0.6579999999999999 2.9976732349051294 
-0.6559999999999999 2.3504335062450403 
-0.6539999999999999 1.7403517177485406 
-0.6519999999999999 1.176774310988408 
-0.6499999999999999 0.6680538126378578 
-0.648 0.22143178162900493 
-0.646 -0.15705594249576937 
-0.644 -0.4626508666393313 
-0.642 -0.6919199383405006 
-0.64 -0.84278010305918 
-0.638 -0.914499707538563 
-0.636 -0.9076774969984408 
-0.634 -0.8242002910006032 
-0.632 -0.6671807288750675 
-0.63 -0.4408767462877712 
-0.628 -0.15059467796267345 
-0.626 0.19742192492596988 
-0.624 0.59611552139197 
-0.622 1.0377474988368651 
-0.62 1.5140383606278378 
-0.618 2.0163127316868428 
-0.616 2.535646741168142 
-0.614 3.0630153891013725 
-0.612 3.589437586951404 
-0.61 4.106116677633218 
-0.608 4.604574385194569 
-0.606 5.076776315289638 
-0.604 5.51524732034494 
-0.602 5.91317525480279 
-0.6 6.264501871556747 
-0.598 6.563999847126688 
-0.596 6.8073351660027495 
-0.594 6.991114340172268 
-0.592 7.112916184428437 
-0.59 7.171308108000355 
-0.588 7.1658471150425225 
-0.586 7.097065927427895 
-0.584 6.966444850479408 
-0.5820000000000001 6.776370192986549 
-0.5800000000000001 6.530080225282462 
-0.5780000000000001 6.231599811215687 
-0.5760000000000001 5.885664980295966 
-0.5740000000000001 5.497638814074541 
-0.5720000000000001 5.073420105072208 
-0.5700000000000001 4.6193463071452845 
-0.5680000000000001 4.142092333099901 
-0.5660000000000001 3.648566768653863 
-0.5640000000000001 3.145807062751782 
-0.562 2.6408752230226153 
-0.56 2.1407554936662496 
-0.558 1.6522554222311734 
-0.556 1.1819116336585758 
-0.554 0.7359015260643549 
-0.552 0.3199619853719529 
-0.55 -0.06068391307936366 
-0.548 -0.40139138628301996 
-0.546 -0.6981489243449024 
-0.544 -0.9476232365994176 
-0.542 -1.1471937824257268 
-0.54 -1.294976659887625 
-0.538 -1.3898377774657606 
-0.536 -1.4313953827984438 
-0.534 -1.4200121654819542 
-0.532 -1.356777287072679 
-0.53 -1.2434788185785521 
-0.528 -1.082567182906617 
-0.526 -0.8771103053855205 
-0.524 -0.630741268652621 
-0.522 -0.3475993482929369 
-0.52 -0.032265371562652856 
-0.518 0.31030760670859037 
-0.516 0.6748672798281015 
-0.514 1.0559376628013535 
-0.512 1.4478962019622086 
-0.51 1.8450513648972562 
-0.508 2.241719674582696 
-0.506 2.6323011842764052 
-0.504 3.011352434450433 
-0.502 3.3736559890196336 
-0.5 3.7142857142930894 
-0.498 4.028667039152832 
-0.496 4.312631517956817 
-0.494 4.5624651071001345 
-0.492 4.774949660811848 
-0.49 4.947397250282034 
-0.488 5.077677011161692 
-0.486 5.164234326695514 
-0.484 5.206102255638485 
-0.482 5.202905214759941 
-0.48 5.15485502356486 
-0.478 5.06273951300646 
-0.476 4.9279039892283345 
-0.474 4.752225926739051 
-0.472 4.538083342180219 
-0.47 4.288317369027098 
-0.46799999999999997 4.0061896147272895 
-0.46599999999999997 3.6953349341578825 
-0.46399999999999997 3.3597102966938754 
-0.46199999999999997 3.0035404581271825 
-0.45999999999999996 2.6312611732387627 
-0.45799999999999996 2.247460699523293 
-0.45599999999999996 1.8568203480929366 
-0.45399999999999996 1.464054833667018 
-0.45199999999999996 1.0738531625291867 
-0.44999999999999996 0.690820775596487 
-0.44799999999999995 0.31942363385652683 
-0.44599999999999995 -0.0360651042105673 
-0.44399999999999995 -0.3716152081088939 
-0.44199999999999995 -0.6834857494140487 
-0.43999999999999995 -0.9682672266416359 
-0.43799999999999994 -1.222919004047931 
-0.43599999999999994 -1.444801692601469 
-0.43399999999999994 -1.631704169326269 
-0.43199999999999994 -1.7818650013814104 
-0.42999999999999994 -1.8939881126610394 
-0.42799999999999994 -1.9672526025545332 
-0.42599999999999993 -2.0013166978399006 
-0.42399999999999993 -1.9963158888194323 
-0.42200000000000004 -1.952855368802156 
-0.42000000000000004 -1.8719969612748504 
-0.41800000000000004 -1.7552407807716166 
-0.41600000000000004 -1.6045019310391488 
-0.41400000000000003 -1.4220825969246649 
-0.41200000000000003 -1.2106399339580796 
-0.41000000000000003 -0.9731502016479123 
-0.40800000000000003 -0.7128696223152406 
-0.406 -0.433292476999644 
-0.404 -0.1381069730206146 
-0.402 0.16885056567696632 
-0.4 0.48364262452785933 
-0.398 0.8022779765791532 
-0.396 1.1207591523105247 
-0.394 1.4351293500191304 
-0.392 1.741518251692027 
-0.39 2.036186230931965 
-0.388 2.315566466575805 
-0.386 2.57630450783683 
-0.384 2.815294873482088 
-0.382 3.0297143083367053 
-0.38 3.21705136462805 
-0.378 3.375132023009988 
-0.376 3.502141117622682 
-0.374 3.5966393809251143 
-0.372 3.6575759765626588 
-0.37 3.684296441582943 
-0.368 3.6765460123155975 
-0.366 3.6344683606211916 
-0.364 3.558599818342512 
-0.362 3.449859217251228 
-0.36 3.3095335189022212 
-0.358 3.1392594531821776 
-0.356 2.941001425690507 
-0.354 2.7170259915962807 
-0.352 2.4698732274768203 
-0.35 2.2023253621225285 
-0.348 1.9173730523404848 
-0.346 1.6181797102221127 
-0.344 1.308044303951901 
-0.34199999999999997 0.9903630649247068 
-0.33999999999999997 0.6685905398162093 
-0.33799999999999997 0.3462004271212118 
-0.33599999999999997 0.026646633856711066 
-0.33399999999999996 -0.2866750204971491 
-0.33199999999999996 -0.5904640387902824 
-0.32999999999999996 -0.8815510230971553 
-0.32799999999999996 -1.1569316184844654 
-0.32599999999999996 -1.4137982735925414 
-0.32399999999999995 -1.6495694965038183 
-0.32199999999999995 -1.861916315986886 
-0.31999999999999995 -2.048785692480301 
-0.31799999999999995 -2.2084206596162237 
-0.31599999999999995 -2.3393770154876674 
-0.31399999999999995 -2.4405364224841564 
-0.31199999999999994 -2.511115815210506 
-0.30999999999999994 -2.550673057102289 
-0.30799999999999994 -2.5591088275071687 
-0.30599999999999994 -2.536664761823138 
-0.30399999999999994 -2.483917907203056 
-0.30199999999999994 -2.4017715950705503 
-0.29999999999999993 -2.2914428688378816 
-0.29799999999999993 -2.1544466402980857 
-0.29600000000000004 -1.9925767810185842 
-0.29400000000000004 -1.8078843851825133 
-0.29200000000000004 -1.6026534676387532 
-0.29000000000000004 -1.3793743849679592 
-0.28800000000000003 -1.1407152881627094 
-0.28600000000000003 -0.8894919327047841 
-0.28400000000000003 -0.6286361853926918 
-0.28200000000000003 -0.36116357706637103 
-0.28 -0.09014025642396262 
-0.278 0.18135029772077527 
-0.276 0.4502404498908126 
-0.274 0.7135111165700587 
-0.272 0.968223668331101 
-0.27 1.2115506960871891 
-0.268 1.4408053277336577 
-0.266 1.6534688001026838 
-0.264 1.8472160127022081 
-0.262 2.0199388138134666 
-0.26 2.16976679590738 
-0.258 2.2950854058037073 
-0.256 2.3945512049993645 
-0.254 2.467104147131588 
-0.252 2.5119767718962125 
-0.25 2.5287002479089606 
-0.248 2.517107230390349 
-0.246 2.4773315329867636 
-0.244 2.4098046460292633 
-0.242 2.3152491658884173 
-0.24 2.194669231360063 
-0.238 2.049338093037208 
-0.236 1.8807829698895133 
-0.23399999999999999 1.6907673738336049 
-0.23199999999999998 1.4812711073532372 
-0.22999999999999998 1.2544681612283424 
-0.22799999999999998 1.012702758813746 
-0.22599999999999998 0.7584638101083767 
-0.22399999999999998 0.49435805259767607 
-0.22199999999999998 0.2230821668144476 
-0.21999999999999997 -0.05260583762026183 
-0.21799999999999997 -0.32991566494173874 
-0.21599999999999997 -0.6060539029917609 
-0.21399999999999997 -0.8782530189924642 
-0.21199999999999997 -1.1437998850417874 
-0.20999999999999996 -1.4000635444180547 
-0.20799999999999996 -1.6445219400682234 
-0.20599999999999996 -1.8747873396197927 
-0.20399999999999996 -2.08863020679816 
-0.20199999999999996 -2.2840012870665656 
-0.19999999999999996 -2.459051695384976 
-0.19799999999999995 -2.612150816031155 
-0.19599999999999995 -2.741901848176784 
-0.19399999999999995 -2.847154856149883 
-0.19199999999999995 -2.9270172096485227 
-0.18999999999999995 -2.9808613266083337 
-0.18799999999999994 -3.0083296592202187 
-0.18599999999999994 -3.009336892050066 
-0.18399999999999994 -2.9840693494872674 
-0.18199999999999994 -2.932981637918454 
-0.17999999999999994 -2.8567905757228957 
-0.17799999999999994 -2.7564664910164414 
-0.17599999999999993 -2.633221993008447 
-0.17399999999999993 -2.4884983473718476 
-0.17199999999999993 -2.3239496091915512 
-0.16999999999999993 -2.141424688388563 
-0.16799999999999993 -1.9429475419924698 
-0.16600000000000004 -1.7306957050443879 
-0.16400000000000003 -1.506977387013885 
-0.16200000000000003 -1.274207373374059 
-0.16000000000000003 -1.0348819822994761 
-0.15800000000000003 -0.7915533341291401 
-0.15600000000000003 -0.5468031963809583 
-0.15400000000000003 -0.3032166695377494 
-0.15200000000000002 -0.06335597868944487 
-0.15000000000000002 0.17026536674241277 
-0.14800000000000002 0.395207788316168 
-0.14600000000000002 0.6091299799043288 
-0.14400000000000002 0.8098121363795332 
-0.14200000000000002 0.9951778434908677 
-0.14 1.1633144175266565 
-0.138 1.3124915000611763 
-0.136 1.4411777315787808 
-0.134 1.5480553479197634 
-0.132 1.63203256498744 
-0.13 1.6922536399317338 
-0.128 1.7281065206220751 
-0.126 1.7392280196741288 
-0.124 1.725506474122592 
-0.122 1.6870818769380982 
-0.12 1.624343491652787 
-0.118 1.5379249861794584 
-0.11599999999999999 1.4286971462150762 
-0.11399999999999999 1.297758252200873 
-0.11199999999999999 1.1464222264315933 
-0.10999999999999999 0.9762046783375427 
-0.10799999999999998 0.7888069960545232 
-0.10599999999999998 0.5860986508912673 
-0.10399999999999998 0.3700978980820788 
-0.10199999999999998 0.14295107211879432 
-0.09999999999999998 -0.0930893121741656 
-0.09799999999999998 -0.33568743092816755 
-0.09599999999999997 -0.5824477644299535 
-0.09399999999999997 -0.830939215574463 
-0.09199999999999997 -1.0787194930468353 
-0.08999999999999997 -1.3233595171118757 
-0.08799999999999997 -1.5624676068471262 
-0.08599999999999997 -1.7937132107222296 
-0.08399999999999996 -2.014849948057541 
-0.08199999999999996 -2.2237377365110875 
-0.07999999999999996 -2.4183637907356883 
-0.07799999999999996 -2.596862289238958 
-0.07599999999999996 -2.7575325203340055 
-0.07399999999999995 -2.8988553337717695 
-0.07199999999999995 -3.0195077418560308 
-0.06999999999999995 -3.1183755325593268 
-0.06799999999999995 -3.194563777204886 
-0.06599999999999995 -3.247405136198553 
-0.06399999999999995 -3.2764658882853275 
-0.061999999999999944 -3.281549631298363 
-0.05999999999999994 -3.262698625297706 
-0.05799999999999994 -3.2201927722008 
-0.05599999999999994 -3.1545462490628777 
-0.05399999999999994 -3.0665018351088924 
-0.051999999999999935 -2.9570229949464144 
-0.04999999999999993 -2.8272838022080395 
-0.04799999999999993 -2.6786568086066724 
-0.04599999999999993 -2.5126989832091278 
-0.04399999999999993 -2.3311358651827847 
-0.041999999999999926 -2.135844090293962 
-0.040000000000000036 -1.928832466886872 
-0.038000000000000034 -1.712221790717238 
-0.03600000000000003 -1.4882235998565292 
-0.03400000000000003 -1.259118080658685 
-0.03200000000000003 -1.0272313435892853 
-0.030000000000000027 -0.794912293267229 
-0.028000000000000025 -0.5645093205385188 
-0.026000000000000023 -0.3383470456056483 
-0.02400000000000002 -0.1187033401901314 
-0.02200000000000002 0.09221314645446332 
-0.020000000000000018 0.2922847382887881 
-0.018000000000000016 0.4795055480828947 
-0.016000000000000014 0.6520011554726522 
-0.014000000000000012 0.80804695657975 
-0.01200000000000001 0.9460850075753166 
-0.010000000000000009 1.06473919956179 
-0.008000000000000007 1.1628286186925432 
-0.006000000000000005 1.239378963352846 
-0.0040000000000000036 1.2936319093676854 
-0.0020000000000000018 1.3250523343563891 
0.0 1.3333333333415545 
0.0020000000000000018 1.3183989793191102 
0.0040000000000000036 1.2804048045476628 
0.006000000000000005 1.219736000531822 
0.008000000000000007 1.1370033569288873 
0.010000000000000009 1.0330369815852474 
0.01200000000000001 0.9088778655117061 
0.014000000000000012 0.7657673775500526 
0.016000000000000014 0.6051347935494434 
0.018000000000000016 0.4285829839745783 
0.020000000000000018 0.2378724017105085 
0.02200000000000002 0.03490352829177934 
0.02400000000000002 -0.1783020482808222 
0.026000000000000023 -0.39962173772406984 
0.028000000000000025 -0.6268530358154376 
0.030000000000000027 -0.857735389558832 
0.03200000000000003 -1.089972624289322 
0.03400000000000003 -1.321255712461257 
0.03600000000000003 -1.549285660562021 
0.038000000000000034 -1.771796289454564 
0.040000000000000036 -1.986576684550781 
0.04200000000000004 -2.1914930954033025 
0.04400000000000004 -2.3845100697015367 
0.04600000000000004 -2.563710614076535 
0.04800000000000004 -2.727315183601959 
0.050000000000000044 -2.8736993132729567 
0.052000000000000046 -3.001409717912228 
0.05400000000000005 -3.109178701907334 
0.05600000000000005 -3.1959367365763516 
0.05800000000000005 -3.260823080822622 
0.06000000000000005 -3.3031943397812054 
0.062000000000000055 -3.322630876274657 
0.06400000000000006 -3.318941010811519 
0.06600000000000006 -3.2921629674663153 
0.06800000000000006 -3.2425645449887863 
0.07000000000000006 -3.170640514758087 
0.07200000000000006 -3.0771077694314983 
0.07400000000000007 -2.9628982682160925 
0.07600000000000007 -2.829149846340865 
0.07800000000000007 -2.677194977262404 
0.08000000000000007 -2.508547596417175 
0.08200000000000007 -2.3248881144003617 
0.08400000000000007 -2.1280467654287527 
0.08600000000000008 -1.9199854535339855 
0.08800000000000008 -1.7027782738474655 
0.09000000000000008 -1.4785908997195742 
0.09200000000000008 -1.24965903783939 
0.09400000000000008 -1.0182661630212284 
0.09600000000000009 -0.7867207518414094 
0.09800000000000009 -0.5573332395824446 
0.10000000000000009 -0.33239292818981503 
0.10200000000000009 -0.11414507381117311 
0.10400000000000009 0.09523161876796049 
0.1060000000000001 0.2936468709482982 
0.1080000000000001 0.47911985638100707 
0.1100000000000001 0.6497991679986173 
0.1120000000000001 0.8039815257595957 
0.1140000000000001 0.9401290367705922 
0.1160000000000001 1.0568848332735223 
0.1180000000000001 1.1530869295230124 
0.1200000000000001 1.2277801558299326 
0.12200000000000011 1.2802260465836313 
0.12400000000000011 1.3099105790346175 
0.1260000000000001 1.3165496805547818 
0.1280000000000001 1.3000924439509747 
0.13000000000000012 1.2607220129479753 
0.13200000000000012 1.1988541229167182 
0.13400000000000012 1.1151333051523407 
0.13600000000000012 1.0104267861883471 
0.13800000000000012 0.8858161366521199 
0.14000000000000012 0.742586746694962 
0.14200000000000013 0.5822152268890988 
0.14400000000000013 0.40635485447545316 
0.14600000000000013 0.21681920473135152 
0.14800000000000013 0.015564125780583193 
0.15000000000000013 -0.19533176769258676 
0.15200000000000014 -0.4136878909787767 
0.15399999999999991 -0.6372435716455553 
0.15599999999999992 -0.8636808014785538 
0.15799999999999992 -1.0906476324006662 
0.15999999999999992 -1.315781983340721 
0.16199999999999992 -1.5367356199281024 
0.16399999999999992 -1.7511980661896847 
0.16599999999999993 -1.9569202070455736 
0.16799999999999993 -2.1517373424373907 
0.16999999999999993 -2.333591458393834 
0.17199999999999993 -2.5005524870929947 
0.17399999999999993 -2.650838337127868 
0.17599999999999993 -2.7828334864869566 
0.17799999999999994 -2.895105944255 
0.17999999999999994 -2.986422402517276 
0.18199999999999994 -3.055761417295872 
0.18399999999999994 -3.102324476440532 
0.18599999999999994 -3.1255448329649735 
0.18799999999999994 -3.125094004273064 
0.18999999999999995 -3.100885860788953 
0.19199999999999995 -3.0530782514607924 
0.19399999999999995 -2.9820721382686 
0.19599999999999995 -2.888508236920435 
0.19799999999999995 -2.773261186221604 
0.19999999999999996 -2.637431293726096 
0.20199999999999996 -2.482333930244789 
0.20399999999999996 -2.3094866699953434 
0.20599999999999996 -2.1205942967391733 
0.20799999999999996 -1.9175318186298882 
0.20999999999999996 -1.702325655655373 
0.21199999999999997 -1.4771331831448185 
0.21399999999999997 -1.2442208327658555 
0.21599999999999997 -1.0059409683262945 
0.21799999999999997 -0.7647077676638447 
0.21999999999999997 -0.5229723534817823 
0.22199999999999998 -0.28319742526692004 
0.22399999999999998 -0.04783165115773258 
0.22599999999999998 0.180715917185315 
0.22799999999999998 0.4001011421837928 
0.22999999999999998 0.6080695470256618 
0.23199999999999998 0.8024802519610774 
0.23399999999999999 0.9813288472809112 
0.236 1.1427689592509231 
0.238 1.2851322770697444 
0.24 1.4069468231537434 
0.242 1.5069532656584665 
0.244 1.5841190909584317 
0.246 1.6376504746384202 
0.248 1.6670017122246097 
0.25 1.671882095197318 
0.252 1.6522601434996413 
0.254 1.6083651326130022 
0.256 1.5406858809379533 
0.258 1.4499667915856362 
0.26 1.3372011712383913 
0.262 1.203621877456316 
0.264 1.0506893741061967 
0.266 0.8800773024797247 
0.268 0.6936557025226155 
0.27 0.4934720444885663 
0.272 0.28173025561662635 
0.274 0.060767949169418634 
0.276 -0.1669679161329778 
0.278 -0.3989466997195652 
0.28 -0.6325808030863418 
0.28200000000000003 -0.8652531777792896 
0.28400000000000003 -1.094345330424369 
0.28600000000000003 -1.3172655299063294 
0.28800000000000003 -1.5314769170284561 
0.29000000000000004 -1.7345252151639385 
0.29200000000000004 -1.9240657419804483 
0.29400000000000004 -2.0978894268589343 
0.29600000000000004 -2.253947546513983 
0.29800000000000004 -2.39037490222864 
0.30000000000000004 -2.5055111761647177 
0.30200000000000005 -2.5979202211178767 
0.30400000000000005 -2.666407057915446 
0.30600000000000005 -2.710032376947891 
0.30800000000000005 -2.72812436523678 
0.31000000000000005 -2.7202877073616296 
0.31200000000000006 -2.686409637572833 
0.31400000000000006 -2.6266629509427144 
0.31600000000000006 -2.5415059134036757 
0.31800000000000006 -2.4316790434310556 
0.32000000000000006 -2.2981987717719683 
0.32200000000000006 -2.142348019644875 
0.32400000000000007 -1.965663769705504 
0.32600000000000007 -1.7699217376936964 
0.32800000000000007 -1.5571182854519603 
0.33000000000000007 -1.3294497476802258 
0.3320000000000001 -1.0892893750117794 
0.3340000000000001 -0.8391621243601304 
0.3360000000000001 -0.581717553725541 
0.3380000000000001 -0.3197011023879095 
0.3400000000000001 -0.05592405842250758 
0.3420000000000001 0.2067674665935142 
0.3440000000000001 0.46552422109136415 
0.3460000000000001 0.7175258094763808 
0.3480000000000001 0.9600126471903945 
0.3500000000000001 1.1903175177804213 
0.3520000000000001 1.4058963749847877 
0.3540000000000001 1.6043580369162043 
0.3560000000000001 1.7834924274655546 
0.3580000000000001 1.9412970319845202 
0.3600000000000001 2.0760012501755916 
0.3620000000000001 2.186088348649761 
0.3640000000000001 2.270314738819134 
0.3660000000000001 2.327726332321184 
0.3680000000000001 2.357671755949597 
0.3700000000000001 2.3598122405587576 
0.3720000000000001 2.334128033675012 
0.3740000000000001 2.2809212228210387 
0.3760000000000001 2.2008148957789015 
0.3780000000000001 2.0947486046454493 
0.3800000000000001 1.9639701420941404 
0.3820000000000001 1.810023680422284 
0.3840000000000001 1.6347343661715388 
0.3860000000000001 1.4401895049171214 
0.3880000000000001 1.2287165117491892 
0.3900000000000001 1.002857842597374 
0.3920000000000001 0.7653431592118152 
0.39400000000000013 0.5190590161654247 
0.39600000000000013 0.2670163909300831 
0.39800000000000013 0.01231640764463493 
0.40000000000000013 -0.2418853687670448 
0.40200000000000014 -0.492415669349193 
0.40400000000000014 -0.7361208721155537 
0.40600000000000014 -0.9699045372963004 
0.4079999999999999 -1.1907646882510188 
0.4099999999999999 -1.3958303958043494 
0.4119999999999999 -1.5823972252357303 
0.4139999999999999 -1.7479611117159175 
0.4159999999999999 -1.890250241808012 
0.4179999999999999 -2.007254535571814 
0.41999999999999993 -2.0972523458326755 
0.42199999999999993 -2.158834018035176 
0.42399999999999993 -2.1909219857215043 
0.42599999999999993 -2.1927871126194862 
0.42799999999999994 -2.1640610324006895 
0.42999999999999994 -2.1047442808942645 
0.43199999999999994 -2.015210062508596 
0.43399999999999994 -1.896203542376077 
0.43599999999999994 -1.748836607653908 
0.43799999999999994 -1.5745780950438744 
0.43999999999999995 -1.3752395362484664 
0.44199999999999995 -1.1529565281702183 
0.44399999999999995 -0.9101658894897867 
0.44599999999999995 -0.6495788192569858 
0.44799999999999995 -0.3741503255305909 
0.44999999999999996 -0.08704524229109944 
0.45199999999999996 0.2083987997993153 
0.45399999999999996 0.5087110394221437 
0.45599999999999996 0.8103294383038566 
0.45799999999999996 1.1096442385248273 
0.45999999999999996 1.403042709441975 
0.46199999999999997 1.686954546301269 
0.46399999999999997 1.9578973644705007 
0.46599999999999997 2.212521721858645 
0.46799999999999997 2.447655097292378 
0.47 2.660344254959691 
0.472 2.8478954344092737 
0.474 3.0079118222260215 
0.476 3.1383277852105893 
0.478 3.237439375728029 
0.48 3.3039306574323115 
0.482 3.336895443714272 
0.484 3.33585409143228 
0.486 3.3007650483757547 
0.488 3.2320309138331176 
0.49 3.1304988370620164 
0.492 2.997455147554642 
0.494 2.834614183068809 
0.496 2.6441013555386097 
0.498 2.4284305703990334 
0.5 2.1904761904795857 
0.502 1.933439810645395 
0.504 1.660812182651297 
0.506 1.3763307003955438 
0.508 1.0839329227576655 
0.51 0.7877066736844665 
0.512 0.49183731609652326 
0.514 0.2005528466534492 
0.516 -0.08193249832771143 
0.518 -0.35147540033904057 
0.52 -0.6040606275738758 
0.522 -0.8358574461249815 
0.524 -1.0432744970008336 
0.526 -1.2230123652800526 
0.528 -1.3721130809650193 
0.53 -1.4880058148962756 
0.532 -1.5685480674628978 
0.534 -1.612061692544113 
0.536 -1.617363154017538 
0.538 -1.5837874766738356 
0.54 -1.5112054269586124 
0.542 -1.4000335409549254 
0.544 -1.2512367064529604 
0.546 -1.0663231019327706 
0.548 -0.8473313966547522 
0.55 -0.5968102215573523 
0.552 -0.31779002907098736 
0.554 -0.013747569750216848 
0.556 0.31143667657800733 
0.558 0.6535276692504369 
0.56 1.0079910237959886 
0.562 1.3700536261680119 
0.5640000000000001 1.7347688987006333 
0.5660000000000001 2.097085885915178 
0.5680000000000001 2.4519212513342685 
0.5700000000000001 2.7942332099923313 
0.5720000000000001 3.1190963670116245 
0.5740000000000001 3.4217763913120427 
0.5760000000000001 3.6978034265682425 
0.5780000000000001 3.943043129509734 
0.5800000000000001 4.153764229528031 
0.5820000000000001 4.326701523663433 
0.5840000000000001 4.459113257652152 
0.5860000000000001 4.54883189702767 
0.5880000000000001 4.594307361862422 
0.5900000000000001 4.594641884458782 
0.5920000000000001 4.549615750183595 
0.5940000000000001 4.459703296960458 
0.5960000000000001 4.326078677424295 
0.5980000000000001 4.150611027923759 
0.6000000000000001 3.935848838910953 
0.6020000000000001 3.6849934797229795 
0.6040000000000001 3.401861995430365 
0.6060000000000001 3.090839461926628 
0.6080000000000001 2.756821355381028 
0.6100000000000001 2.4051465610923186 
0.6120000000000001 2.041521811929465 
0.6140000000000001 1.6719385053603701 
0.6160000000000001 1.3025829977416559 
0.6180000000000001 0.9397416124832387 
0.6200000000000001 0.5897017222232546 
0.6220000000000001 0.2586503717486617 
0.6240000000000001 -0.047428004197913154 
0.6260000000000001 -0.3228531482172794 
0.6280000000000001 -0.5623481700425925 
0.6300000000000001 -0.7611346786592199 
0.6320000000000001 -0.9150221854232328 
0.6340000000000001 -1.02049014288428 
0.6360000000000001 -1.074761048104727 
0.6380000000000001 -1.0758631312758582 
0.6400000000000001 -1.0226812703579298 
0.6420000000000001 -0.9149949193381474 
0.6440000000000001 -0.7535020105190575 
0.6460000000000001 -0.5398279880981689 
0.6480000000000001 -0.27651934923124066 
0.6500000000000001 0.032978693035679296 
0.6520000000000001 0.38436055608161607 
0.6540000000000001 0.7725145072263587 
0.6560000000000001 1.191592344304626 
0.6580000000000001 1.6350938445853815 
0.6600000000000001 2.0959650086458694 
0.6620000000000001 2.566708849881657 
0.6640000000000001 3.039507214156721 
0.6659999999999999 3.5063518625836396 
0.6679999999999999 3.959182818770927 
0.6699999999999999 4.390031775000295 
0.6719999999999999 4.791168174522843 
0.6739999999999999 5.155245444127935 
0.6759999999999999 5.4754447465380895 
0.6779999999999999 5.745613559745962 
0.6799999999999999 5.960396373587507 
0.6819999999999999 6.115354824984444 
0.6839999999999999 6.207074674636253 
0.6859999999999999 6.233257160304351 
0.688 6.192792445855392 
0.69 6.08581311987506 
0.692 5.913725981762413 
0.694 5.679220683775296 
0.696 5.3862541712542065 
0.698 5.040010275347315 
0.7 4.646834257495292 
0.702 4.214142576197548 
0.704 3.7503086364959834 
0.706 3.2645257831779895 
0.708 2.766649300672182 
0.71 2.267019676505811 
0.712 1.7762698609400533 
0.714 1.3051197025973076 
0.716 0.8641611481149956 
0.718 0.46363815266520514 
0.72 0.11322554749637304 
0.722 -0.17818865920063742 
0.724 -0.4027129195925905 
0.726 -0.5536490269728169 
0.728 -0.625671571670724 
0.73 -0.6149854282224737 
0.732 -0.5194569559385241 
0.734 -0.338714924620374 
0.736 -0.07421761010636263 
0.738 0.27071696168746423 
0.74 0.6909200131384542 
0.742 1.17942192667733 
0.744 1.7275439410027187 
0.746 2.325031634534733 
0.748 2.9602292765923397 
0.75 3.620293166765128 
0.752 4.291441103776451 
0.754 4.959234147138429 
0.756 5.608885880040501 
0.758 6.225593473319223 
0.76 6.794884012031911 
0.762 7.302968802354548 
0.764 7.737097751500725 
0.766 8.085905430426255 
0.768 8.339740110356194 
0.77 8.49096692986855 
0.772 8.534236416661221 
0.774 8.46670987175743 
0.776 8.28823363380355 
0.778 8.001454983254524 
0.78 7.611873421250462 
0.782 7.1278222608725645 
0.784 6.560376888320503 
0.786 5.923187670905781 
0.788 5.2322372836021165 
0.79 4.505524165659629 
0.792 3.762675866076263 
0.794 3.024498147971568 
0.796 2.31246784768552 
0.798 1.6481795698856936 
0.8 1.0527582861131835 
0.802 0.5462517285647863 
0.804 0.1470180691340477 
0.806 -0.12887431911541203 
0.808 -0.2682172684599471 
0.81 -0.2611851044469502 
0.812 -0.10179046260071445 
0.8140000000000001 0.21174426557434678 
0.8160000000000001 0.6767167455684908 
0.8180000000000001 1.2857910636757925 
0.8200000000000001 2.026973738706607 
0.8220000000000001 2.8837296881425347 
0.8240000000000001 3.8352450898891934 
0.8260000000000001 4.856840180540965 
0.8280000000000001 5.920530657392295 
0.8300000000000001 6.99573158694013 
0.8320000000000001 8.050092672499622 
0.8340000000000001 9.050448524437638 
0.8360000000000001 9.963862356054172 
0.8380000000000001 10.758736462897646 
0.8400000000000001 11.40595811604391 
0.8420000000000001 11.880045306461344 
0.8440000000000001 12.16025332154431 
0.8460000000000001 12.23160062290963 
0.8480000000000001 12.085771128941548 
0.8500000000000001 11.721849977675069 
0.8520000000000001 11.146851327019473 
0.8540000000000001 10.375999883058173 
0.8560000000000001 9.432732738318519 
0.8580000000000001 8.348394807531857 
0.8600000000000001 7.16160966814969 
0.8620000000000001 5.91731787915332 
0.8640000000000001 4.665486721262888 
0.8660000000000001 3.4595085481428973 
0.8680000000000001 2.3543192461897537 
0.8700000000000001 1.4042832625748742 
0.8720000000000001 0.660906776982215 
0.8740000000000001 0.1704552721395185 
0.8760000000000001 -0.028434670446924937 
0.8780000000000001 0.0929521974209937 
0.8800000000000001 0.5513237524752043 
0.8820000000000001 1.349617081989775 
0.8840000000000001 2.4756752223820637 
0.8860000000000001 3.9014778189837895 
0.8880000000000001 5.583029908879895 
0.8900000000000001 7.460997093922122 
0.8920000000000001 9.462152664381858 
0.8940000000000001 11.501672595461917 
0.8960000000000001 13.486277910271193 
0.8980000000000001 15.318181188170026 
0.9000000000000001 16.89974592281259 
0.9020000000000001 18.13871540238482 
0.9040000000000001 18.953813717094675 
0.9060000000000001 19.28046786578529 
0.9080000000000001 19.076349758884025 
0.9100000000000001 18.326393757045288 
0.9120000000000001 17.04691327905568 
0.9140000000000001 15.288423371060441 
0.9160000000000001 13.136779588634695 
0.9180000000000001 10.712271751962398 
0.9199999999999999 8.166368470787923 
0.9219999999999999 5.675898551719951 
0.9239999999999999 3.434581184244716 
0.9259999999999999 1.6419792601002694 
0.9279999999999999 0.4901482415829632 
0.9299999999999999 0.14848274233136238 
0.9319999999999999 0.7475169448271024 
0.9339999999999999 2.362701385505812 
0.9359999999999999 4.99944072535898 
0.938 8.580912514689297 
0.94 12.9403672420285 
0.942 17.819700564172585 
0.944 22.876049190510262 
0.946 27.697947343040717 
0.948 31.83214321133572 
0.95 34.82146715405453 
0.952 36.25312404795439 
0.954 35.815422731960595 
0.956 33.359251011153056 
0.958 28.95858797346022 
0.96 22.962106063516803 
0.962 16.025625159576126 
0.964 9.11312649224286 
0.966 3.4526596982231377 
0.968 0.43343722264413964 
0.97 1.4326423498976208 
0.972 7.566282231202446 
0.974 19.369570942190887 
0.976 36.43121242407825 
0.978 57.035723259676445 
0.98 77.91271825431986 
0.982 94.25722571733773 
0.984 100.27747284273283 
0.986 90.65493805365927 
0.988 63.47688430563425 
0.99 25.437996190654104 
0.992 0.42256326041416314 
0.994 42.993548197581866 
0.996 258.85666912082894 
0.998 835.0693563988302 
