-1.0 600.3333337733013 
-0.998 524.9186372043906 
-0.996 457.1771107877971 
-0.994 396.4833371551876 
-0.992 342.25361890225753 
-0.99 293.9436580708271 
-0.988 251.04634469942107 
-0.986 213.0896500720906 
-0.984 179.63462044521282 
-0.982 150.27346717764632 
-0.98 124.62774933094083 
-0.978 102.3466449433508 
-0.976 83.10530731447693 
-0.974 66.6033027663261 
-0.972 52.56312647176481 
-0.97 40.7287930626561 
-0.968 30.864498847644306 
-0.966 22.753352583634964 
-0.964 16.19617185556321 
-0.962 11.010342226230641 
-0.96 7.028736421818907 
-0.958 4.098690919314752 
-0.956 2.081037399545754 
-0.954 0.8491866239376584 
-0.952 0.28826238452912833 
-0.95 0.2942832653177385 
-0.948 0.7733900387080554 
-0.946 1.6411166038061802 
-0.944 2.8217024535877053 
-0.942 4.247444735666356 
-0.94 5.858088046554737 
-0.938 7.600250172015795 
-0.9359999999999999 9.426882056429703 
-0.9339999999999999 11.296760352092015 
-0.9319999999999999 13.174010965098285 
-0.9299999999999999 15.027662078017414 
-0.9279999999999999 16.831225190959646 
-0.926 18.56230278198647 
-0.924 20.202221245129063 
-0.922 21.735687819646373 
-0.92 23.150470277622723 
-0.918 24.437098188613533 
-0.916 25.588584629886014 
-0.914 26.600167258871643 
-0.912 27.469067710854226 
-0.91 28.194268329664332 
-0.908 28.776305282314205 
-0.906 29.21707715012836 
-0.904 29.51966812903995 
-0.902 29.688185010388906 
-0.9 29.727607150814816 
-0.898 29.64364867572177 
-0.896 29.44263219535513 
-0.894 29.131373345806416 
-0.892 28.71707549929177 
-0.89 28.207234018871624 
-0.888 27.60954946243255 
-0.886 26.931849169271565 
-0.884 26.182016690042044 
-0.882 25.367928547181837 
-0.88 24.497397838269677 
-0.878 23.578124219090583 
-0.876 22.617649826554512 
-0.874 21.623320724053578 
-0.872 20.602253473362353 
-0.87 19.561306457858183 
-0.868 18.507055601636175 
-0.866 17.445774148099467 
-0.864 16.383416179807224 
-0.862 15.325603578802683 
-0.86 14.277616143355575 
-0.858 13.244384593038058 
-0.856 12.230486209365173 
-0.854 11.240142873860787 
-0.852 10.277221279420417 
-0.85 9.34523510421014 
-0.848 8.44734895012886 
-0.846 7.586383860064132 
-0.844 6.764824239820534 
-0.842 5.984826021713145 
-0.84 5.248225917416139 
-0.838 4.556551617750727 
-0.836 3.9110328067222335 
-0.834 3.3126128662675516 
-0.832 2.761961156885713 
-0.83 2.259485767612404 
-0.828 1.805346636667732 
-0.826 1.399468951580386 
-0.8240000000000001 1.04155674469013 
-0.8220000000000001 0.7311066066516316 
-0.8200000000000001 0.4674214469473787 
-0.8180000000000001 0.24962423644063647 
-0.8160000000000001 0.0766716727277662 
-0.8140000000000001 -0.05263228556324917 
-0.812 -0.13962306427465543 
-0.81 -0.1857623429530797 
-0.808 -0.1926251872139808 
-0.806 -0.16188747935308778 
-0.804 -0.09531367830745019 
-0.802 0.005255063717963804 
-0.8 0.13791240418624318 
-0.798 0.3006979122803273 
-0.796 0.49160775274350854 
-0.794 0.7086049370850471 
-0.792 0.9496291304516207 
-0.79 1.2126060049945624 
-0.788 1.4954561329191298 
-0.786 1.7961034145916988 
-0.784 2.1124830391061287 
-0.782 2.44254897658553 
-0.78 2.7842810032257477 
-0.778 3.135691261674716 
-0.776 3.4948303608034688 
-0.774 3.859793020254566 
-0.772 4.2287232663731045 
-0.77 4.599819187221564 
-0.768 4.971337255380806 
-0.766 5.341596228129294 
-0.764 5.708980635392469 
-0.762 6.071943866563912 
-0.76 6.429010867916361 
-0.758 6.778780462870416 
-0.756 7.119927307847714 
-0.754 7.451203496831888 
-0.752 7.771439828090704 
-0.75 8.07954674676898 
-0.748 8.374514977275417 
-0.746 8.655415859528826 
-0.744 8.921401403231853 
-0.742 9.171704074384063 
-0.74 9.40563632825755 
-0.738 9.622589903011752 
-0.736 9.822034888059601 
-0.734 10.003518581171608 
-0.732 10.166664148173265 
-0.73 10.311169098900093 
-0.728 10.436803592891296 
-0.726 10.543408588052076 
-0.724 10.630893845279541 
-0.722 10.69923580176994 
-0.72 10.748475325425071 
-0.718 10.778715362480932 
-0.716 10.79011849014598 
-0.714 10.782904385708518 
-0.712 10.757347223215907 
-0.71 10.71377300847934 
-0.708 10.652556862781003 
-0.706 10.574120265299966 
-0.704 10.478928263876337 
-0.702 10.367486663366781 
-0.7 10.240339200451023 
-0.698 10.098064713351352 
-0.696 9.94127431455481 
-0.694 9.770608574223859 
-0.692 9.586734721599555 
-0.69 9.390343871312208 
-0.688 9.182148281129614 
-0.6859999999999999 8.962878647294804 
-0.6839999999999999 8.733281443227845 
-0.6819999999999999 8.494116306990424 
-0.6799999999999999 8.246153482551037 
-0.6779999999999999 7.990171319527492 
-0.6759999999999999 7.726953835720675 
-0.6739999999999999 7.457288346422934 
-0.6719999999999999 7.181963164123528 
-0.6699999999999999 6.901765371920122 
-0.6679999999999999 6.617478673612622 
-0.6659999999999999 6.329881323134084 
-0.6639999999999999 6.039744135678548 
-0.6619999999999999 5.747828582580089 
-0.6599999999999999 5.454884971702458 
-0.6579999999999999 5.161650714834447 
-0.6559999999999999 4.868848683296819 
-0.6539999999999999 4.577185652717767 
-0.6519999999999999 4.28735083767581 
-0.6499999999999999 4.000014516673939 
-0.648 3.71582674766369 
-0.646 3.435416174129227 
-0.644 3.159388921519132 
-0.642 2.888327583612184 
-0.64 2.622790298214794 
-0.638 2.3633099113924 
-0.636 2.1103932292780776 
-0.634 1.8645203563199733 
-0.632 1.626144118688014 
-0.63 1.3956895714034285 
-0.628 1.1735535876250112 
-0.626 0.9601045283885523 
-0.624 0.755681990990323 
-0.622 0.5605966340773212 
-0.62 0.3751300774224662 
-0.618 0.1995348742537898 
-0.616 0.034034553932962536 
-0.614 -0.12117626730678319 
-0.612 -0.2659317099198431 
-0.61 -0.4000943913224171 
-0.608 -0.523555125357792 
-0.606 -0.6362325634723167 
-0.604 -0.7380727801644481 
-0.602 -0.8290488053031256 
-0.6 -0.9091601059376702 
-0.598 -0.9784320202424818 
-0.596 -1.0369151462556012 
-0.594 -1.084684688077826 
-0.592 -1.1218397622010117 
-0.59 -1.1485026666361637 
-0.588 -1.1648181154970756 
-0.586 -1.170952441690459 
-0.584 -1.1670927703396219 
-0.5820000000000001 -1.1534461655504658 
-0.5800000000000001 -1.1302387530989952 
-0.5780000000000001 -1.0977148215934946 
-0.5760000000000001 -1.0561359046245213 
-0.5740000000000001 -1.0057798463813958 
-0.5720000000000001 -0.9469398531689652 
-0.5700000000000001 -0.8799235332191633 
-0.5680000000000001 -0.8050519271332077 
-0.5660000000000001 -0.7226585312521017 
-0.5640000000000001 -0.6330883161876619 
-0.562 -0.5366967426968983 
-0.56 -0.433848777021439 
-0.558 -0.32491790775493756 
-0.556 -0.21028516623329985 
-0.554 -0.09033815238676235 
-0.552 0.03452993208314559 
-0.55 0.1639212413966189 
-0.548 0.2974342325301058 
-0.546 0.434664599529218 
-0.544 0.5752061937065769 
-0.542 0.7186519282096335 
-0.54 0.8645946655053094 
-0.538 1.0126280864102546 
-0.536 1.1623475393620877 
-0.534 1.3133508687041588 
-0.532 1.4652392208254694 
-0.53 1.6176178270768067 
-0.528 1.770096762446299 
-0.526 1.922291679065148 
-0.524 2.073824513670666 
-0.522 2.2243241682370525 
-0.52 2.3734271630505726 
-0.518 2.520778261573837 
-0.516 2.6660310665190448 
-0.514 2.808848586615114 
-0.512 2.948903773618169 
-0.51 3.0858800291880226 
-0.508 3.21947168131259 
-0.506 3.3493844300308804 
-0.504 3.4753357622619014 
-0.502 3.5970553356141677 
-0.5 3.7142853311068147 
-0.498 3.8267807747939484 
-0.496 3.934309828335011 
-0.494 4.036654048621523 
-0.492 4.133608616605867 
-0.49 4.224982535550107 
-0.488 4.310598798944948 
-0.486 4.3902945284091786 
-0.484 4.463921081923866 
-0.482 4.531344132796428 
-0.48 4.5924437197973935 
-0.478 4.647114268951822 
-0.476 4.695264587510121 
-0.474 4.736817830652375 
-0.472 4.771711441526806 
-0.47 4.799897065247907 
-0.46799999999999997 4.821340437517033 
-0.46599999999999997 4.836021248554837 
-0.46399999999999997 4.8439329830678 
-0.46199999999999997 4.845082736988834 
-0.45999999999999996 4.8394910117702485 
-0.45799999999999996 4.827191487011488 
-0.45599999999999996 4.808230772244531 
-0.45399999999999996 4.782668138703489 
-0.45199999999999996 4.750575231928724 
-0.44999999999999996 4.712035766071862 
-0.44799999999999995 4.66714520077919 
-0.44599999999999995 4.616010401542532 
-0.44399999999999995 4.558749284420495 
-0.44199999999999995 4.495490446036957 
-0.43999999999999995 4.426372779771594 
-0.43799999999999994 4.351545079065625 
-0.43599999999999994 4.271165628766616 
-0.43399999999999994 4.185401785436109 
-0.43199999999999994 4.0944295475494785 
-0.42999999999999994 3.998433116512955 
-0.42799999999999994 3.897604449421376 
-0.42599999999999993 3.7921428044744596 
-0.42399999999999993 3.6822542799688156 
-0.42200000000000004 3.5681513477695335 
-0.42000000000000004 3.4500523821626383 
-0.41800000000000004 3.328181184980612 
-0.41600000000000004 3.202766507877644 
-0.41400000000000003 3.074041572623456 
-0.41200000000000003 2.9422435902759485 
-0.41000000000000003 2.8076132800683773 
-0.40800000000000003 2.6703943888415567 
-0.406 2.5308332118347683 
-0.404 2.3891781156228347 
-0.402 2.245679063985699 
-0.4 2.100587147461661 
-0.398 1.954154117325384 
-0.396 1.8066319247139726 
-0.394 1.658272265592363 
-0.392 1.509326132240617 
-0.39 1.360043371914912 
-0.388 1.210672253316822 
-0.386 1.0614590414744087 
-0.384 0.9126475816278348 
-0.382 0.7644788926751236 
-0.38 0.6171907707139532 
-0.378 0.4710174031946295 
-0.376 0.32618899416837843 
-0.374 0.18293140109042527 
-0.372 0.04146578361442699 
-0.37 -0.09799173521333748 
-0.368 -0.23523039497852527 
-0.366 -0.3700451107831423 
-0.364 -0.5022367726619523 
-0.362 -0.6316125312272265 
-0.36 -0.7579860692604931 
-0.358 -0.8811778590070094 
-0.356 -1.0010154049404651 
-0.354 -1.1173334718051642 
-0.352 -1.2299742977590284 
-0.35 -1.3387877924740657 
-0.348 -1.4436317200671263 
-0.346 -1.5443718667725421 
-0.344 -1.6408821932779687 
-0.34199999999999997 -1.7330449716835525 
-0.33999999999999997 -1.820750907058207 
-0.33799999999999997 -1.9038992435970454 
-0.33599999999999997 -1.982397855406508 
-0.33399999999999996 -2.0561633219648647 
-0.33199999999999996 -2.1251209883308855 
-0.32999999999999996 -2.1892050101956286 
-0.32799999999999996 -2.2483583838919627 
-0.32599999999999996 -2.302532961501783 
-0.32399999999999995 -2.351689451216692 
-0.32199999999999995 -2.3957974031335225 
-0.31999999999999995 -2.434835180681945 
-0.31799999999999995 -2.4687899179002315 
-0.31599999999999995 -2.497657462799456 
-0.31399999999999995 -2.521442307066015 
-0.31199999999999994 -2.5401575023759815 
-0.30999999999999994 -2.553824563609214 
-0.30799999999999994 -2.5624733592673983 
-0.30599999999999994 -2.5661419894146444 
-0.30399999999999994 -2.5648766514745196 
-0.30199999999999994 -2.5587314942336805 
-0.29999999999999993 -2.5477684604106776 
-0.29799999999999993 -2.5320571181649028 
-0.29600000000000004 -2.511674481932979 
-0.29400000000000004 -2.4867048229853523 
-0.29200000000000004 -2.45723947011554 
-0.29000000000000004 -2.4233766008753452 
-0.28800000000000003 -2.3852210237834583 
-0.28600000000000003 -2.3428839519408866 
-0.28400000000000003 -2.2964827684975404 
-0.28200000000000003 -2.246140784414491 
-0.28 -2.1919869889805943 
-0.278 -2.1341557935415505 
-0.276 -2.0727867689065755 
-0.274 -2.008024376901509 
-0.272 -1.9400176965405715 
-0.27 -1.868920145291151 
-0.268 -1.7948891959077342 
-0.266 -1.7180860893136023 
-0.264 -1.6386755440062766 
-0.262 -1.5568254624669131 
-0.26 -1.4727066350494005 
-0.258 -1.3864924418239395 
-0.256 -1.2983585528500368 
-0.254 -1.208482627349235 
-0.252 -1.1170440122422545 
-0.25 -1.0242234405173658 
-0.248 -0.9302027298860149 
-0.246 -0.8351644821794804 
-0.244 -0.739291783934992 
-0.242 -0.6427679086115532 
-0.24 -0.5457760208709648 
-0.238 -0.44849888334949495 
-0.236 -0.35111856634177396 
-0.23399999999999999 -0.253816160806023 
-0.23199999999999998 -0.15677149509259602 
-0.22999999999999998 -0.060162855790260705 
-0.22799999999999998 0.03583328692821364 
-0.22599999999999998 0.1310425490881384 
-0.22399999999999998 0.22529289745931402 
-0.22199999999999998 0.3184149085161798 
-0.21999999999999997 0.41024202147100963 
-0.21799999999999997 0.5006107850518593 
-0.21599999999999997 0.5893610977088533 
-0.21399999999999997 0.6763364409438635 
-0.21199999999999997 0.7613841054722952 
-0.20999999999999996 0.8443554099378587 
-0.20799999999999996 0.9251059119151391 
-0.20599999999999996 1.0034956109457773 
-0.20399999999999996 1.079389143370919 
-0.20199999999999996 1.1526559687345352 
-0.19999999999999996 1.2231705475444934 
-0.19799999999999995 1.2908125101963068 
-0.19599999999999995 1.3554668168749184 
-0.19399999999999995 1.4170239082651186 
-0.19199999999999995 1.475379846919513 
-0.18999999999999995 1.5304364491383795 
-0.18799999999999994 1.5821014072411188 
-0.18599999999999994 1.6302884021165303 
-0.18399999999999994 1.6749172059533324 
-0.18199999999999994 1.7159137750731819 
-0.17999999999999994 1.7532103327967181 
-0.17799999999999994 1.786745442289098 
-0.17599999999999993 1.816464069348735 
-0.17399999999999993 1.8423176351153439 
-0.17199999999999993 1.8642640586868788 
-0.16999999999999993 1.8822677896487592 
-0.16799999999999993 1.8962998305395093 
-0.16600000000000004 1.9063377492784062 
-0.16400000000000003 1.9123656816078713 
-0.16200000000000003 1.9143743236077626 
-0.16000000000000003 1.9123609143544922 
-0.15800000000000003 1.9063292088154689 
-0.15600000000000003 1.896289441075152 
-0.15400000000000003 1.8822582780066326 
-0.15200000000000002 1.8642587635149357 
-0.15000000000000002 1.8423202534879692 
-0.14800000000000002 1.816478341607007 
-0.14600000000000002 1.786774776173944 
-0.14400000000000002 1.7532573681330101 
-0.14200000000000002 1.715979890466918 
-0.14 1.6750019691636289 
-0.138 1.630388965958371 
-0.136 1.582211853066632 
-0.134 1.5305470801333796 
-0.132 1.4754764336298793 
-0.13 1.4170868889471069 
-0.128 1.3554704554319486 
-0.126 1.2907240146308334 
-0.124 1.2229491520059554 
-0.122 1.1522519824024342 
-0.12 1.0787429695472432 
-0.118 1.0025367398695832 
-0.11599999999999999 0.9237518909397486 
-0.11399999999999999 0.8425107948254495 
-0.11199999999999999 0.7589393966750186 
-0.10999999999999999 0.6731670088373656 
-0.10799999999999998 0.585326100835535 
-0.10599999999999998 0.4955520855151645 
-0.10399999999999998 0.403983101689825 
-0.10199999999999998 0.31075979361150163 
-0.09999999999999998 0.21602508759757577 
-0.09799999999999998 0.11992396614293654 
-0.09599999999999997 0.022603239854623647 
-0.09399999999999997 -0.07578868245729509 
-0.09199999999999997 -0.17510202519624363 
-0.08999999999999997 -0.2751858785644361 
-0.08799999999999997 -0.37588843198351296 
-0.08599999999999997 -0.47705720800887064 
-0.08399999999999996 -0.5785392964071381 
-0.08199999999999996 -0.6801815880586445 
-0.07999999999999996 -0.7818310083527611 
-0.07799999999999996 -0.8833347497461896 
-0.07599999999999996 -0.9845405031547396 
-0.07399999999999995 -1.085296687854708 
-0.07199999999999995 -1.18545267956906 
-0.06999999999999995 -1.284859036423404 
-0.06799999999999995 -1.383367722455645 
-0.06599999999999995 -1.4808323283684082 
-0.06399999999999995 -1.5771082892232335 
-0.061999999999999944 -1.67205309877375 
-0.05999999999999994 -1.765526520143813 
-0.05799999999999994 -1.8573907925662987 
-0.05599999999999994 -1.9475108338971943 
-0.05399999999999994 -2.0357544386313178 
-0.051999999999999935 -2.121992471154547 
-0.04999999999999993 -2.206099053966608 
-0.04799999999999993 -2.287951750628218 
-0.04599999999999993 -2.367431743182478 
-0.04399999999999993 -2.4444240038165725 
-0.041999999999999926 -2.5188174605355367 
-0.040000000000000036 -2.590505156628437 
-0.038000000000000034 -2.6593844037171284 
-0.03600000000000003 -2.7253569281860663 
-0.03400000000000003 -2.788329010802645 
-0.03200000000000003 -2.84821161934667 
-0.030000000000000027 -2.90492053407647 
-0.028000000000000025 -2.9583764658702085 
-0.026000000000000023 -3.0085051668926495 
-0.02400000000000002 -3.0552375336447506 
-0.02200000000000002 -3.0985097022678927 
-0.020000000000000018 -3.13826313598271 
-0.018000000000000016 -3.174444704553531 
-0.016000000000000014 -3.20700675568349 
-0.014000000000000012 -3.235907178251496 
-0.01200000000000001 -3.261109457318433 
-0.010000000000000009 -3.28258272083789 
-0.008000000000000007 -3.300301778019821 
-0.006000000000000005 -3.3142471493052286 
-0.0040000000000000036 -3.3244050879251077 
-0.0020000000000000018 -3.330767593022474 
0.0 -3.333332414333914 
0.0020000000000000018 -3.33210304843405 
0.0040000000000000036 -3.3270887265599773 
0.006000000000000005 -3.3183043940441626 
0.008000000000000007 -3.3057706813930228 
0.010000000000000009 -3.2895138670647235 
0.01200000000000001 -3.2695658320051546 
0.014000000000000012 -3.245964006016177 
0.016000000000000014 -3.2187513060397692 
0.018000000000000016 -3.18797606645297 
0.020000000000000018 -3.153691961478208 
0.02200000000000002 -3.115957919826524 
0.02400000000000002 -3.0748380316979795 
0.026000000000000023 -3.030401448278983 
0.028000000000000025 -2.9827222738797023 
0.030000000000000027 -2.9318794508721027 
0.03200000000000003 -2.877956637592223 
0.03400000000000003 -2.8210420793834574 
0.03600000000000003 -2.761228472967172 
0.038000000000000034 -2.698612824332808 
0.040000000000000036 -2.6332963003511285 
0.04200000000000004 -2.56538407432379 
0.04400000000000004 -2.4949851656852924 
0.04600000000000004 -2.4222122740884036 
0.04800000000000004 -2.3471816081053953 
0.050000000000000044 -2.270012708790304 
0.052000000000000046 -2.1908282683492315 
0.05400000000000005 -2.109753944176151 
0.05600000000000005 -2.026918168517655 
0.05800000000000005 -1.9424519540339011 
0.06000000000000005 -1.856488695530411 
0.062000000000000055 -1.7691639681411875 
0.06400000000000006 -1.6806153222478948 
0.06600000000000006 -1.5909820754231425 
0.06800000000000006 -1.5004051016934177 
0.07000000000000006 -1.4090266184176234 
0.07200000000000006 -1.3169899710826731 
0.07400000000000007 -1.2244394163213217 
0.07600000000000007 -1.1315199034575434 
0.07800000000000007 -1.0383768548900731 
0.08000000000000007 -0.9451559456232406 
0.08200000000000007 -0.852002882261576 
0.08400000000000007 -0.7590631817771534 
0.08600000000000008 -0.6664819503686179 
0.08800000000000008 -0.5744036627235198 
0.09000000000000008 -0.4829719420016645 
0.09200000000000008 -0.3923293408512787 
0.09400000000000008 -0.3026171237728017 
0.09600000000000009 -0.2139750511430336 
0.09800000000000009 -0.12654116520759806 
0.10000000000000009 -0.04045157835331259 
0.10200000000000009 0.044159736035968455 
0.10400000000000009 0.12716114983668803 
0.1060000000000001 0.2084235832561956 
0.1080000000000001 0.2878207044211154 
0.1100000000000001 0.3652291251912494 
0.1120000000000001 0.4405285929129268 
0.1140000000000001 0.5136021778277144 
0.1160000000000001 0.5843364558618569 
0.1180000000000001 0.6526216865220966 
0.1200000000000001 0.7183519856355747 
0.12200000000000011 0.7814254926721074 
0.12400000000000011 0.8417445323982042 
0.1260000000000001 0.8992157706182712 
0.1280000000000001 0.9537503637622156 
0.13000000000000012 1.0052641020930562 
0.13200000000000012 1.053677546310671 
0.13400000000000012 1.0989161573388213 
0.13600000000000012 1.1409104190901713 
0.13800000000000012 1.1795959540138223 
0.14000000000000012 1.2149136312402535 
0.14200000000000013 1.2468096671442899 
0.14400000000000013 1.2752357181608835 
0.14600000000000013 1.3001489656974392 
0.14800000000000013 1.3215121929933429 
0.15000000000000013 1.339293853794845 
0.15200000000000014 1.3534681327161273 
0.15399999999999991 1.3640149971757582 
0.15599999999999992 1.3709202408033438 
0.15799999999999992 1.3741755182271664 
0.15999999999999992 1.3737783711603528 
0.16199999999999992 1.3697322457200638 
0.16399999999999992 1.3620465009218743 
0.16599999999999993 1.3507364083053426 
0.16799999999999993 1.3358231426595668 
0.16999999999999993 1.31733376382793 
0.17199999999999993 1.295301189584782 
0.17399999999999993 1.2697641595895248 
0.17599999999999993 1.2407671904342403 
0.17799999999999994 1.2083605218162958 
0.17999999999999994 1.172600053876458 
0.18199999999999994 1.1335472757593923 
0.18399999999999994 1.091269185461529 
0.18599999999999994 1.0458382010489364 
0.18799999999999994 0.9973320633352997 
0.18999999999999995 0.9458337301260932 
0.19199999999999995 0.8914312621454338 
0.19399999999999995 0.8342177007760161 
0.19599999999999995 0.7742909377522211 
0.19799999999999995 0.7117535769613799 
0.19999999999999996 0.646712788518287 
0.20199999999999996 0.5792801552902255 
0.20399999999999996 0.5095715120615958 
0.20599999999999996 0.4377067775386817 
0.20799999999999996 0.36380977940601666 
0.20999999999999996 0.2880080726571319 
0.21199999999999997 0.2104327514335158 
0.21399999999999997 0.1312182546149956 
0.21599999999999997 0.05050216541726682 
0.21799999999999997 -0.03157499474034098 
0.21999999999999997 -0.1148699778216089 
0.22199999999999998 -0.19923702593168802 
0.22399999999999998 -0.2845280929536551 
0.22599999999999998 -0.37059307076205106 
0.22799999999999998 -0.4572800197025606 
0.22999999999999998 -0.5444354030210865 
0.23199999999999998 -0.6319043249143272 
0.23399999999999999 -0.7195307718701005 
0.236 -0.8071578569560993 
0.238 -0.8946280667107409 
0.24 -0.981783510282541 
0.242 -1.0684661704600436 
0.244 -1.1545181562271876 
0.246 -1.2397819564757746 
0.248 -1.3241006945025344 
0.25 -1.4073183829120957 
0.252 -1.4892801785464842 
0.254 -1.569832637057305 
0.256 -1.6488239667350395 
0.258 -1.7261042812066938 
0.26 -1.8015258506138476 
0.262 -1.8749433508804203 
0.264 -1.946214110679929 
0.266 -2.0151983557107265 
0.268 -2.081759449892921 
0.27 -2.145764133094193 
0.272 -2.20708275500263 
0.274 -2.2655895047590966 
0.276 -2.321162635969458 
0.278 -2.3736846867192583 
0.28 -2.423042694216363 
0.28200000000000003 -2.469128403692479 
0.28400000000000003 -2.511838471201212 
0.28600000000000003 -2.5510746599513285 
0.28800000000000003 -2.5867440298270084 
0.29000000000000004 -2.6187591197465765 
0.29200000000000004 -2.6470381225250605 
0.29400000000000004 -2.6715050519066614 
0.29600000000000004 -2.69208990145085 
0.29800000000000004 -2.7087287949546344 
0.30000000000000004 -2.721364128111796 
0.30200000000000005 -2.72994470111383 
0.30400000000000005 -2.7344258419125556 
0.30600000000000005 -2.734769519870507 
0.30800000000000005 -2.730944449542831 
0.31000000000000005 -2.7229261843394483 
0.31200000000000006 -2.7106971998363405 
0.31400000000000006 -2.6942469665116966 
0.31600000000000006 -2.6735720116983033 
0.31800000000000006 -2.6486759705615652 
0.32000000000000006 -2.6195696259164127 
0.32200000000000006 -2.586270936726135 
0.32400000000000007 -2.548805055127065 
0.32600000000000007 -2.507204331846796 
0.32800000000000007 -2.4615083098993362 
0.33000000000000007 -2.411763706453721 
0.3320000000000001 -2.3580243827911804 
0.3340000000000001 -2.3003513022833233 
0.3360000000000001 -2.2388124763411534 
0.3380000000000001 -2.1734828983004926 
0.3400000000000001 -2.104444465231784 
0.3420000000000001 -2.031785887673167 
0.3440000000000001 -1.9556025873130767 
0.3460000000000001 -1.875996582659206 
0.3480000000000001 -1.793076362755805 
0.3500000000000001 -1.7069567490243627 
0.3520000000000001 -1.6177587453283193 
0.3540000000000001 -1.5256093763750205 
0.3560000000000001 -1.430641514593591 
0.3580000000000001 -1.3329936956431212 
0.3600000000000001 -1.2328099227245786 
0.3620000000000001 -1.1302394598915158 
0.3640000000000001 -1.0254366145758698 
0.3660000000000001 -0.9185605095562626 
0.3680000000000001 -0.8097748446269868 
0.3700000000000001 -0.6992476482365642 
0.3720000000000001 -0.5871510193855372 
0.3740000000000001 -0.4736608600962273 
0.3760000000000001 -0.3589565987826373 
0.3780000000000001 -0.2432209048647742 
0.3800000000000001 -0.12663939499633226 
0.3820000000000001 -0.009400331288915265 
0.3840000000000001 0.10830568806770202 
0.3860000000000001 0.22628604536784724 
0.3880000000000001 0.344346426700334 
0.3900000000000001 0.46229115155180844 
0.3920000000000001 0.5799235082389742 
0.39400000000000013 0.6970460946760577 
0.39600000000000013 0.8134611639871387 
0.39800000000000013 0.928970974439502 
0.40000000000000013 1.0433781431738136 
0.40200000000000014 1.1564860031846105 
0.40400000000000014 1.2680989629969879 
0.40600000000000014 1.3780228684673352 
0.4079999999999999 1.4860653661290315 
0.4099999999999999 1.5920362674922053 
0.4119999999999999 1.6957479136903657 
0.4139999999999999 1.7970155398662138 
0.4159999999999999 1.8956576386719795 
0.4179999999999999 1.9914963222565114 
0.41999999999999993 2.084357682100249 
0.42199999999999993 2.174072146057286 
0.42399999999999993 2.260474831952328 
0.42599999999999993 2.3434058970819276 
0.42799999999999994 2.422710882959556 
0.42999999999999994 2.498241054645983 
0.43199999999999994 2.569853734003122 
0.43399999999999994 2.6374126262060873 
0.43599999999999994 2.7007881388530497 
0.43799999999999994 2.7598576930102867 
0.43999999999999995 2.814506025533203 
0.44199999999999995 2.864625482006452 
0.44399999999999995 2.9101162996543044 
0.44599999999999995 2.95088687957284 
0.44799999999999995 2.9868540476457333 
0.44999999999999996 3.0179433035135594 
0.45199999999999996 3.0440890569727435 
0.45399999999999996 3.065234851193035 
0.45599999999999996 3.08133357215277 
0.45799999999999996 3.0923476437056023 
0.45999999999999996 3.098249207700455 
0.46199999999999997 3.099020288600482 
0.46399999999999997 3.0946529420548834 
0.46599999999999997 3.085149386898301 
0.46799999999999997 3.070522120073165 
0.47 3.0507940139844543 
0.472 3.0259983958246326 
0.474 2.9961791084215883 
0.476 2.961390552192596 
0.478 2.921697707805944 
0.48 2.8771761391830237 
0.482 2.827911976495911 
0.484 2.7740018788485448 
0.486 2.7155529763543984 
0.488 2.652682791356912 
0.49 2.5855191385699943 
0.492 2.5142000039478876 
0.494 2.43887340212809 
0.496 2.35969721232559 
0.498 2.2768389925920207 
0.5 2.19047577239201 
0.502 2.1007938234831514 
0.504 2.0079884091296925 
0.506 1.912263511713442 
0.508 1.8138315388518422 
0.51 1.7129130081707737 
0.512 1.6097362109204518 
0.514 1.5045368546709588 
0.516 1.397557685359299 
0.518 1.289048089011923 
0.52 1.1792636735035362 
0.522 1.0684658307647266 
0.524 0.9569212798905147 
0.526 0.8449015916513405 
0.528 0.7326826949533383 
0.53 0.6205443658385665 
0.532 0.5087696996665101 
0.534 0.3976445671610962 
0.536 0.2874570550549733 
0.538 0.17849689211032338 
0.54 0.07105486134123562 
0.542 -0.03457780069301308 
0.544 -0.13811001660445843 
0.546 -0.23925149194270556 
0.548 -0.33771334900277283 
0.55 -0.4332087696228839 
0.552 -0.5254536458770993 
0.554 -0.6141672375247618 
0.556 -0.6990728350354205 
0.558 -0.7798984269689133 
0.56 -0.8563773704476767 
0.562 -0.9282490634214473 
0.5640000000000001 -0.9952596173849111 
0.5660000000000001 -1.057162529175606 
0.5680000000000001 -1.1137193504392133 
0.5700000000000001 -1.1647003533226683 
0.5720000000000001 -1.2098851909179933 
0.5740000000000001 -1.2490635509551142 
0.5760000000000001 -1.2820358012083584 
0.5780000000000001 -1.3086136250615796 
0.5800000000000001 -1.328620645649492 
0.5820000000000001 -1.3418930369707787 
0.5840000000000001 -1.3482801203535257 
0.5860000000000001 -1.3476449446322731 
0.5880000000000001 -1.3398648483857962 
0.5900000000000001 -1.324832002571926 
0.5920000000000001 -1.3024539318870931 
0.5940000000000001 -1.2726540131749138 
0.5960000000000001 -1.2353719492030726 
0.5980000000000001 -1.1905642161327203 
0.6000000000000001 -1.1382044830040743 
0.6020000000000001 -1.0782840015754196 
0.6040000000000001 -1.0108119648589573 
0.6060000000000001 -0.9358158327150184 
0.6080000000000001 -0.8533416228848278 
0.6100000000000001 -0.7634541658644156 
0.6120000000000001 -0.6662373220475885 
0.6140000000000001 -0.5617941596002175 
0.6160000000000001 -0.4502470915609328 
0.6180000000000001 -0.3317379707027696 
0.6200000000000001 -0.20642814073446855 
0.6220000000000001 -0.07449844247088175 
0.6240000000000001 0.06385082634897915 
0.6260000000000001 0.20839999885673133 
0.6280000000000001 0.3589101756612889 
0.6300000000000001 0.5151234113996134 
0.6320000000000001 0.6767629522901155 
0.6340000000000001 0.8435335256704505 
0.6360000000000001 1.0151216824202267 
0.6380000000000001 1.1911961930795252 
0.6400000000000001 1.3714084983833639 
0.6420000000000001 1.555393214832062 
0.6440000000000001 1.7427686958185666 
0.6460000000000001 1.9331376487198835 
0.6480000000000001 2.1260878082508867 
0.6500000000000001 2.321192666257611 
0.6520000000000001 2.5180122580033366 
0.6540000000000001 2.7160940048716826 
0.6560000000000001 2.9149736132769446 
0.6580000000000001 3.114176029429226 
0.6600000000000001 3.3132164494627547 
0.6620000000000001 3.511601384277797 
0.6640000000000001 3.7088297783007387 
0.6659999999999999 3.9043941811978624 
0.6679999999999999 4.097781971420235 
0.6699999999999999 4.288476630286318 
0.6719999999999999 4.475959065131047 
0.6739999999999999 4.659708979877149 
0.6759999999999999 4.839206291198584 
0.6779999999999999 5.013932588259303 
0.6799999999999999 5.1833726338210715 
0.6819999999999999 5.347015904319338 
0.6839999999999999 5.504358166309 
0.6859999999999999 5.654903086477128 
0.688 5.798163872225459 
0.69 5.933664939606503 
0.692 6.060943605199749 
0.694 6.179551798297496 
0.696 6.289057789560069 
0.698 6.389047932088976 
0.7 6.479128410646374 
0.702 6.558926994546901 
0.704 6.628094789520742 
0.706 6.686307983644634 
0.708 6.733269582221567 
0.71 6.768711126278989 
0.712 6.7923943891533 
0.714 6.804113045418406 
0.716 6.8036943062217485 
0.718 6.791000514891462 
0.72 6.765930696491343 
0.722 6.728422054814683 
0.724 6.678451410130841 
0.726 6.616036570830744 
0.728 6.541237631955632 
0.73 6.4541581934436225 
0.732 6.35494649078807 
0.734 6.243796430673811 
0.736 6.1209485240420936 
0.738 5.986690708932718 
0.74 5.84135905536926 
0.742 5.685338344476907 
0.744 5.519062513979269 
0.746 5.3430149621801055 
0.748 5.157728702528631 
0.75 4.963786360875078 
0.752 4.76182000755754 
0.754 4.552510816518527 
0.756 4.336588543736715 
0.758 4.114830817372856 
0.76 3.8880622321733167 
0.762 3.6571532408506577 
0.764 3.4230188353733784 
0.766 3.186617011342221 
0.768 2.9489470089162335 
0.77 2.7110473240783293 
0.772 2.473993484396792 
0.774 2.2388955838537905 
0.776 2.006895571772273 
0.778 1.779164291382444 
0.78 1.5568982641323998 
0.782 1.341316216465617 
0.784 1.1336553464626387 
0.786 0.9351673284821493 
0.788 0.7471140547342843 
0.79 0.5707631135883222 
0.792 0.40738300535012106 
0.794 0.258238097256132 
0.796 0.12458332051482923 
0.798 0.007658613391762437 
0.8 -0.09131688441590335 
0.802 -0.1711508795366412 
0.804 -0.23068420680587254 
0.806 -0.26879733574517073 
0.808 -0.2844170904926302 
0.81 -0.2765235703158262 
0.812 -0.24415725600975413 
0.8140000000000001 -0.1864262855417832 
0.8160000000000001 -0.1025138802476725 
0.8180000000000001 0.00831409929134952 
0.8200000000000001 0.14670149086734485 
0.8220000000000001 0.3131940873651369 
0.8240000000000001 0.5082318407601806 
0.8260000000000001 0.7321410442778773 
0.8280000000000001 0.9851265264538296 
0.8300000000000001 1.2672638938411387 
0.8320000000000001 1.5784918622732897 
0.8340000000000001 1.9186047199181144 
0.8360000000000001 2.287244968853798 
0.8380000000000001 2.6838961955692695 
0.8400000000000001 3.107876224641455 
0.8420000000000001 3.5583306138842 
0.8440000000000001 4.0342265534965 
0.8460000000000001 4.534347236175482 
0.8480000000000001 5.057286769802637 
0.8500000000000001 5.601445709173666 
0.8520000000000001 6.165027288325434 
0.8540000000000001 6.746034440326525 
0.8560000000000001 7.342267696954045 
0.8580000000000001 7.951324066474539 
0.8600000000000001 8.57059699380473 
0.8620000000000001 9.197277513642911 
0.8640000000000001 9.828356713751143 
0.8660000000000001 10.460629632440064 
0.8680000000000001 11.090700721463639 
0.8700000000000001 11.714991012994563 
0.8720000000000001 12.329747137112747 
0.8740000000000001 12.93105234432861 
0.8760000000000001 13.514839696073539 
0.8780000000000001 14.076907594842304 
0.8800000000000001 14.612937834774026 
0.8820000000000001 15.118516362916257 
0.8840000000000001 15.589156951249928 
0.8860000000000001 16.02032798976437 
0.8880000000000001 16.407482621478245 
0.8900000000000001 16.746092451313068 
0.8920000000000001 17.03168507215541 
0.8940000000000001 17.25988566330127 
0.8960000000000001 17.42646292877529 
0.8980000000000001 17.527379655775974 
0.9000000000000001 17.558848186716727 
0.9020000000000001 17.51739111204309 
0.9040000000000001 17.399907505201778 
0.9060000000000001 17.203745035853483 
0.9080000000000001 16.92677831264984 
0.9100000000000001 16.567493822673534 
0.9120000000000001 16.125081850963973 
0.9140000000000001 15.599535780450212 
0.9160000000000001 14.991759190091905 
0.9180000000000001 14.303681187114154 
0.9199999999999999 13.538380427920874 
0.9219999999999999 12.700218301605585 
0.9239999999999999 11.7949817699669 
0.9259999999999999 10.83003637858816 
0.9279999999999999 9.814489974884111 
0.9299999999999999 8.759367691065115 
0.9319999999999999 7.677798772739365 
0.9339999999999999 6.585215857386741 
0.9359999999999999 5.499567331215477 
0.938 4.441543417969544 
0.94 3.434816679115001 
0.942 2.5062976315168926 
0.944 1.6864062162459212 
0.946 1.0093598805461357 
0.948 0.5134790642755558 
0.95 0.24151091232120403 
0.952 0.24097206561339046 
0.954 0.5645114154416955 
0.956 1.2702937388342235 
0.958 2.42240516682368 
0.96 4.09128147251363 
0.962 6.35416020200412 
0.964 9.295557708458325 
0.966 13.007772187922049 
0.968 17.59141385496918 
0.97 23.15596343686629 
0.972 29.820360206759187 
0.974 37.71362081940548 
0.976 46.975490257245035 
0.978 57.75712624014176 
0.98 70.22181849897122 
0.982 84.5457443614084 
0.984 100.91876214780949 
0.986 119.54524392601962 
0.988 140.64494922630476 
0.99 164.45394137143225 
0.992 191.22554813224409 
0.994 221.23136847591803 
0.996 254.76232723251925 
0.998 292.1297795654596 
