-1.0 -4.499999999999877 
-0.998 -4.490988988022077 
-0.996 -4.481955904353757 
-0.994 -4.472900677794774 
-0.992 -4.463823237685568 
-0.99 -4.454723513913478 
-0.988 -4.445601436919161 
-0.986 -4.436456937703008 
-0.984 -4.427289947831647 
-0.982 -4.418100399444444 
-0.98 -4.408888225260083 
-0.978 -4.399653358583173 
-0.976 -4.390395733310896 
-0.974 -4.381115283939726 
-0.972 -4.371811945572134 
-0.97 -4.362485653923415 
-0.968 -4.353136345328478 
-0.966 -4.343763956748748 
-0.964 -4.334368425779068 
-0.962 -4.324949690654664 
-0.96 -4.315507690258148 
-0.958 -4.306042364126574 
-0.956 -4.296553652458517 
-0.954 -4.287041496121229 
-0.952 -4.277505836657796 
-0.95 -4.26794661629438 
-0.948 -4.258363777947499 
-0.946 -4.248757265231296 
-0.944 -4.239127022464944 
-0.942 -4.2294729946800205 
-0.94 -4.2197951276279575 
-0.938 -4.210093367787529 
-0.9359999999999999 -4.200367662372382 
-0.9339999999999999 -4.190617959338618 
-0.9319999999999999 -4.180844207392403 
-0.9299999999999999 -4.1710463559976345 
-0.9279999999999999 -4.161224355383647 
-0.926 -4.151378156552959 
-0.924 -4.141507711289071 
-0.922 -4.1316129721643 
-0.92 -4.1216938925476505 
-0.918 -4.11175042661275 
-0.916 -4.101782529345794 
-0.914 -4.0917901565535795 
-0.912 -4.081773264871518 
-0.91 -4.071731811771777 
-0.908 -4.061665755571364 
-0.906 -4.051575055440337 
-0.904 -4.0414596714100055 
-0.902 -4.031319564381207 
-0.9 -4.0211546961325855 
-0.898 -4.010965029328958 
-0.896 -4.00075052752968 
-0.894 -3.9905111551970927 
-0.892 -3.9802468777049604 
-0.89 -3.9699576613470056 
-0.888 -3.9596434733454315 
-0.886 -3.9493042818595305 
-0.884 -3.9389400559943 
-0.882 -3.9285507658091046 
-0.88 -3.9181363823263955 
-0.878 -3.907696877540439 
-0.876 -3.8972322244261144 
-0.874 -3.8867423969477306 
-0.872 -3.876227370067886 
-0.87 -3.865687119756362 
-0.868 -3.855121622999071 
-0.866 -3.844530857807016 
-0.864 -3.833914803225305 
-0.862 -3.823273439342208 
-0.86 -3.812606747298212 
-0.858 -3.801914709295173 
-0.856 -3.791197308605439 
-0.854 -3.780454529581065 
-0.852 -3.7696863576630104 
-0.85 -3.758892779390419 
-0.848 -3.74807378240989 
-0.846 -3.7372293554848164 
-0.844 -3.726359488504732 
-0.842 -3.7154641724947095 
-0.84 -3.7045433996247823 
-0.838 -3.6935971632193727 
-0.836 -3.6826254577668163 
-0.834 -3.671628278928838 
-0.832 -3.6606056235501208 
-0.83 -3.649557489667861 
-0.828 -3.638483876521384 
-0.826 -3.6273847845617673 
-0.8240000000000001 -3.6162602154614976 
-0.8220000000000001 -3.6051101721241547 
-0.8200000000000001 -3.5939346586941276 
-0.8180000000000001 -3.5827336805663506 
-0.8160000000000001 -3.5715072443960554 
-0.8140000000000001 -3.5602553581085745 
-0.812 -3.548978030909136 
-0.81 -3.5376752732927095 
-0.808 -3.526347097053852 
-0.806 -3.514993515296603 
-0.804 -3.503614542444359 
-0.802 -3.492210194249817 
-0.8 -3.4807804878049016 
-0.798 -3.4693254415507297 
-0.796 -3.4578450752875862 
-0.794 -3.4463394101849127 
-0.792 -3.4348084687913305 
-0.79 -3.4232522750446517 
-0.788 -3.4116708542819385 
-0.786 -3.400064233249548 
-0.784 -3.388432440113208 
-0.782 -3.376775504468091 
-0.78 -3.3650934573489186 
-0.778 -3.3533863312400585 
-0.776 -3.341654160085639 
-0.774 -3.32989697929968 
-0.772 -3.3181148257762114 
-0.77 -3.3063077378994206 
-0.768 -3.2944757555537927 
-0.766 -3.2826189201342624 
-0.764 -3.2707372745563603 
-0.762 -3.258830863266376 
-0.76 -3.2468997322515127 
-0.758 -3.2349439290500444 
-0.756 -3.2229635027614774 
-0.754 -3.2109585040567064 
-0.752 -3.198928985188168 
-0.75 -3.186874999999992 
-0.748 -3.1747966039381468 
-0.746 -3.162693854060586 
-0.744 -3.1505668090473713 
-0.742 -3.138415529210808 
-0.74 -3.1262400765055527 
-0.738 -3.1140405145387318 
-0.736 -3.1018169085800134 
-0.734 -3.0895693255717087 
-0.732 -3.077297834138828 
-0.73 -3.065002504599126 
-0.728 -3.0526834089731456 
-0.726 -3.040340620994224 
-0.724 -3.027974216118495 
-0.722 -3.0155842715348573 
-0.72 -3.0031708661749223 
-0.718 -2.990734080722953 
-0.716 -2.978273997625751 
-0.714 -2.965790701102551 
-0.712 -2.953284277154847 
-0.71 -2.940754813576225 
-0.708 -2.928202399962143 
-0.706 -2.915627127719684 
-0.704 -2.9030290900772813 
-0.702 -2.8904083820943876 
-0.7 -2.877765100671137 
-0.698 -2.865099344557951 
-0.696 -2.852411214365088 
-0.694 -2.839700812572193 
-0.692 -2.8269682435377566 
-0.69 -2.8142136135085605 
-0.688 -2.8014370306290686 
-0.6859999999999999 -2.7886386049507554 
-0.6839999999999999 -2.775818448441404 
-0.6819999999999999 -2.7629766749943445 
-0.6799999999999999 -2.750113400437623 
-0.6779999999999999 -2.737228742543144 
-0.6759999999999999 -2.724322821035729 
-0.6739999999999999 -2.711395757602135 
-0.6719999999999999 -2.6984476758999905 
-0.6699999999999999 -2.685478701566688 
-0.6679999999999999 -2.6724889622282193 
-0.6659999999999999 -2.659478587507896 
-0.6639999999999999 -2.6464477090350704 
-0.6619999999999999 -2.633396460453727 
-0.6599999999999999 -2.6203249774310216 
-0.6579999999999999 -2.607233397665777 
-0.6559999999999999 -2.5941218608968466 
-0.6539999999999999 -2.580990508911438 
-0.6519999999999999 -2.567839485553344 
-0.6499999999999999 -2.5546689367310966 
-0.648 -2.5414790104260225 
-0.646 -2.5282698567002426 
-0.644 -2.5150416277045418 
-0.642 -2.501794477686177 
-0.64 -2.4885285629965894 
-0.638 -2.4752440420990123 
-0.636 -2.461941075575988 
-0.634 -2.4486198261367877 
-0.632 -2.4352804586247143 
-0.63 -2.421923140024342 
-0.628 -2.408548039468593 
-0.626 -2.3951553282457536 
-0.624 -2.3817451798063556 
-0.622 -2.3683177697699636 
-0.62 -2.354873275931823 
-0.618 -2.341411878269417 
-0.616 -2.3279337589488867 
-0.614 -2.3144391023313378 
-0.612 -2.300928094979028 
-0.61 -2.2874009256614123 
-0.608 -2.2738577853610757 
-0.606 -2.260298867279535 
-0.604 -2.246724366842892 
-0.602 -2.23313448170738 
-0.6 -2.219529411764725 
-0.598 -2.205909359147437 
-0.596 -2.1922745282338765 
-0.594 -2.1786251256532587 
-0.592 -2.1649613602904343 
-0.59 -2.151283443290577 
-0.588 -2.1375915880637004 
-0.586 -2.123886010288999 
-0.584 -2.11016692791908 
-0.5820000000000001 -2.096434561183975 
-0.5800000000000001 -2.08268913259505 
-0.5780000000000001 -2.068930866948703 
-0.5760000000000001 -2.0551599913299214 
-0.5740000000000001 -2.0413767351156715 
-0.5720000000000001 -2.0275813299780947 
-0.5700000000000001 -2.0137740098875483 
-0.5680000000000001 -1.999955011115466 
-0.5660000000000001 -1.9861245722370238 
-0.5640000000000001 -1.9722829341336547 
-0.562 -1.9584303399953469 
-0.56 -1.94456703532278 
-0.558 -1.9306932679292483 
-0.556 -1.916809287942411 
-0.554 -1.9029153478058443 
-0.552 -1.8890117022803847 
-0.55 -1.875098608445293 
-0.548 -1.8611763256991916 
-0.546 -1.8472451157608167 
-0.544 -1.8333052426695557 
-0.542 -1.8193569727857792 
-0.54 -1.8054005747909467 
-0.538 -1.791436319687518 
-0.536 -1.7774644807986364 
-0.534 -1.7634853337675798 
-0.532 -1.749499156557021 
-0.53 -1.7355062294480292 
-0.528 -1.7215068350388731 
-0.526 -1.7075012582435602 
-0.524 -1.6934897862901908 
-0.522 -1.67947270871902 
-0.52 -1.6654503173803368 
-0.518 -1.6514229064320685 
-0.516 -1.6373907723371566 
-0.514 -1.6233542138606707 
-0.512 -1.609313532066716 
-0.51 -1.5952690303150383 
-0.508 -1.5812210142574241 
-0.506 -1.567169791833801 
-0.504 -1.5531156732681297 
-0.502 -1.5390589710640041 
-0.5 -1.5249999999999908 
-0.498 -1.5109390771247184 
-0.496 -1.4968765217516986 
-0.494 -1.4828126554538743 
-0.492 -1.4687478020578852 
-0.49 -1.454682287638089 
-0.488 -1.4406164405102804 
-0.486 -1.4265505912251533 
-0.484 -1.4124850725614615 
-0.482 -1.3984202195189173 
-0.48 -1.384356369310791 
-0.478 -1.370293861356247 
-0.476 -1.3562330372723557 
-0.474 -1.3421742408658477 
-0.472 -1.3281178181245685 
-0.47 -1.3140641172086187 
-0.46799999999999997 -1.3000134884412216 
-0.46599999999999997 -1.2859662842992843 
-0.46399999999999997 -1.271922859403659 
-0.46199999999999997 -1.2578835705090912 
-0.45999999999999996 -1.2438487764938957 
-0.45799999999999996 -1.2298188383492739 
-0.45599999999999996 -1.215794119168384 
-0.45399999999999996 -1.2017749841350482 
-0.45199999999999996 -1.1877618005121928 
-0.44999999999999996 -1.1737549376299412 
-0.44799999999999995 -1.1597547668734074 
-0.44599999999999995 -1.1457616616701911 
-0.44399999999999995 -1.1317759974775008 
-0.44199999999999995 -1.1177981517690274 
-0.43999999999999995 -1.1038285040214468 
-0.43799999999999994 -1.0898674357006186 
-0.43599999999999994 -1.075915330247454 
-0.43399999999999994 -1.0619725730634764 
-0.43199999999999994 -1.0480395514960312 
-0.42999999999999994 -1.0341166548231873 
-0.42799999999999994 -1.0202042742382944 
-0.42599999999999993 -1.0063028028342254 
-0.42399999999999993 -0.9924126355872779 
-0.42200000000000004 -0.9785341693407449 
-0.42000000000000004 -0.9646678027881584 
-0.41800000000000004 -0.9508139364561852 
-0.41600000000000004 -0.936972972687207 
-0.41400000000000003 -0.9231453156215413 
-0.41200000000000003 -0.9093313711793504 
-0.41000000000000003 -0.8955315470421925 
-0.40800000000000003 -0.8817462526342458 
-0.406 -0.867975899103187 
-0.404 -0.854220899300738 
-0.402 -0.8404816677628643 
-0.4 -0.8267586206896396 
-0.398 -0.8130521759247641 
-0.396 -0.7993627529347433 
-0.394 -0.7856907727877297 
-0.392 -0.7720366581320159 
-0.39 -0.7584008331741876 
-0.388 -0.7447837236569398 
-0.386 -0.7311857568365411 
-0.384 -0.7176073614599661 
-0.382 -0.7040489677416794 
-0.38 -0.690511007340078 
-0.378 -0.676993913333596 
-0.376 -0.6634981201964659 
-0.374 -0.6500240637741401 
-0.372 -0.6365721812583633 
-0.37 -0.6231429111619223 
-0.368 -0.6097366932930415 
-0.366 -0.5963539687294461 
-0.364 -0.5829951797920854 
-0.362 -0.5696607700185199 
-0.36 -0.5563511841359743 
-0.358 -0.5430668680340501 
-0.356 -0.5298082687371084 
-0.354 -0.5165758343763212 
-0.352 -0.5033700141613825 
-0.35 -0.490191258351896 
-0.348 -0.47704001822843695 
-0.346 -0.4639167460632721 
-0.344 -0.4508218950907709 
-0.34199999999999997 -0.4377559194774782 
-0.33999999999999997 -0.42471927429187056 
-0.33799999999999997 -0.4117124154737923 
-0.33599999999999997 -0.3987357998035659 
-0.33399999999999996 -0.38578988487079185 
-0.33199999999999996 -0.37287512904283104 
-0.32999999999999996 -0.3599919914329672 
-0.32799999999999996 -0.34714093186826994 
-0.32599999999999996 -0.33432241085714026 
-0.32399999999999995 -0.3215368895565534 
-0.32199999999999995 -0.3087848297389942 
-0.31999999999999995 -0.2960666937590894 
-0.31799999999999995 -0.28338294451995255 
-0.31599999999999995 -0.27073404543921853 
-0.31399999999999995 -0.2581204604147886 
-0.31199999999999994 -0.24554265379029108 
-0.30999999999999994 -0.23300109032024535 
-0.30799999999999994 -0.22049623513494798 
-0.30599999999999994 -0.2080285537050694 
-0.30399999999999994 -0.19559851180598253 
-0.30199999999999994 -0.18320657548180885 
-0.29999999999999993 -0.17085321100919296 
-0.29799999999999993 -0.1585388848608078 
-0.29600000000000004 -0.14626406366860636 
-0.29400000000000004 -0.13402921418679226 
-0.29200000000000004 -0.12183480325455383 
-0.29000000000000004 -0.10968129775852466 
-0.28800000000000003 -0.09756916459501472 
-0.28600000000000003 -0.08549887063197766 
-0.28400000000000003 -0.07347088267074622 
-0.28200000000000003 -0.06148566740752874 
-0.28 -0.04954369139467 
-0.278 -0.03764542100168392 
-0.276 -0.02579132237606617 
-0.274 -0.013981861403874777 
-0.272 -0.0022175036701096752 
-0.27 0.009501285581129575 
-0.268 0.02117404148668729 
-0.266 0.03280029960459754 
-0.264 0.04437959595452636 
-0.262 0.055911467058409006 
-0.26 0.06739544998126501 
-0.258 0.0788310823722079 
-0.256 0.09021790250561687 
-0.254 0.10155544932248793 
-0.252 0.11284326247195049 
-0.25 0.12408088235294298 
-0.248 0.13526785015603787 
-0.246 0.14640370790542295 
-0.244 0.15748799850102344 
-0.242 0.16852026576075976 
-0.24 0.1795000544629394 
-0.238 0.19042691038877527 
-0.236 0.20130038036501824 
-0.23399999999999999 0.21212001230671346 
-0.23199999999999998 0.22288535526005518 
-0.22999999999999998 0.23359595944534575 
-0.22799999999999998 0.24425137630005278 
-0.22599999999999998 0.254851158521959 
-0.22399999999999998 0.26539486011237967 
-0.22199999999999998 0.27588203641947207 
-0.21999999999999997 0.286312244181612 
-0.21799999999999997 0.29668504157082126 
-0.21599999999999997 0.3069999882362733 
-0.21399999999999997 0.31725664534782627 
-0.21199999999999997 0.3274545756396188 
-0.20999999999999996 0.33759334345369 
-0.20799999999999996 0.3476725147836296 
-0.20599999999999996 0.3576916573182626 
-0.20399999999999996 0.3676503404853333 
-0.20199999999999996 0.3775481354952153 
-0.19999999999999996 0.3873846153846081 
-0.19799999999999995 0.3971593550602422 
-0.19599999999999995 0.4068719313425594 
-0.19399999999999995 0.4165219230093848 
-0.19199999999999995 0.4261089108395681 
-0.18999999999999995 0.43563247765658625 
-0.18799999999999994 0.44509220837211516 
-0.18599999999999994 0.454487690029549 
-0.18399999999999994 0.4638185118474556 
-0.18199999999999994 0.4730842652629829 
-0.17999999999999994 0.48228454397518933 
-0.17799999999999994 0.4914189439882923 
-0.17599999999999993 0.5004870636548362 
-0.17399999999999993 0.5094885037187709 
-0.17199999999999993 0.518422867358421 
-0.16999999999999993 0.5272897602293559 
-0.16799999999999993 0.5360887905071426 
-0.16600000000000004 0.5448195689299735 
-0.16400000000000003 0.5534817088411677 
-0.16200000000000003 0.5620748262315319 
-0.16000000000000003 0.5705985397815769 
-0.15800000000000003 0.5790524709035809 
-0.15600000000000003 0.5874362437834949 
-0.15400000000000003 0.5957494854226779 
-0.15200000000000002 0.6039918256794581 
-0.15000000000000002 0.6121628973105021 
-0.14800000000000002 0.6202623360120141 
-0.14600000000000002 0.6282897804607138 
-0.14400000000000002 0.6362448723546213 
-0.14200000000000002 0.6441272564536294 
-0.14 0.6519365806198444 
-0.138 0.6596724958577125 
-0.136 0.6673346563538982 
-0.134 0.6749227195169268 
-0.132 0.6824363460165739 
-0.13 0.689875199822992 
-0.128 0.697238948245578 
-0.126 0.7045272619715661 
-0.124 0.7117398151043355 
-0.122 0.7188762852014351 
-0.12 0.7259363533123092 
-0.118 0.7329197040157246 
-0.11599999999999999 0.7398260254568859 
-0.11399999999999999 0.7466550093842291 
-0.11199999999999999 0.7534063511859036 
-0.10999999999999999 0.7600797499259087 
-0.10799999999999998 0.7666749083799024 
-0.10599999999999998 0.7731915330706569 
-0.10399999999999998 0.7796293343031689 
-0.10199999999999998 0.7859880261994052 
-0.09999999999999998 0.7922673267326905 
-0.09799999999999998 0.7984669577617065 
-0.09599999999999997 0.8045866450641314 
-0.09399999999999997 0.8106261183698782 
-0.09199999999999997 0.8165851113939482 
-0.08999999999999997 0.8224633618688811 
-0.08799999999999997 0.8282606115768002 
-0.08599999999999997 0.8339766063810492 
-0.08399999999999996 0.8396110962574026 
-0.08199999999999996 0.8451638353248629 
-0.07999999999999996 0.8506345818760122 
-0.07799999999999996 0.8560230984069426 
-0.07599999999999996 0.8613291516467306 
-0.07399999999999995 0.8665525125864696 
-0.07199999999999995 0.8716929565078478 
-0.06999999999999995 0.8767502630112608 
-0.06799999999999995 0.8817242160434616 
-0.06599999999999995 0.8866146039247425 
-0.06399999999999995 0.8914212193756265 
-0.061999999999999944 0.8961438595430962 
-0.05999999999999994 0.9007823260263158 
-0.05799999999999994 0.9053364249018718 
-0.05599999999999994 0.9098059667485093 
-0.05399999999999994 0.9141907666713696 
-0.051999999999999935 0.918490644325717 
-0.04999999999999993 0.9227054239401541 
-0.04799999999999993 0.9268349343393169 
-0.04599999999999993 0.9308790089660531 
-0.04399999999999993 0.9348374859030681 
-0.041999999999999926 0.9387102078940417 
-0.040000000000000036 0.9424970223642147 
-0.038000000000000034 0.946197781440428 
-0.03600000000000003 0.9498123419706247 
-0.03400000000000003 0.9533405655428021 
-0.03200000000000003 0.9567823185034129 
-0.030000000000000027 0.9601374719752136 
-0.028000000000000025 0.963405901874553 
-0.026000000000000023 0.9665874889280983 
-0.02400000000000002 0.9696821186889992 
-0.02200000000000002 0.9726896815524848 
-0.020000000000000018 0.9756100727708782 
-0.018000000000000016 0.9784431924680593 
-0.016000000000000014 0.9811889456533234 
-0.014000000000000012 0.9838472422346836 
-0.01200000000000001 0.9864179970315805 
-0.010000000000000009 0.9889011297870064 
-0.008000000000000007 0.9912965651790457 
-0.006000000000000005 0.9936042328318268 
-0.0040000000000000036 0.9958240673258839 
-0.0020000000000000018 0.9979560082079206 
0.0 0.9999999999999859 
0.0020000000000000018 1.0019559922080497 
0.0040000000000000036 1.003823939329982 
0.006000000000000005 1.0056038008629333 
0.008000000000000007 1.0072955413101117 
0.010000000000000009 1.0088991301869703 
0.01200000000000001 1.0104145420267705 
0.014000000000000012 1.0118417563855628 
0.016000000000000014 1.0131807578465593 
0.018000000000000016 1.0144315360238894 
0.020000000000000018 1.015594085565768 
0.02200000000000002 1.016668406157049 
0.02400000000000002 1.0176545025211698 
0.026000000000000023 1.018552384421506 
0.028000000000000025 1.019362066662106 
0.030000000000000027 1.0200835690878232 
0.03200000000000003 1.020716916583853 
0.03400000000000003 1.0212621390746583 
0.03600000000000003 1.0217192715222887 
0.038000000000000034 1.0220883539241106 
0.040000000000000036 1.022369431309913 
0.04200000000000004 1.0225625537384477 
0.04400000000000004 1.0226677762933318 
0.04600000000000004 1.0226851590783792 
0.04800000000000004 1.0226147672123254 
0.050000000000000044 1.0224566708229583 
0.052000000000000046 1.0222109450406593 
0.05400000000000005 1.0218776699913474 
0.05600000000000005 1.0214569307888415 
0.05800000000000005 1.0209488175266275 
0.06000000000000005 1.020353425269051 
0.062000000000000055 1.019670854041916 
0.06400000000000006 1.0189012088225087 
0.06600000000000006 1.0180445995290501 
0.06800000000000006 1.0171011410095632 
0.07000000000000006 1.0160709530301753 
0.07200000000000006 1.014954160262852 
0.07400000000000007 1.0137508922725622 
0.07600000000000007 1.0124612835038804 
0.07800000000000007 1.0110854732670345 
0.08000000000000007 1.0096236057233925 
0.08200000000000007 1.0080758298704051 
0.08400000000000007 1.0064422995259896 
0.08600000000000008 1.0047231733123774 
0.08800000000000008 1.0029186146394193 
0.09000000000000008 1.0010287916873515 
0.09200000000000008 0.9990538773890288 
0.09400000000000008 0.9969940494116389 
0.09600000000000009 0.9948494901378804 
0.09800000000000009 0.9926203866466279 
0.10000000000000009 0.9903069306930817 
0.10200000000000009 0.9879093186884085 
0.10400000000000009 0.9854277516788753 
0.1060000000000001 0.9828624353244785 
0.1080000000000001 0.9802135798770873 
0.1100000000000001 0.9774814001580916 
0.1120000000000001 0.9746661155355566 
0.1140000000000001 0.9717679499009132 
0.1160000000000001 0.9687871316451585 
0.1180000000000001 0.965723893634598 
0.1200000000000001 0.9625784731861161 
0.12200000000000011 0.9593511120419939 
0.12400000000000011 0.9560420563442673 
0.1260000000000001 0.9526515566086485 
0.1280000000000001 0.9491798676979945 
0.13000000000000012 0.9456272487953469 
0.13200000000000012 0.9419939633765461 
0.13400000000000012 0.9382802791824104 
0.13600000000000012 0.9344864681905085 
0.13800000000000012 0.9306128065865175 
0.14000000000000012 0.9266595747351721 
0.14200000000000013 0.9226270571508236 
0.14400000000000013 0.918515542467596 
0.14600000000000013 0.9143253234091654 
0.14800000000000013 0.9100566967581565 
0.15000000000000013 0.9057099633251621 
0.15200000000000014 0.9012854279174062 
0.15399999999999991 0.896783399307036 
0.15599999999999992 0.8922041901990692 
0.15799999999999992 0.8875481171989907 
0.15999999999999992 0.8828155007800095 
0.16199999999999992 0.878006665249989 
0.16399999999999992 0.8731219387180414 
0.16599999999999993 0.868161653060811 
0.16799999999999993 0.8631261438884397 
0.16999999999999993 0.8580157505102337 
0.17199999999999993 0.8528308159000263 
0.17399999999999993 0.847571686661249 
0.17599999999999993 0.8422387129917268 
0.17799999999999994 0.836832248648182 
0.17999999999999994 0.8313526509104849 
0.18199999999999994 0.825800280545624 
0.18399999999999994 0.8201755017714364 
0.18599999999999994 0.8144786822200781 
0.18799999999999994 0.8087101929012548 
0.18999999999999995 0.8028704081652251 
0.19199999999999995 0.7969597056655678 
0.19399999999999995 0.7909784663217325 
0.19599999999999995 0.7849270742813766 
0.19799999999999995 0.778805916882502 
0.19999999999999996 0.7726153846153817 
0.20199999999999996 0.7663558710843064 
0.20399999999999996 0.7600277729691395 
0.20599999999999996 0.7536314899867008 
0.20799999999999996 0.7471674248519743 
0.20999999999999996 0.7406359832391559 
0.21199999999999997 0.7340375737425505 
0.21399999999999997 0.7273726078373112 
0.21599999999999997 0.7206414998400447 
0.21799999999999997 0.7138446668692785 
0.21999999999999997 0.7069825288058066 
0.22199999999999998 0.7000555082529036 
0.22399999999999998 0.6930640304964434 
0.22599999999999998 0.686008523464892 
0.22799999999999998 0.6788894176892214 
0.22999999999999998 0.6717071462627121 
0.23199999999999998 0.6644621448006893 
0.23399999999999999 0.6571548514001667 
0.236 0.6497857065994245 
0.238 0.642355153337527 
0.24 0.6348636369137756 
0.242 0.6273116049471182 
0.244 0.6196995073355059 
0.246 0.6120277962152241 
0.248 0.6042969259201807 
0.25 0.5965073529411831 
0.252 0.5886595358851858 
0.254 0.580753935434535 
0.256 0.5727910143062082 
0.258 0.5647712372110548 
0.26 0.5566950708130407 
0.262 0.548562983688518 
0.264 0.5403754462855096 
0.266 0.5321329308830157 
0.268 0.5238359115503713 
0.27 0.5154848641066242 
0.272 0.5070802660799666 
0.274 0.49862259666722974 
0.276 0.49011233669341187 
0.278 0.4815499685712957 
0.28 0.4729359762611191 
0.28200000000000003 0.46427084523032564 
0.28400000000000003 0.4555550624133978 
0.28600000000000003 0.44678911617177736 
0.28800000000000003 0.4379734962538741 
0.29000000000000004 0.42910869375517563 
0.29200000000000004 0.4201952010784633 
0.29400000000000004 0.4112335118941279 
0.29600000000000004 0.40222412110060896 
0.29800000000000004 0.393167524784949 
0.30000000000000004 0.384064220183471 
0.30200000000000005 0.3749147056425891 
0.30400000000000005 0.3657194805797496 
0.30600000000000005 0.35647904544451625 
0.30800000000000005 0.34719390167979863 
0.31000000000000005 0.3378645516832261 
0.31200000000000006 0.32849149876867795 
0.31400000000000006 0.3190752471279782 
0.31600000000000006 0.3096163017927447 
0.31800000000000006 0.30011516859641074 
0.32000000000000006 0.2905723541364173 
0.32200000000000006 0.28098836573658686 
0.32400000000000007 0.27136371140967075 
0.32600000000000007 0.26169889982008615 
0.32800000000000007 0.2519944402468418 
0.33000000000000007 0.24225084254665968 
0.3320000000000001 0.2324686171172882 
0.3340000000000001 0.22264827486102182 
0.3360000000000001 0.21279032714842278 
0.3380000000000001 0.20289528578225605 
0.3400000000000001 0.19296366296163317 
0.3420000000000001 0.18299597124637035 
0.3440000000000001 0.1729927235215754 
0.3460000000000001 0.1629544329624453 
0.3480000000000001 0.1528816129993033 
0.3500000000000001 0.14277477728285515 
0.3520000000000001 0.1326344396496831 
0.3540000000000001 0.12246111408798184 
0.3560000000000001 0.11225531470351921 
0.3580000000000001 0.10201755568585474 
0.3600000000000001 0.09174835127479587 
0.3620000000000001 0.081448215727101 
0.3640000000000001 0.07111766328343432 
0.3660000000000001 0.06075720813557905 
0.3680000000000001 0.05036736439390146 
0.3700000000000001 0.039948646055074116 
0.3720000000000001 0.029501566970061014 
0.3740000000000001 0.019026640812367338 
0.3760000000000001 0.00852438104655361 
0.3780000000000001 -0.0020046991029864687 
0.3800000000000001 -0.012560086682965611 
0.3820000000000001 -0.023141269041885848 
0.3840000000000001 -0.03374773386043733 
0.3860000000000001 -0.04437896918162494 
0.3880000000000001 -0.05503446344061531 
0.3900000000000001 -0.06571370549430403 
0.3920000000000001 -0.07641618465060585 
0.39400000000000013 -0.08714139069745523 
0.39600000000000013 -0.09788881393152794 
0.39800000000000013 -0.10865794518667346 
0.40000000000000013 -0.11944827586206287 
0.40200000000000014 -0.1302592979500432 
0.40400000000000014 -0.14109050406370938 
0.40600000000000014 -0.15194138746417596 
0.4079999999999999 -0.16281144208756532 
0.4099999999999999 -0.1737001625716968 
0.4119999999999999 -0.1846070442824826 
0.4139999999999999 -0.19553158334003043 
0.4159999999999999 -0.20647327664444617 
0.4179999999999999 -0.21743162190134654 
0.41999999999999993 -0.2284061176470639 
0.42199999999999993 -0.23939626327356586 
0.42399999999999993 -0.25040155905306205 
0.42599999999999993 -0.2614215061623211 
0.42799999999999994 -0.27245560670668656 
0.42999999999999994 -0.2835033637437867 
0.43199999999999994 -0.2945642813069534 
0.43399999999999994 -0.30563786442832835 
0.43599999999999994 -0.3167236191616804 
0.43799999999999994 -0.32782105260491234 
0.43999999999999995 -0.3389296729222668 
0.44199999999999995 -0.35004898936624024 
0.44399999999999995 -0.361178512299182 
0.44599999999999995 -0.37231775321460603 
0.44799999999999995 -0.38346622475818376 
0.44999999999999996 -0.39462344074845657 
0.45199999999999996 -0.4057889161972282 
0.45399999999999996 -0.416962167329671 
0.45599999999999996 -0.4281427116041256 
0.45799999999999996 -0.43933006773159783 
0.45999999999999996 -0.4505237556949623 
0.46199999999999997 -0.46172329676786306 
0.46399999999999997 -0.4729282135333208 
0.46599999999999997 -0.4841380299020314 
0.46799999999999997 -0.49535227113038305 
0.47 -0.5065704638381604 
0.472 -0.517792136025968 
0.474 -0.5290168170923437 
0.476 -0.540244037850594 
0.478 -0.5514733305453197 
0.48 -0.5627042288686629 
0.482 -0.5739362679762529 
0.484 -0.5851689845028699 
0.486 -0.5964019165778084 
0.488 -0.6076346038399623 
0.49 -0.618866587452619 
0.492 -0.6300974101179643 
0.494 -0.6413266160913076 
0.496 -0.6525537511950177 
0.498 -0.6637783628321853 
0.5 -0.6749999999999868 
0.502 -0.6862182133027936 
0.504 -0.6974325549649744 
0.506 -0.7086425788434446 
0.508 -0.7198478404399236 
0.51 -0.731047896912926 
0.512 -0.7422423070894807 
0.514 -0.7534306314765695 
0.516 -0.7646124322723056 
0.518 -0.7757872733768413 
0.52 -0.7869547204030038 
0.522 -0.7981143406866762 
0.524 -0.8092657032969026 
0.526 -0.8204083790457417 
0.528 -0.8315419404978553 
0.53 -0.842665961979841 
0.532 -0.8537800195893043 
0.534 -0.8648836912036799 
0.536 -0.875976556488799 
0.538 -0.8870581969072051 
0.54 -0.8981281957262183 
0.542 -0.9091861380257554 
0.544 -0.920231610705901 
0.546 -0.9312642024942397 
0.548 -0.9422835039529383 
0.55 -0.9532891074855984 
0.552 -0.9642806073438582 
0.554 -0.9752575996337729 
0.556 -0.9862196823219443 
0.558 -0.9971664552414365 
0.56 -1.0080975200974427 
0.562 -1.0190124804727392 
0.5640000000000001 -1.0299109418329013 
0.5660000000000001 -1.040792511531307 
0.5680000000000001 -1.0516567988139027 
0.5700000000000001 -1.062503414823767 
0.5720000000000001 -1.0733319726054402 
0.5740000000000001 -1.084142087109047 
0.5760000000000001 -1.0949333751942034 
0.5780000000000001 -1.1057054556337116 
0.5800000000000001 -1.1164579491170412 
0.5820000000000001 -1.1271904782536075 
0.5840000000000001 -1.137902667575844 
0.5860000000000001 -1.1485941435420668 
0.5880000000000001 -1.1592645345391441 
0.5900000000000001 -1.1699134708849603 
0.5920000000000001 -1.1805405848306825 
0.5940000000000001 -1.191145510562839 
0.5960000000000001 -1.2017278842052028 
0.5980000000000001 -1.2122873438204689 
0.6000000000000001 -1.2228235294117735 
0.6020000000000001 -1.2333360829239932 
0.6040000000000001 -1.243824648244881 
0.6060000000000001 -1.2542888712060187 
0.6080000000000001 -1.2647283995835756 
0.6100000000000001 -1.2751428830989036 
0.6120000000000001 -1.2855319734189459 
0.6140000000000001 -1.2958953241564812 
0.6160000000000001 -1.3062325908701882 
0.6180000000000001 -1.316543431064539 
0.6200000000000001 -1.3268275041895397 
0.6220000000000001 -1.3370844716402854 
0.6240000000000001 -1.347313996756365 
0.6260000000000001 -1.357515744821104 
0.6280000000000001 -1.3676893830606387 
0.6300000000000001 -1.377834580642847 
0.6320000000000001 -1.3879510086761127 
0.6340000000000001 -1.3980383402079437 
0.6360000000000001 -1.408096250223436 
0.6380000000000001 -1.418124415643593 
0.6400000000000001 -1.428122515323489 
0.6420000000000001 -1.438090230050305 
0.6440000000000001 -1.4480272425412004 
0.6460000000000001 -1.457933237441062 
0.6480000000000001 -1.4678079013201075 
0.6500000000000001 -1.4776509226713483 
0.6520000000000001 -1.487461991907933 
0.6540000000000001 -1.4972408013603347 
0.6560000000000001 -1.5069870452734337 
0.6580000000000001 -1.5167004198034506 
0.6600000000000001 -1.5263806230147678 
0.6620000000000001 -1.5360273548766221 
0.6640000000000001 -1.5456403172596642 
0.6659999999999999 -1.5552192139324212 
0.6679999999999999 -1.5647637505576173 
0.6699999999999999 -1.574273634688391 
0.6719999999999999 -1.5837485757643923 
0.6739999999999999 -1.5931882851077712 
0.6759999999999999 -1.602592475919054 
0.6779999999999999 -1.6119608632729074 
0.6799999999999999 -1.6212931641137993 
0.6819999999999999 -1.6305890972515562 
0.6839999999999999 -1.639848383356814 
0.6859999999999999 -1.6490707449563635 
0.688 -1.6582559064284081 
0.69 -1.6674035939977154 
0.692 -1.676513535730666 
0.694 -1.68558546153023 
0.696 -1.6946191031308282 
0.698 -1.7036141940931169 
0.7 -1.7125704697986757 
0.702 -1.7214876674446167 
0.704 -1.7303655260381003 
0.706 -1.739203786390775 
0.708 -1.748002191113124 
0.71 -1.7567604846087481 
0.712 -1.7654784130685568 
0.714 -1.7741557244648871 
0.716 -1.7827921685455475 
0.718 -1.7913874968277894 
0.72 -1.7999414625922041 
0.722 -1.8084538208765537 
0.724 -1.8169243284695276 
0.726 -1.8253527439044381 
0.728 -1.8337388274528483 
0.73 -1.842082341118131 
0.732 -1.8503830486289743 
0.734 -1.8586407154328237 
0.736 -1.8668551086892584 
0.738 -1.8750259972633168 
0.74 -1.883153151718767 
0.742 -1.8912363443113147 
0.744 -1.8992753489817638 
0.746 -1.9072699413491285 
0.748 -1.9152198987036815 
0.75 -1.9231249999999698 
0.752 -1.9309850258497712 
0.754 -1.9387997585150099 
0.756 -1.9465689819006218 
0.758 -1.9542924815473905 
0.76 -1.9619700446247186 
0.762 -1.9696014599233762 
0.764 -1.9771865178482075 
0.766 -1.9847250104107923 
0.768 -1.9922167312220713 
0.77 -1.999661475484946 
0.772 -2.0070590399868324 
0.774 -2.014409223092185 
0.776 -2.0217118247349917 
0.778 -2.028966646411242 
0.78 -2.0361734911713496 
0.782 -2.043332163612563 
0.784 -2.0504424698713466 
0.786 -2.0575042176157194 
0.788 -2.0645172160376024 
0.79 -2.0714812758451018 
0.792 -2.0783962092548003 
0.794 -2.0852618299840144 
0.796 -2.0920779532430327 
0.798 -2.098844395727334 
0.8 -2.105560975609791 
0.802 -2.1122275125328476 
0.804 -2.1188438276007022 
0.806 -2.1254097433714385 
0.808 -2.1319250838491817 
0.81 -2.1383896744762185 
0.812 -2.144803342125098 
0.8140000000000001 -2.1511659150907594 
0.8160000000000001 -2.157477223082598 
0.8180000000000001 -2.1637370972165573 
0.8200000000000001 -2.1699453700072064 
0.8220000000000001 -2.176101875359801 
0.8240000000000001 -2.1822064485623476 
0.8260000000000001 -2.188258926277648 
0.8280000000000001 -2.1942591465353614 
0.8300000000000001 -2.2002069487240328 
0.8320000000000001 -2.206102173583154 
0.8340000000000001 -2.2119446631951876 
0.8360000000000001 -2.217734260977611 
0.8380000000000001 -2.223470811674953 
0.8400000000000001 -2.22915416135083 
0.8420000000000001 -2.234784157379991 
0.8440000000000001 -2.240360648440339 
0.8460000000000001 -2.245883484504998 
0.8480000000000001 -2.2513525168343387 
0.8500000000000001 -2.2567675979680355 
0.8520000000000001 -2.2621285817171235 
0.8540000000000001 -2.2674353231560374 
0.8560000000000001 -2.2726876786147203 
0.8580000000000001 -2.277885505670641 
0.8600000000000001 -2.283028663140913 
0.8620000000000001 -2.288117011074361 
0.8640000000000001 -2.293150410743631 
0.8660000000000001 -2.298128724637282 
0.8680000000000001 -2.303051816451909 
0.8700000000000001 -2.3079195510842663 
0.8720000000000001 -2.312731794623401 
0.8740000000000001 -2.317488414342808 
0.8760000000000001 -2.3221892786925884 
0.8780000000000001 -2.3268342572916185 
0.8800000000000001 -2.33142322091974 
0.8820000000000001 -2.3359560415099656 
0.8840000000000001 -2.3404325921406888 
0.8860000000000001 -2.344852747027913 
0.8880000000000001 -2.3492163815175116 
0.8900000000000001 -2.3535233720774684 
0.8920000000000001 -2.3577735962901767 
0.8940000000000001 -2.3619669328447297 
0.8960000000000001 -2.3661032615292252 
0.8980000000000001 -2.370182463223112 
0.9000000000000001 -2.3742044198895327 
0.9020000000000001 -2.378169014567691 
0.9040000000000001 -2.3820761313652468 
0.9060000000000001 -2.385925655450724 
0.9080000000000001 -2.389717473045935 
0.9100000000000001 -2.3934514714184347 
0.9120000000000001 -2.3971275388739923 
0.9140000000000001 -2.4007455647490796 
0.9160000000000001 -2.4043054394033936 
0.9180000000000001 -2.4078070542123764 
0.9199999999999999 -2.411250301559795 
0.9219999999999999 -2.414635074830313 
0.9239999999999999 -2.4179612684020975 
0.9259999999999999 -2.4212287776394454 
0.9279999999999999 -2.4244374988854465 
0.9299999999999999 -2.427587329454648 
0.9319999999999999 -2.4306781676257723 
0.9339999999999999 -2.43370991263443 
0.9359999999999999 -2.4366824646658807 
0.938 -2.439595724847811 
0.94 -2.4424495952431418 
0.942 -2.44524397884285 
0.944 -2.4479787795588326 
0.946 -2.45065390221679 
0.948 -2.4532692525491315 
0.95 -2.4558247371879216 
0.952 -2.458320263657841 
0.954 -2.4607557403691778 
0.956 -2.463131076610852 
0.958 -2.4654461825434595 
0.96 -2.467700969192362 
0.962 -2.4698953484407786 
0.964 -2.47202923302293 
0.966 -2.474102536517198 
0.968 -2.4761151733393256 
0.97 -2.478067058735633 
0.972 -2.4799581087762665 
0.974 -2.4817882403484925 
0.976 -2.483557371149994 
0.978 -2.4852654196822317 
0.98 -2.4869123052437976 
0.982 -2.4884979479238223 
0.984 -2.4900222685954154 
0.986 -2.49148518890912 
0.988 -2.492886631286411 
0.99 -2.494226518913216 
0.992 -2.4955047757334707 
0.994 -2.4967213264427204 
0.996 -2.497876096481711 
0.998 -2.4989690120300585 
